           1   10.443163255811900     
           2   5.0146569680529236     
           3   4.7633875952262015     
           4   4.7633875952262015     
           5   4.7633875952262015     
           6   3.8989024092905789     
           7   3.8989024092905789     
           8   3.6466663991227337     
           9   2.8291683406788461     
          10   1.0000000000000000     
          11   1.0000000000000000     
          12   1.0000000000000000     
          13   1.0000000000000000     
          14   1.0000000000000000     
          15   1.0000000000000000     
          16   1.0000000000000000     
          17   1.0000000000000000     
          18   1.0000000000000000     
          19   1.0000000000000000     
          20   1.0000000000000000     
          21   1.0000000000000000     
          22   1.0000000000000000     
          23   1.0000000000000000     
          24   1.0000000000000000     
          25   1.0000000000000000     
          26   1.0000000000000000     
          27   1.0000000000000000     
          28   1.0000000000000000     
          29   1.0000000000000000     
          30   1.0000000000000000     
          31   1.0000000000000000     
          32   1.0000000000000000     
          33   1.0000000000000000     
          34   1.0000000000000000     
          35   1.0000000000000000     
          36   1.0000000000000000     
          37   1.0000000000000000     
          38   1.0000000000000000     
          39   1.0000000000000000     
          40   1.0000000000000000     
          41   1.0000000000000000     
          42   1.0000000000000000     
          43   1.0000000000000000     
          44   1.0000000000000000     
          45   1.0000000000000000     
          46   1.0000000000000000     
          47   1.0000000000000000     
          48   1.0000000000000000     
          49   1.0000000000000000     
          50   1.0000000000000000     
          51   1.0000000000000000     
          52   1.0000000000000000     
          53   1.0000000000000000     
          54   1.0000000000000000     
          55   1.0000000000000000     
          56   1.0000000000000000     
          57   1.0000000000000000     
          58   1.0000000000000000     
          59   1.0000000000000000     
          60   1.0000000000000000     
          61   1.0000000000000000     
          62   1.0000000000000000     
          63   1.0000000000000000     
          64   1.0000000000000000     
          65   1.0000000000000000     
          66   1.0000000000000000     
          67   1.0000000000000000     
          68   1.0000000000000000     
          69   1.0000000000000000     
          70   1.0000000000000000     
          71   1.0000000000000000     
          72   1.0000000000000000     
          73   1.0000000000000000     
          74   1.0000000000000000     
          75   1.0000000000000000     
          76   1.0000000000000000     
          77   1.0000000000000000     
          78   1.0000000000000000     
          79   1.0000000000000000     
          80   1.0000000000000000     
          81   1.0000000000000000     
          82   1.0000000000000000     
          83   1.0000000000000000     
          84   1.0000000000000000     
          85   1.0000000000000000     
          86   1.0000000000000000     
          87   1.0000000000000000     
          88   1.0000000000000000     
          89   1.0000000000000000     
          90   1.0000000000000000     
          91   1.0000000000000000     
          92   1.0000000000000000     
          93   1.0000000000000000     
          94   1.0000000000000000     
          95   1.0000000000000000     
          96   1.0000000000000000     
          97   1.0000000000000000     
          98   1.0000000000000000     
          99   1.0000000000000000     
         100   1.0000000000000000     
         101   1.0000000000000000     
         102   1.0000000000000000     
         103   1.0000000000000000     
         104   1.0000000000000000     
         105   1.0000000000000000     
         106   1.0000000000000000     
         107   1.0000000000000000     
         108   1.0000000000000000     
         109   1.0000000000000000     
         110   1.0000000000000000     
         111   1.0000000000000000     
         112   1.0000000000000000     
         113   1.0000000000000000     
         114   1.0000000000000000     
         115   1.0000000000000000     
         116   1.0000000000000000     
         117   1.0000000000000000     
         118   1.0000000000000000     
         119   1.0000000000000000     
         120   1.0000000000000000     
         121   1.0000000000000000     
         122   1.0000000000000000     
         123   1.0000000000000000     
         124   1.0000000000000000     
         125   1.0000000000000000     
         126   1.0000000000000000     
         127   1.0000000000000000     
         128   1.0000000000000000     
         129   1.0000000000000000     
         130   1.0000000000000000     
         131   1.0000000000000000     
         132   1.0000000000000000     
         133   1.0000000000000000     
         134   1.0000000000000000     
         135   1.0000000000000000     
         136   1.0000000000000000     
         137   1.0000000000000000     
         138   1.0000000000000000     
         139   1.0000000000000000     
         140   1.0000000000000000     
         141   1.0000000000000000     
         142   1.0000000000000000     
         143   1.0000000000000000     
         144   1.0000000000000000     
         145   1.0000000000000000     
         146   1.0000000000000000     
         147   1.0000000000000000     
         148   1.0000000000000000     
         149   1.0000000000000000     
         150   1.0000000000000000     
         151   1.0000000000000000     
         152   1.0000000000000000     
         153   1.0000000000000000     
         154   1.0000000000000000     
         155   1.0000000000000000     
         156   1.0000000000000000     
         157   1.0000000000000000     
         158   1.0000000000000000     
         159   1.0000000000000000     
         160   1.0000000000000000     
         161   1.0000000000000000     
         162   1.0000000000000000     
         163   1.0000000000000000     
         164   1.0000000000000000     
         165   1.0000000000000000     
         166   1.0000000000000000     
         167   1.0000000000000000     
         168   1.0000000000000000     
         169   1.0000000000000000     
         170   1.0000000000000000     
         171   1.0000000000000000     
         172   1.0000000000000000     
         173   1.0000000000000000     
         174   1.0000000000000000     
         175   1.0000000000000000     
         176   1.0000000000000000     
         177   1.0000000000000000     
         178   1.0000000000000000     
         179   1.0000000000000000     
         180   1.0000000000000000     
         181   1.0000000000000000     
         182   1.0000000000000000     
         183   1.0000000000000000     
         184   1.0000000000000000     
         185   1.0000000000000000     
         186   1.0000000000000000     
         187   1.0000000000000000     
         188   1.0000000000000000     
         189   1.0000000000000000     
         190   1.0000000000000000     
         191   1.0000000000000000     
         192   1.0000000000000000     
         193   1.0000000000000000     
         194   1.0000000000000000     
         195   1.0000000000000000     
         196   1.0000000000000000     
         197   1.0000000000000000     
         198   1.0000000000000000     
         199   1.0000000000000000     
         200   1.0000000000000000     
         201   1.0000000000000000     
         202   1.0000000000000000     
         203   1.0000000000000000     
         204   1.0000000000000000     
         205   1.0000000000000000     
         206   1.0000000000000000     
         207   1.0000000000000000     
         208   1.0000000000000000     
         209   1.0000000000000000     
         210   1.0000000000000000     
         211   1.0000000000000000     
         212   1.0000000000000000     
         213   1.0000000000000000     
         214   1.0000000000000000     
         215   1.0000000000000000     
         216   1.0000000000000000     
         217   1.0000000000000000     
         218   1.0000000000000000     
         219   1.0000000000000000     
         220   1.0000000000000000     
         221   1.0000000000000000     
         222   1.0000000000000000     
         223   1.0000000000000000     
         224   1.0000000000000000     
         225   1.0000000000000000     
         226   1.0000000000000000     
         227   1.0000000000000000     
         228   1.0000000000000000     
         229   1.0000000000000000     
         230   1.0000000000000000     
         231   1.0000000000000000     
         232   1.0000000000000000     
         233   1.0000000000000000     
         234   1.0000000000000000     
         235   1.0000000000000000     
         236   1.0000000000000000     
         237   1.0000000000000000     
         238   1.0000000000000000     
         239   1.0000000000000000     
         240   1.0000000000000000     
         241   1.0000000000000000     
         242   1.0000000000000000     
         243   1.0000000000000000     
         244   1.0000000000000000     
         245   1.0000000000000000     
         246   1.0000000000000000     
         247   1.0000000000000000     
         248   1.0000000000000000     
         249   1.0000000000000000     
         250   1.0000000000000000     
         251   1.0000000000000000     
         252   1.0000000000000000     
         253   1.0000000000000000     
         254   1.0000000000000000     
         255   1.0000000000000000     
         256   1.0000000000000000     
         257   1.0000000000000000     
         258   1.0000000000000000     
         259   1.0000000000000000     
         260   1.0000000000000000     
         261   1.0000000000000000     
         262   1.0000000000000000     
         263   1.0000000000000000     
         264   1.0000000000000000     
         265   1.0000000000000000     
         266   1.0000000000000000     
         267   1.0000000000000000     
         268   1.0000000000000000     
         269   1.0000000000000000     
         270   1.0000000000000000     
         271   1.0000000000000000     
         272   1.0000000000000000     
         273   1.0000000000000000     
         274   1.0000000000000000     
         275   1.0000000000000000     
         276   1.0000000000000000     
         277   1.0000000000000000     
         278   1.0000000000000000     
         279   1.0000000000000000     
         280   1.0000000000000000     
         281   1.0000000000000000     
         282   1.0000000000000000     
         283   1.0000000000000000     
         284   9.9085702572502043E-002
         285   9.9085702572502043E-002
         286   9.9085702572502043E-002
         287   9.9085702572502043E-002
         288   9.9085702572502043E-002
         289   9.9085702572502043E-002
         290   9.9085702572502043E-002
         291   9.9085702572502043E-002
         292   9.9085702572502043E-002
         293   9.9085702572502043E-002
         294   9.9085702572502043E-002
         295   9.9085702572502043E-002
         296   9.9085702572502043E-002
         297   9.9085702572502043E-002
         298   9.9085702572502043E-002
         299   9.9085702572502043E-002
         300   9.9085702572502043E-002
         301   9.9085702572502043E-002
         302   9.9085702572502043E-002
         303   9.9085702572502043E-002
         304   9.9085702572502043E-002
         305   9.9085702572502043E-002
         306   9.9085702572502043E-002
         307   9.9085702572502043E-002
         308   9.9085702572502043E-002
         309   9.9085702572502043E-002
         310   9.9085702572502043E-002
         311   9.9085702572502043E-002
         312   9.9085702572502043E-002
         313   9.9085702572502043E-002
         314   9.9085702572502043E-002
         315   9.9085702572502043E-002
         316   9.9085702572502043E-002
         317   9.9085702572502043E-002
         318   9.9085702572502043E-002
         319   9.9085702572502043E-002
         320   9.9085702572502043E-002
         321   9.9085702572502043E-002
         322   9.9085702572502043E-002
         323   9.9085702572502043E-002
         324   9.9085702572502043E-002
         325   9.9085702572502043E-002
         326   9.9085702572502043E-002
         327   9.9085702572502043E-002
         328   9.9085702572502043E-002
         329   9.9085702572502043E-002
         330   9.9085702572502043E-002
         331   9.9085702572502043E-002
         332   9.9085702572502043E-002
         333   9.9085702572502043E-002
         334   9.9085702572502043E-002
         335   9.9085702572502043E-002
         336   9.9085702572502043E-002
         337   9.9085702572502043E-002
         338   9.9085702572502043E-002
         339   9.9085702572502043E-002
         340   9.9085702572502043E-002
         341   9.9085702572502043E-002
         342   9.9085702572502043E-002
         343   9.9085702572502043E-002
         344   9.9085702572502043E-002
         345   9.9085702572502043E-002
         346   9.9085702572502043E-002
         347   9.9085702572502043E-002
         348   9.9085702572502043E-002
         349   9.9085702572502043E-002
         350   9.9085702572502043E-002
         351   9.9085702572502043E-002
         352   9.9085702572502043E-002
         353   9.9085702572502043E-002
         354   9.9085702572502043E-002
         355   9.9085702572502043E-002
         356   9.9085702572502043E-002
         357   9.9085702572502043E-002
         358   9.9085702572502043E-002
         359   9.9085702572502043E-002
         360   9.9085702572502043E-002
         361   9.9085702572502043E-002
         362   9.9085702572502043E-002
         363   9.9085702572502043E-002
         364   9.9085702572502043E-002
         365   9.9085702572502043E-002
         366   9.9085702572502043E-002
         367   9.9085702572502043E-002
         368   9.9085702572502043E-002
         369   9.9085702572502043E-002
         370   9.9085702572502043E-002
         371   9.9085702572502043E-002
         372   9.9085702572502043E-002
         373   9.9085702572502043E-002
         374   9.9085702572502043E-002
         375   9.9085702572502043E-002
         376   9.9085702572502043E-002
         377   9.9085702572502043E-002
         378   9.9085702572502043E-002
         379   9.9085702572502043E-002
         380   9.9085702572502043E-002
         381   9.9085702572502043E-002
         382   9.9085702572502043E-002
         383   9.9085702572502043E-002
         384   9.9085702572502043E-002
         385   9.9085702572502043E-002
         386   9.9085702572502043E-002
         387   9.9085702572502043E-002
         388   9.9085702572502043E-002
         389   9.9085702572502043E-002
         390   9.9085702572502043E-002
         391   9.9085702572502043E-002
         392   9.9085702572502043E-002
         393   9.9085702572502043E-002
         394   9.9085702572502043E-002
         395   9.9085702572502043E-002
         396   9.9085702572502043E-002
         397   9.9085702572502043E-002
         398   9.9085702572502043E-002
         399   9.9085702572502043E-002
         400   9.9085702572502043E-002
         401   9.9085702572502043E-002
         402   9.9085702572502043E-002
         403   9.9085702572502043E-002
         404   9.9085702572502043E-002
         405   9.9085702572502043E-002
         406   9.9085702572502043E-002
         407   9.9085702572502043E-002
         408   9.9085702572502043E-002
         409   9.9085702572502043E-002
         410   9.9085702572502043E-002
         411   9.9085702572502043E-002
         412   9.9085702572502043E-002
         413   9.9085702572502043E-002
         414   9.9085702572502043E-002
         415   9.9085702572502043E-002
         416   9.9085702572502043E-002
         417   9.9085702572502043E-002
         418   9.9085702572502043E-002
         419   9.9085702572502043E-002
         420   9.9085702572502043E-002
         421   9.9085702572502043E-002
         422   9.9085702572502043E-002
         423   9.9085702572502043E-002
         424   9.9085702572502043E-002
         425   9.9085702572502043E-002
         426   9.9085702572502043E-002
         427   9.9085702572502043E-002
         428   9.9085702572502043E-002
         429   9.9085702572502043E-002
         430   9.9085702572502043E-002
         431   9.9085702572502043E-002
         432   9.9085702572502043E-002
         433   9.9085702572502043E-002
         434   9.9085702572502043E-002
         435   9.9085702572502043E-002
         436   9.9085702572502043E-002
         437   9.9085702572502043E-002
         438   9.9085702572502043E-002
         439   9.9085702572502043E-002
         440   9.9085702572502043E-002
         441   9.9085702572502043E-002
         442   9.9085702572502043E-002
         443   9.9085702572502043E-002
         444   9.9085702572502043E-002
         445   9.9085702572502043E-002
         446   9.9085702572502043E-002
         447   9.9085702572502043E-002
         448   9.9085702572502043E-002
         449   9.9085702572502043E-002
         450   9.9085702572502043E-002
         451   9.9085702572502043E-002
         452   9.9085702572502043E-002
         453   9.9085702572502043E-002
         454   9.9085702572502043E-002
         455   9.9085702572502043E-002
         456   9.9085702572502043E-002
         457   9.9085702572502043E-002
         458   9.9085702572502043E-002
         459   9.9085702572502043E-002
         460   9.9085702572502043E-002
         461   9.9085702572502043E-002
         462   9.9085702572502043E-002
         463   9.9085702572502043E-002
         464   9.9085702572502043E-002
         465   9.9085702572502043E-002
         466   9.9085702572502043E-002
         467   9.9085702572502043E-002
         468   9.9085702572502043E-002
         469   9.9085702572502043E-002
         470   9.9085702572502043E-002
         471   9.9085702572502043E-002
         472   9.9085702572502043E-002
         473   9.9085702572502043E-002
         474   9.9085702572502043E-002
         475   9.9085702572502043E-002
         476   9.9085702572502043E-002
         477   9.9085702572502043E-002
         478   9.9085702572502043E-002
         479   9.9085702572502043E-002
         480   9.9085702572502043E-002
         481   9.9085702572502043E-002
         482   9.9085702572502043E-002
         483   9.9085702572502043E-002
         484   9.9085702572502043E-002
         485   9.9085702572502043E-002
         486   9.9085702572502043E-002
         487   9.9085702572502043E-002
         488   9.9085702572502043E-002
         489   9.9085702572502043E-002
         490   9.9085702572502043E-002
         491   9.9085702572502043E-002
         492   9.9085702572502043E-002
         493   9.9085702572502043E-002
         494   9.9085702572502043E-002
         495   9.9085702572502043E-002
         496   9.9085702572502043E-002
         497   9.9085702572502043E-002
         498   9.9085702572502043E-002
         499   9.9085702572502043E-002
         500   9.9085702572502043E-002
         501   9.9085702572502043E-002
         502   9.9085702572502043E-002
         503   9.9085702572502043E-002
         504   9.9085702572502043E-002
         505   9.9085702572502043E-002
         506   9.9085702572502043E-002
         507   9.9085702572502043E-002
         508   9.9085702572502043E-002
         509   9.9085702572502043E-002
         510   9.9085702572502043E-002
         511   9.9085702572502043E-002
         512   9.9085702572502043E-002
         513   9.9085702572502043E-002
         514   9.9085702572502043E-002
         515   9.9085702572502043E-002
         516   9.9085702572502043E-002
         517   9.9085702572502043E-002
         518   9.9085702572502043E-002
         519   9.9085702572502043E-002
         520   9.9085702572502043E-002
         521   9.9085702572502043E-002
         522   9.9085702572502043E-002
         523   9.9085702572502043E-002
         524   9.9085702572502043E-002
         525   9.9085702572502043E-002
         526   9.9085702572502043E-002
         527   9.9085702572502043E-002
         528   9.9085702572502043E-002
         529   9.9085702572502043E-002
         530   9.9085702572502043E-002
         531   9.9085702572502043E-002
         532   9.9085702572502043E-002
         533   9.9085702572502043E-002
         534   9.9085702572502043E-002
         535   9.9085702572502043E-002
         536   9.9085702572502043E-002
         537   9.9085702572502043E-002
         538   9.9085702572502043E-002
         539   9.9085702572502043E-002
         540   9.9085702572502043E-002
         541   9.9085702572502043E-002
         542   9.9085702572502043E-002
         543   9.9085702572502043E-002
         544   9.9085702572502043E-002
         545   9.9085702572502043E-002
         546   9.9085702572502043E-002
         547   9.9085702572502043E-002
         548   9.9085702572502043E-002
         549   9.9085702572502043E-002
         550   9.9085702572502043E-002
         551   9.9085702572502043E-002
         552   9.9085702572502043E-002
         553   9.9085702572502043E-002
         554   9.9085702572502043E-002
         555   9.9085702572502043E-002
         556   9.9085702572502043E-002
         557   9.9085702572502043E-002
         558   9.9085702572502043E-002
         559   9.9085702572502043E-002
         560   9.9085702572502043E-002
         561   9.9085702572502043E-002
         562   9.9085702572502043E-002
         563   9.9085702572502043E-002
         564   9.9085702572502043E-002
         565   9.9085702572502043E-002
         566   9.9085702572502043E-002
         567   9.9085702572502043E-002
         568   9.9085702572502043E-002
         569   9.9085702572502043E-002
         570   9.9085702572502043E-002
         571   9.9085702572502043E-002
         572   9.9085702572502043E-002
         573   9.9085702572502043E-002
         574   9.9085702572502043E-002
         575   9.9085702572502043E-002
         576   9.9085702572502043E-002
         577   9.9085702572502043E-002
         578   9.9085702572502043E-002
         579   9.9085702572502043E-002
         580   9.9085702572502043E-002
         581   9.9085702572502043E-002
         582   9.9085702572502043E-002
         583   9.9085702572502043E-002
         584   9.9085702572502043E-002
         585   9.9085702572502043E-002
         586   9.9085702572502043E-002
         587   9.9085702572502043E-002
         588   9.9085702572502043E-002
         589   9.9085702572502043E-002
         590   9.9085702572502043E-002
         591   9.9085702572502043E-002
         592   9.9085702572502043E-002
         593   9.9085702572502043E-002
         594   9.9085702572502043E-002
         595   9.9085702572502043E-002
         596   9.9085702572502043E-002
         597   9.9085702572502043E-002
         598   9.9085702572502043E-002
         599   9.9085702572502043E-002
         600   9.9085702572502043E-002
         601   9.9085702572502043E-002
         602   9.9085702572502043E-002
         603   9.9085702572502043E-002
         604   9.9085702572502043E-002
         605   9.9085702572502043E-002
         606   9.9085702572502043E-002
         607   9.9085702572502043E-002
         608   9.9085702572502043E-002
         609   9.9085702572502043E-002
         610   9.9085702572502043E-002
         611   9.9085702572502043E-002
         612   9.9085702572502043E-002
         613   9.9085702572502043E-002
         614   9.9085702572502043E-002
         615   9.9085702572502043E-002
         616   9.9085702572502043E-002
         617   9.9085702572502043E-002
         618   9.9085702572502043E-002
         619   9.9085702572502043E-002
         620   9.9085702572502043E-002
         621   9.9085702572502043E-002
         622   9.9085702572502043E-002
         623   9.9085702572502043E-002
         624   9.9085702572502043E-002
         625   9.9085702572502043E-002
         626   9.9085702572502043E-002
         627   9.9085702572502043E-002
         628   9.9085702572502043E-002
         629   9.9085702572502043E-002
         630   9.9085702572502043E-002
         631   9.9085702572502043E-002
         632   9.9085702572502043E-002
         633   9.9085702572502043E-002
         634   9.9085702572502043E-002
         635   9.9085702572502043E-002
         636   9.9085702572502043E-002
         637   9.9085702572502043E-002
         638   9.9085702572502043E-002
         639   9.9085702572502043E-002
         640   9.9085702572502043E-002
         641   9.9085702572502043E-002
         642   9.9085702572502043E-002
         643   9.9085702572502043E-002
         644   9.9085702572502043E-002
         645   9.9085702572502043E-002
         646   9.9085702572502043E-002
         647   9.9085702572502043E-002
         648   9.9085702572502043E-002
         649   9.9085702572502043E-002
         650   9.9085702572502043E-002
         651   9.9085702572502043E-002
         652   9.9085702572502043E-002
         653   9.9085702572502043E-002
         654   9.9085702572502043E-002
         655   9.9085702572502043E-002
         656   9.9085702572502043E-002
         657   9.9085702572502043E-002
         658   9.9085702572502043E-002
         659   9.9085702572502043E-002
         660   9.9085702572502043E-002
         661   9.9085702572502043E-002
         662   9.9085702572502043E-002
         663   9.9085702572502043E-002
         664   9.9085702572502043E-002
         665   9.9085702572502043E-002
         666   9.9085702572502043E-002
         667   9.9085702572502043E-002
         668   9.9085702572502043E-002
         669   9.9085702572502043E-002
         670   9.9085702572502043E-002
         671   9.9085702572502043E-002
         672   9.9085702572502043E-002
         673   9.9085702572502043E-002
         674   9.9085702572502043E-002
         675   9.9085702572502043E-002
         676   9.9085702572502043E-002
         677   9.9085702572502043E-002
         678   9.9085702572502043E-002
         679   9.9085702572502043E-002
         680   9.9085702572502043E-002
         681   9.9085702572502043E-002
         682   9.9085702572502043E-002
         683   9.9085702572502043E-002
         684   9.9085702572502043E-002
         685   9.9085702572502043E-002
         686   9.9085702572502043E-002
         687   9.9085702572502043E-002
         688   9.9085702572502043E-002
         689   9.9085702572502043E-002
         690   9.9085702572502043E-002
         691   9.9085702572502043E-002
         692   9.9085702572502043E-002
         693   9.9085702572502043E-002
         694   9.9085702572502043E-002
         695   9.9085702572502043E-002
         696   9.9085702572502043E-002
         697   9.9085702572502043E-002
         698   9.9085702572502043E-002
         699   9.9085702572502043E-002
         700   9.9085702572502043E-002
         701   9.9085702572502043E-002
         702   9.9085702572502043E-002
         703   9.9085702572502043E-002
         704   9.9085702572502043E-002
         705   9.9085702572502043E-002
         706   9.9085702572502043E-002
         707   9.9085702572502043E-002
         708   9.9085702572502043E-002
         709   9.9085702572502043E-002
         710   9.9085702572502043E-002
         711   9.9085702572502043E-002
         712   9.9085702572502043E-002
         713   9.9085702572502043E-002
         714   9.9085702572502043E-002
         715   9.9085702572502043E-002
         716   9.9085702572502043E-002
         717   9.9085702572502043E-002
         718   9.9085702572502043E-002
         719   9.9085702572502043E-002
         720   9.9085702572502043E-002
         721   9.9085702572502043E-002
         722   9.9085702572502043E-002
         723   9.9085702572502043E-002
         724   9.9085702572502043E-002
         725   9.9085702572502043E-002
         726   9.9085702572502043E-002
         727   9.9085702572502043E-002
         728   9.9085702572502043E-002
         729   9.9085702572502043E-002
         730   9.9085702572502043E-002
         731   9.9085702572502043E-002
         732   9.9085702572502043E-002
         733   9.9085702572502043E-002
         734   9.9085702572502043E-002
         735   9.9085702572502043E-002
         736   9.9085702572502043E-002
         737   9.9085702572502043E-002
         738   9.9085702572502043E-002
         739   9.9085702572502043E-002
         740   9.9085702572502043E-002
         741   9.9085702572502043E-002
         742   9.9085702572502043E-002
         743   9.9085702572502043E-002
         744   9.9085702572502043E-002
         745   9.9085702572502043E-002
         746   9.9085702572502043E-002
         747   9.9085702572502043E-002
         748   9.9085702572502043E-002
         749   9.9085702572502043E-002
         750   9.9085702572502043E-002
         751   9.9085702572502043E-002
         752   9.9085702572502043E-002
         753   9.9085702572502043E-002
         754   9.9085702572502043E-002
         755   9.9085702572502043E-002
         756   9.9085702572502043E-002
         757   9.9085702572502043E-002
         758   9.9085702572502043E-002
         759   9.9085702572502043E-002
         760   9.9085702572502043E-002
         761   9.9085702572502043E-002
         762   9.9085702572502043E-002
         763   9.9085702572502043E-002
         764   9.9085702572502043E-002
         765   9.9085702572502043E-002
         766   9.9085702572502043E-002
         767   9.9085702572502043E-002
         768   9.9085702572502043E-002
         769   9.9085702572502043E-002
         770   9.9085702572502043E-002
         771   9.9085702572502043E-002
         772   9.9085702572502043E-002
         773   9.9085702572502043E-002
         774   9.9085702572502043E-002
         775   9.9085702572502043E-002
         776   9.9085702572502043E-002
         777   9.9085702572502043E-002
         778   9.9085702572502043E-002
         779   9.9085702572502043E-002
         780   9.9085702572502043E-002
         781   9.9085702572502043E-002
         782   9.9085702572502043E-002
         783   9.9085702572502043E-002
         784   9.9085702572502043E-002
         785   9.9085702572502043E-002
         786   9.9085702572502043E-002
         787   9.9085702572502043E-002
         788   9.9085702572502043E-002
         789   9.9085702572502043E-002
         790   9.9085702572502043E-002
         791   9.9085702572502043E-002
         792   9.9085702572502043E-002
         793   9.9085702572502043E-002
         794   9.9085702572502043E-002
         795   9.9085702572502043E-002
         796   9.9085702572502043E-002
         797   9.9085702572502043E-002
         798   9.9085702572502043E-002
         799   9.9085702572502043E-002
         800   9.9085702572502043E-002
         801   9.9085702572502043E-002
         802   9.9085702572502043E-002
         803   9.9085702572502043E-002
         804   9.9085702572502043E-002
         805   9.9085702572502043E-002
         806   9.9085702572502043E-002
         807   9.9085702572502043E-002
         808   9.9085702572502043E-002
         809   9.9085702572502043E-002
         810   9.9085702572502043E-002
         811   9.9085702572502043E-002
         812   9.9085702572502043E-002
         813   9.9085702572502043E-002
         814   9.9085702572502043E-002
         815   9.9085702572502043E-002
         816   9.9085702572502043E-002
         817   9.9085702572502043E-002
         818   9.9085702572502043E-002
         819   9.9085702572502043E-002
         820   9.9085702572502043E-002
         821   9.9085702572502043E-002
         822   9.9085702572502043E-002
         823   9.9085702572502043E-002
         824   9.9085702572502043E-002
         825   9.9085702572502043E-002
         826   9.9085702572502043E-002
         827   9.9085702572502043E-002
         828   9.9085702572502043E-002
         829   9.9085702572502043E-002
         830   9.9085702572502043E-002
         831   9.9085702572502043E-002
         832   9.9085702572502043E-002
         833   9.9085702572502043E-002
         834   9.9085702572502043E-002
         835   9.9085702572502043E-002
         836   9.9085702572502043E-002
         837   9.9085702572502043E-002
         838   9.9085702572502043E-002
         839   9.9085702572502043E-002
         840   9.9085702572502043E-002
         841   9.9085702572502043E-002
         842   9.9085702572502043E-002
         843   9.9085702572502043E-002
         844   9.9085702572502043E-002
         845   9.9085702572502043E-002
         846   9.9085702572502043E-002
         847   9.9085702572502043E-002
         848   9.9085702572502043E-002
         849   9.9085702572502043E-002
         850   9.9085702572502043E-002
         851   9.9085702572502043E-002
         852   9.9085702572502043E-002
         853   9.9085702572502043E-002
         854   9.9085702572502043E-002
         855   9.9085702572502043E-002
         856   9.9085702572502043E-002
         857   9.9085702572502043E-002
         858   9.9085702572502043E-002
         859   9.9085702572502043E-002
         860   9.9085702572502043E-002
         861   9.9085702572502043E-002
         862   9.9085702572502043E-002
         863   9.9085702572502043E-002
         864   9.9085702572502043E-002
         865   9.9085702572502043E-002
         866   9.9085702572502043E-002
         867   9.9085702572502043E-002
         868   9.9085702572502043E-002
         869   9.9085702572502043E-002
         870   9.9085702572502043E-002
         871   9.9085702572502043E-002
         872   9.9085702572502043E-002
         873   9.9085702572502043E-002
         874   9.9085702572502043E-002
         875   9.9085702572502043E-002
         876   9.9085702572502043E-002
         877   9.9085702572502043E-002
         878   9.9085702572502043E-002
         879   9.9085702572502043E-002
         880   9.9085702572502043E-002
         881   9.9085702572502043E-002
         882   9.9085702572502043E-002
         883   9.9085702572502043E-002
         884   9.9085702572502043E-002
         885   9.9085702572502043E-002
         886   9.9085702572502043E-002
         887   9.9085702572502043E-002
         888   9.9085702572502043E-002
         889   9.9085702572502043E-002
         890   9.9085702572502043E-002
         891   9.9085702572502043E-002
         892   9.9085702572502043E-002
         893   9.9085702572502043E-002
         894   9.9085702572502043E-002
         895   9.9085702572502043E-002
         896   9.9085702572502043E-002
         897   9.9085702572502043E-002
         898   9.9085702572502043E-002
         899   9.9085702572502043E-002
         900   9.9085702572502043E-002
         901   9.9085702572502043E-002
         902   9.9085702572502043E-002
         903   9.9085702572502043E-002
         904   9.9085702572502043E-002
         905   9.9085702572502043E-002
         906   9.9085702572502043E-002
         907   9.9085702572502043E-002
         908   9.9085702572502043E-002
         909   9.9085702572502043E-002
         910   9.9085702572502043E-002
         911   9.9085702572502043E-002
         912   9.9085702572502043E-002
         913   9.9085702572502043E-002
         914   9.9085702572502043E-002
         915   9.9085702572502043E-002
         916   9.9085702572502043E-002
         917   9.9085702572502043E-002
         918   9.9085702572502043E-002
         919   9.9085702572502043E-002
         920   9.9085702572502043E-002
         921   9.9085702572502043E-002
         922   9.9085702572502043E-002
         923   9.9085702572502043E-002
         924   9.9085702572502043E-002
         925   9.9085702572502043E-002
         926   9.9085702572502043E-002
         927   9.9085702572502043E-002
         928   9.9085702572502043E-002
         929   9.9085702572502043E-002
         930   9.9085702572502043E-002
         931   9.9085702572502043E-002
         932   9.9085702572502043E-002
         933   9.9085702572502043E-002
         934   9.9085702572502043E-002
         935   9.9085702572502043E-002
         936   9.9085702572502043E-002
         937   9.9085702572502043E-002
         938   9.9085702572502043E-002
         939   9.9085702572502043E-002
         940   9.9085702572502043E-002
         941   9.9085702572502043E-002
         942   9.9085702572502043E-002
         943   9.9085702572502043E-002
         944   9.9085702572502043E-002
         945   9.9085702572502043E-002
         946   9.9085702572502043E-002
         947   9.9085702572502043E-002
         948   9.9085702572502043E-002
         949   9.9085702572502043E-002
         950   9.9085702572502043E-002
         951   9.9085702572502043E-002
         952   9.9085702572502043E-002
         953   9.9085702572502043E-002
         954   9.9085702572502043E-002
         955   9.9085702572502043E-002
         956   9.9085702572502043E-002
         957   9.9085702572502043E-002
         958   9.9085702572502043E-002
         959   9.9085702572502043E-002
         960   9.9085702572502043E-002
         961   9.9085702572502043E-002
         962   9.9085702572502043E-002
         963   9.9085702572502043E-002
         964   9.9085702572502043E-002
         965   9.9085702572502043E-002
         966   9.9085702572502043E-002
         967   9.9085702572502043E-002
         968   9.9085702572502043E-002
         969   9.9085702572502043E-002
         970   9.9085702572502043E-002
         971   9.9085702572502043E-002
         972   9.9085702572502043E-002
         973   9.9085702572502043E-002
         974   9.9085702572502043E-002
         975   9.9085702572502043E-002
         976   9.9085702572502043E-002
         977   9.9085702572502043E-002
         978   9.9085702572502043E-002
         979   9.9085702572502043E-002
         980   9.9085702572502043E-002
         981   9.9085702572502043E-002
         982   9.9085702572502043E-002
         983   9.9085702572502043E-002
         984   9.9085702572502043E-002
         985   9.9085702572502043E-002
         986   9.9085702572502043E-002
         987   9.9085702572502043E-002
         988   9.9085702572502043E-002
         989   9.9085702572502043E-002
         990   9.9085702572502043E-002
         991   9.9085702572502043E-002
         992   9.9085702572502043E-002
         993   9.9085702572502043E-002
         994   9.9085702572502043E-002
         995   9.9085702572502043E-002
         996   9.9085702572502043E-002
         997   9.9085702572502043E-002
         998   9.9085702572502043E-002
         999   9.9085702572502043E-002
        1000   9.9085702572502043E-002
        1001   9.9085702572502043E-002
        1002   9.9085702572502043E-002
        1003   9.9085702572502043E-002
        1004   9.9085702572502043E-002
        1005   9.9085702572502043E-002
        1006   9.9085702572502043E-002
        1007   9.9085702572502043E-002
        1008   9.9085702572502043E-002
        1009   9.9085702572502043E-002
        1010   9.9085702572502043E-002
        1011   9.9085702572502043E-002
        1012   9.9085702572502043E-002
        1013   9.9085702572502043E-002
        1014   9.9085702572502043E-002
        1015   9.9085702572502043E-002
        1016   9.9085702572502043E-002
        1017   9.9085702572502043E-002
        1018   9.9085702572502043E-002
        1019   9.9085702572502043E-002
        1020   9.9085702572502043E-002
        1021   9.9085702572502043E-002
        1022   9.9085702572502043E-002
        1023   9.9085702572502043E-002
        1024   9.9085702572502043E-002
        1025   9.9085702572502043E-002
        1026   9.9085702572502043E-002
        1027   9.9085702572502043E-002
        1028   9.9085702572502043E-002
        1029   9.9085702572502043E-002
        1030   9.9085702572502043E-002
        1031   9.9085702572502043E-002
        1032   9.9085702572502043E-002
        1033   9.9085702572502043E-002
        1034   9.9085702572502043E-002
        1035   9.9085702572502043E-002
        1036   9.9085702572502043E-002
        1037   9.9085702572502043E-002
        1038   9.9085702572502043E-002
        1039   9.9085702572502043E-002
        1040   9.9085702572502043E-002
        1041   9.9085702572502043E-002
        1042   9.9085702572502043E-002
        1043   9.9085702572502043E-002
        1044   9.9085702572502043E-002
        1045   9.9085702572502043E-002
        1046   9.9085702572502043E-002
        1047   9.9085702572502043E-002
        1048   9.9085702572502043E-002
        1049   9.9085702572502043E-002
        1050   9.9085702572502043E-002
        1051   9.9085702572502043E-002
        1052   9.9085702572502043E-002
        1053   9.9085702572502043E-002
        1054   9.9085702572502043E-002
        1055   9.9085702572502043E-002
        1056   9.9085702572502043E-002
        1057   9.9085702572502043E-002
        1058   9.9085702572502043E-002
        1059   9.9085702572502043E-002
        1060   9.9085702572502043E-002
        1061   9.9085702572502043E-002
        1062   9.9085702572502043E-002
        1063   9.9085702572502043E-002
        1064   9.9085702572502043E-002
        1065   9.9085702572502043E-002
        1066   9.9085702572502043E-002
        1067   9.9085702572502043E-002
        1068   9.9085702572502043E-002
        1069   9.9085702572502043E-002
        1070   9.9085702572502043E-002
        1071   9.9085702572502043E-002
        1072   9.9085702572502043E-002
        1073   9.9085702572502043E-002
        1074   9.9085702572502043E-002
        1075   9.9085702572502043E-002
        1076   9.9085702572502043E-002
        1077   9.9085702572502043E-002
        1078   9.9085702572502043E-002
        1079   9.9085702572502043E-002
        1080   9.9085702572502043E-002
        1081   9.9085702572502043E-002
        1082   9.9085702572502043E-002
        1083   9.9085702572502043E-002
        1084   9.9085702572502043E-002
        1085   9.9085702572502043E-002
        1086   9.9085702572502043E-002
        1087   9.9085702572502043E-002
        1088   9.9085702572502043E-002
        1089   9.9085702572502043E-002
        1090   9.9085702572502043E-002
        1091   9.9085702572502043E-002
        1092   9.9085702572502043E-002
        1093   9.9085702572502043E-002
        1094   9.9085702572502043E-002
        1095   9.9085702572502043E-002
        1096   9.9085702572502043E-002
        1097   9.9085702572502043E-002
        1098   9.9085702572502043E-002
        1099   9.9085702572502043E-002
        1100   9.9085702572502043E-002
        1101   9.9085702572502043E-002
        1102   9.9085702572502043E-002
        1103   9.9085702572502043E-002
        1104   9.9085702572502043E-002
        1105   9.9085702572502043E-002
        1106   9.9085702572502043E-002
        1107   9.9085702572502043E-002
        1108   9.9085702572502043E-002
        1109   9.9085702572502043E-002
        1110   9.9085702572502043E-002
        1111   9.9085702572502043E-002
        1112   9.9085702572502043E-002
        1113   9.9085702572502043E-002
        1114   9.9085702572502043E-002
        1115   9.9085702572502043E-002
        1116   9.9085702572502043E-002
        1117   9.9085702572502043E-002
        1118   9.9085702572502043E-002
        1119   9.9085702572502043E-002
        1120   9.9085702572502043E-002
        1121   9.9085702572502043E-002
        1122   9.9085702572502043E-002
        1123   9.9085702572502043E-002
        1124   9.9085702572502043E-002
        1125   9.9085702572502043E-002
        1126   9.9085702572502043E-002
        1127   9.9085702572502043E-002
        1128   9.9085702572502043E-002
        1129   9.9085702572502043E-002
        1130   9.9085702572502043E-002
        1131   9.9085702572502043E-002
        1132   9.9085702572502043E-002
        1133   9.9085702572502043E-002
        1134   9.9085702572502043E-002
        1135   9.9085702572502043E-002
        1136   9.9085702572502043E-002
        1137   9.9085702572502043E-002
        1138   9.9085702572502043E-002
        1139   9.9085702572502043E-002
        1140   9.9085702572502043E-002
        1141   9.9085702572502043E-002
        1142   9.9085702572502043E-002
        1143   9.9085702572502043E-002
        1144   9.9085702572502043E-002
        1145   9.9085702572502043E-002
        1146   9.9085702572502043E-002
        1147   9.9085702572502043E-002
        1148   9.9085702572502043E-002
        1149   9.9085702572502043E-002
        1150   9.9085702572502043E-002
        1151   9.9085702572502043E-002
        1152   9.9085702572502043E-002
        1153   9.9085702572502043E-002
        1154   9.9085702572502043E-002
        1155   9.9085702572502043E-002
        1156   9.9085702572502043E-002
        1157   9.9085702572502043E-002
        1158   9.9085702572502043E-002
        1159   9.9085702572502043E-002
        1160   9.9085702572502043E-002
        1161   9.9085702572502043E-002
        1162   9.9085702572502043E-002
        1163   9.9085702572502043E-002
        1164   9.9085702572502043E-002
        1165   9.9085702572502043E-002
        1166   9.9085702572502043E-002
        1167   9.9085702572502043E-002
        1168   9.9085702572502043E-002
        1169   9.9085702572502043E-002
        1170   9.9085702572502043E-002
        1171   9.9085702572502043E-002
        1172   9.9085702572502043E-002
        1173   9.9085702572502043E-002
        1174   9.9085702572502043E-002
        1175   9.9085702572502043E-002
        1176   9.9085702572502043E-002
        1177   9.9085702572502043E-002
        1178   9.9085702572502043E-002
        1179   9.9085702572502043E-002
        1180   9.9085702572502043E-002
        1181   9.9085702572502043E-002
        1182   9.9085702572502043E-002
        1183   9.9085702572502043E-002
        1184   9.9085702572502043E-002
        1185   9.9085702572502043E-002
        1186   9.9085702572502043E-002
        1187   9.9085702572502043E-002
        1188   9.9085702572502043E-002
        1189   9.9085702572502043E-002
        1190   9.9085702572502043E-002
        1191   9.9085702572502043E-002
        1192   9.9085702572502043E-002
        1193   9.9085702572502043E-002
        1194   9.9085702572502043E-002
        1195   9.9085702572502043E-002
        1196   9.9085702572502043E-002
        1197   9.9085702572502043E-002
        1198   9.9085702572502043E-002
        1199   9.9085702572502043E-002
        1200   9.9085702572502043E-002
        1201   9.9085702572502043E-002
        1202   9.9085702572502043E-002
        1203   9.9085702572502043E-002
        1204   9.9085702572502043E-002
        1205   9.9085702572502043E-002
        1206   9.9085702572502043E-002
        1207   9.9085702572502043E-002
        1208   9.9085702572502043E-002
        1209   9.9085702572502043E-002
        1210   9.9085702572502043E-002
        1211   9.9085702572502043E-002
        1212   9.9085702572502043E-002
        1213   9.9085702572502043E-002
        1214   9.9085702572502043E-002
        1215   9.9085702572502043E-002
        1216   9.9085702572502043E-002
        1217   9.9085702572502043E-002
        1218   9.9085702572502043E-002
        1219   9.9085702572502043E-002
        1220   9.9085702572502043E-002
        1221   9.9085702572502043E-002
        1222   9.9085702572502043E-002
        1223   9.9085702572502043E-002
        1224   9.9085702572502043E-002
        1225   9.9085702572502043E-002
        1226   9.9085702572502043E-002
        1227   9.9085702572502043E-002
        1228   9.9085702572502043E-002
        1229   9.9085702572502043E-002
        1230   9.9085702572502043E-002
        1231   9.9085702572502043E-002
        1232   9.9085702572502043E-002
        1233   9.9085702572502043E-002
        1234   9.9085702572502043E-002
        1235   9.9085702572502043E-002
        1236   9.9085702572502043E-002
        1237   9.9085702572502043E-002
        1238   9.9085702572502043E-002
        1239   9.9085702572502043E-002
        1240   9.9085702572502043E-002
        1241   9.9085702572502043E-002
        1242   9.9085702572502043E-002
        1243   9.9085702572502043E-002
        1244   9.9085702572502043E-002
        1245   9.9085702572502043E-002
        1246   9.9085702572502043E-002
        1247   9.9085702572502043E-002
        1248   9.9085702572502043E-002
        1249   9.9085702572502043E-002
        1250   9.9085702572502043E-002
        1251   9.9085702572502043E-002
        1252   9.9085702572502043E-002
        1253   9.9085702572502043E-002
        1254   9.9085702572502043E-002
        1255   9.9085702572502043E-002
        1256   9.9085702572502043E-002
        1257   9.9085702572502043E-002
        1258   9.9085702572502043E-002
        1259   9.9085702572502043E-002
        1260   9.9085702572502043E-002
        1261   9.9085702572502043E-002
        1262   9.9085702572502043E-002
        1263   9.9085702572502043E-002
        1264   9.9085702572502043E-002
        1265   9.9085702572502043E-002
        1266   9.9085702572502043E-002
        1267   9.9085702572502043E-002
        1268   9.9085702572502043E-002
        1269   9.9085702572502043E-002
        1270   9.9085702572502043E-002
        1271   9.9085702572502043E-002
        1272   9.9085702572502043E-002
        1273   9.9085702572502043E-002
        1274   9.9085702572502043E-002
        1275   9.9085702572502043E-002
        1276   9.9085702572502043E-002
        1277   9.9085702572502043E-002
        1278   9.9085702572502043E-002
        1279   9.9085702572502043E-002
        1280   9.9085702572502043E-002
        1281   9.9085702572502043E-002
        1282   9.9085702572502043E-002
        1283   9.9085702572502043E-002
        1284   9.9085702572502043E-002
        1285   9.9085702572502043E-002
        1286   9.9085702572502043E-002
        1287   9.9085702572502043E-002
        1288   9.9085702572502043E-002
        1289   9.9085702572502043E-002
        1290   9.9085702572502043E-002
        1291   9.9085702572502043E-002
        1292   9.9085702572502043E-002
        1293   9.9085702572502043E-002
        1294   9.9085702572502043E-002
        1295   9.9085702572502043E-002
        1296   9.9085702572502043E-002
        1297   9.9085702572502043E-002
        1298   9.9085702572502043E-002
        1299   9.9085702572502043E-002
        1300   9.9085702572502043E-002
        1301   9.9085702572502043E-002
        1302   9.9085702572502043E-002
        1303   9.9085702572502043E-002
        1304   9.9085702572502043E-002
        1305   9.9085702572502043E-002
        1306   9.9085702572502043E-002
        1307   9.9085702572502043E-002
        1308   9.9085702572502043E-002
        1309   9.9085702572502043E-002
        1310   9.9085702572502043E-002
        1311   9.9085702572502043E-002
        1312   9.9085702572502043E-002
        1313   9.9085702572502043E-002
        1314   9.9085702572502043E-002
        1315   9.9085702572502043E-002
        1316   9.9085702572502043E-002
        1317   9.9085702572502043E-002
        1318   9.9085702572502043E-002
        1319   9.9085702572502043E-002
        1320   9.9085702572502043E-002
        1321   9.9085702572502043E-002
        1322   9.9085702572502043E-002
        1323   9.9085702572502043E-002
        1324   9.9085702572502043E-002
        1325   9.9085702572502043E-002
        1326   9.9085702572502043E-002
        1327   9.9085702572502043E-002
        1328   9.9085702572502043E-002
        1329   9.9085702572502043E-002
        1330   9.9085702572502043E-002
        1331   9.9085702572502043E-002
        1332   9.9085702572502043E-002
        1333   9.9085702572502043E-002
        1334   9.9085702572502043E-002
        1335   9.9085702572502043E-002
        1336   9.9085702572502043E-002
        1337   9.9085702572502043E-002
        1338   9.9085702572502043E-002
        1339   9.9085702572502043E-002
        1340   9.9085702572502043E-002
        1341   9.9085702572502043E-002
        1342   9.9085702572502043E-002
        1343   9.9085702572502043E-002
        1344   9.9085702572502043E-002
        1345   9.9085702572502043E-002
        1346   9.9085702572502043E-002
        1347   9.9085702572502043E-002
        1348   9.9085702572502043E-002
        1349   9.9085702572502043E-002
        1350   9.9085702572502043E-002
        1351   9.9085702572502043E-002
        1352   9.9085702572502043E-002
        1353   9.9085702572502043E-002
        1354   9.9085702572502043E-002
        1355   9.9085702572502043E-002
        1356   9.9085702572502043E-002
        1357   9.9085702572502043E-002
        1358   9.9085702572502043E-002
        1359   9.9085702572502043E-002
        1360   9.9085702572502043E-002
        1361   9.9085702572502043E-002
        1362   9.9085702572502043E-002
        1363   9.9085702572502043E-002
        1364   9.9085702572502043E-002
        1365   9.9085702572502043E-002
        1366   9.9085702572502043E-002
        1367   9.9085702572502043E-002
        1368   9.9085702572502043E-002
        1369   9.9085702572502043E-002
        1370   9.9085702572502043E-002
        1371   9.9085702572502043E-002
        1372   9.9085702572502043E-002
        1373   9.9085702572502043E-002
        1374   9.9085702572502043E-002
        1375   9.9085702572502043E-002
        1376   9.9085702572502043E-002
        1377   9.9085702572502043E-002
        1378   9.9085702572502043E-002
        1379   9.9085702572502043E-002
        1380   9.9085702572502043E-002
        1381   9.9085702572502043E-002
        1382   9.9085702572502043E-002
        1383   9.9085702572502043E-002
        1384   9.9085702572502043E-002
        1385   9.9085702572502043E-002
        1386   9.9085702572502043E-002
        1387   9.9085702572502043E-002
        1388   9.9085702572502043E-002
        1389   9.9085702572502043E-002
        1390   9.9085702572502043E-002
        1391   9.9085702572502043E-002
        1392   9.9085702572502043E-002
        1393   9.9085702572502043E-002
        1394   9.9085702572502043E-002
        1395   9.9085702572502043E-002
        1396   9.9085702572502043E-002
        1397   9.9085702572502043E-002
        1398   9.9085702572502043E-002
        1399   9.9085702572502043E-002
        1400   9.9085702572502043E-002
        1401   9.9085702572502043E-002
        1402   9.9085702572502043E-002
        1403   9.9085702572502043E-002
        1404   9.9085702572502043E-002
        1405   9.9085702572502043E-002
        1406   9.9085702572502043E-002
        1407   9.9085702572502043E-002
        1408   9.9085702572502043E-002
        1409   9.9085702572502043E-002
        1410   9.9085702572502043E-002
        1411   9.9085702572502043E-002
        1412   9.9085702572502043E-002
        1413   9.9085702572502043E-002
        1414   9.9085702572502043E-002
        1415   9.9085702572502043E-002
        1416   9.9085702572502043E-002
        1417   9.9085702572502043E-002
        1418   9.9085702572502043E-002
        1419   9.9085702572502043E-002
        1420   9.9085702572502043E-002
        1421   9.9085702572502043E-002
        1422   9.9085702572502043E-002
        1423   1.9832715717283733E-002
        1424   0.0000000000000000     
