           1   7.3639667126411217     
           2   7.3639667126411217     
           3   6.3752680366098291     
           4   2.0758824621950378     
           5   1.7428482376929608     
           6   1.7428482376929608     
           7   1.7428482376929608     
           8   1.6117675527657429     
           9   1.5846534606971296     
          10   1.5648207449798459     
          11   1.5648207449798459     
          12   1.5648207449798459     
          13   1.5648207449798459     
          14   1.5648207449798459     
          15   1.5648207449798459     
          16   1.5648207449798459     
          17   1.5648207449798459     
          18   1.5648207449798459     
          19   1.5648207449798459     
          20   1.5648207449798459     
          21   1.5648207449798459     
          22   1.5648207449798459     
          23   1.5648207449798459     
          24   1.5648207449798459     
          25   1.5648207449798459     
          26   1.5648207449798459     
          27   1.5648207449798459     
          28   1.5648207449798459     
          29   1.5648207449798459     
          30   1.5648207449798459     
          31   1.5648207449798459     
          32   1.5648207449798459     
          33   1.5648207449798459     
          34  0.39502137556890737     
          35  0.39502137556890737     
          36  0.39502137556890737     
          37  0.39502137556890737     
          38  0.39502137556890737     
          39  0.39502137556890737     
          40  0.39502137556890737     
          41  0.39502137556890737     
          42  0.39502137556890737     
          43  0.39502137556890737     
          44  0.39502137556890737     
          45  0.39502137556890737     
          46  0.39502137556890737     
          47  0.39502137556890737     
          48  0.39502137556890737     
          49  0.39502137556890737     
          50  0.39502137556890737     
          51  0.39502137556890737     
          52  0.39502137556890737     
          53  0.39502137556890737     
          54  0.39502137556890737     
          55  0.39502137556890737     
          56  0.39502137556890737     
          57  0.39502137556890737     
          58  0.39502137556890737     
          59  0.39502137556890737     
          60  0.39502137556890737     
          61  0.39502137556890737     
          62  0.39502137556890737     
          63  0.39502137556890737     
          64  0.39502137556890737     
          65  0.39502137556890737     
          66  0.39502137556890737     
          67  0.39502137556890737     
          68  0.39502137556890737     
          69  0.39502137556890737     
          70  0.39502137556890737     
          71  0.39502137556890737     
          72  0.39502137556890737     
          73  0.39502137556890737     
          74  0.39502137556890737     
          75  0.39502137556890737     
          76  0.39502137556890737     
          77  0.39502137556890737     
          78  0.39502137556890737     
          79  0.39502137556890737     
          80  0.39502137556890737     
          81  0.39502137556890737     
          82  0.39502137556890737     
          83  0.39502137556890737     
          84  0.39502137556890737     
          85  0.39502137556890737     
          86  0.39502137556890737     
          87  0.39502137556890737     
          88  0.39502137556890737     
          89  0.39502137556890737     
          90  0.39502137556890737     
          91  0.39502137556890737     
          92  0.39502137556890737     
          93  0.39502137556890737     
          94  0.39502137556890737     
          95  0.39502137556890737     
          96  0.39502137556890737     
          97  0.39502137556890737     
          98  0.39502137556890737     
          99  0.39502137556890737     
         100  0.39502137556890737     
         101  0.39502137556890737     
         102  0.39502137556890737     
         103  0.39502137556890737     
         104  0.39502137556890737     
         105  0.39502137556890737     
         106  0.39502137556890737     
         107  0.39502137556890737     
         108  0.39502137556890737     
         109  0.39502137556890737     
         110  0.39502137556890737     
         111  0.39502137556890737     
         112  0.39502137556890737     
         113  0.39502137556890737     
         114  0.39502137556890737     
         115  0.39502137556890737     
         116  0.39502137556890737     
         117  0.39502137556890737     
         118  0.39502137556890737     
         119  0.39502137556890737     
         120  0.39502137556890737     
         121  0.39502137556890737     
         122  0.39502137556890737     
         123  0.39502137556890737     
         124  0.39502137556890737     
         125  0.39502137556890737     
         126  0.39502137556890737     
         127  0.39502137556890737     
         128  0.39502137556890737     
         129  0.39502137556890737     
         130  0.39502137556890737     
         131  0.39502137556890737     
         132  0.39502137556890737     
         133  0.39502137556890737     
         134  0.39502137556890737     
         135  0.39502137556890737     
         136  0.39502137556890737     
         137  0.39502137556890737     
         138  0.39502137556890737     
         139  0.39502137556890737     
         140  0.39502137556890737     
         141  0.39502137556890737     
         142  0.39502137556890737     
         143  0.39502137556890737     
         144  0.39502137556890737     
         145  0.39502137556890737     
         146  0.39502137556890737     
         147  0.39502137556890737     
         148  0.39502137556890737     
         149  0.39502137556890737     
         150  0.39502137556890737     
         151  0.39502137556890737     
         152  0.39502137556890737     
         153  0.39502137556890737     
         154  0.39502137556890737     
         155  0.39502137556890737     
         156  0.39502137556890737     
         157  0.39502137556890737     
         158  0.39502137556890737     
         159  0.39502137556890737     
         160  0.39502137556890737     
         161  0.39502137556890737     
         162  0.39502137556890737     
         163  0.39502137556890737     
         164  0.39502137556890737     
         165  0.39502137556890737     
         166  0.39502137556890737     
         167  0.39502137556890737     
         168  0.39502137556890737     
         169  0.39502137556890737     
         170  0.39502137556890737     
         171  0.39502137556890737     
         172  0.39502137556890737     
         173  0.39502137556890737     
         174  0.39502137556890737     
         175  0.39502137556890737     
         176  0.39502137556890737     
         177  0.39502137556890737     
         178  0.39502137556890737     
         179  0.39502137556890737     
         180  0.39502137556890737     
         181  0.39502137556890737     
         182  0.39502137556890737     
         183  0.39502137556890737     
         184  0.39502137556890737     
         185  0.39502137556890737     
         186  0.39502137556890737     
         187  0.39502137556890737     
         188  0.39502137556890737     
         189  0.39502137556890737     
         190  0.39502137556890737     
         191  0.39502137556890737     
         192  0.39502137556890737     
         193  0.39502137556890737     
         194  0.39502137556890737     
         195  0.39502137556890737     
         196  0.39502137556890737     
         197  0.39502137556890737     
         198  0.39502137556890737     
         199  0.39502137556890737     
         200  0.39502137556890737     
         201  0.39502137556890737     
         202  0.39502137556890737     
         203  0.39502137556890737     
         204  0.39502137556890737     
         205  0.39502137556890737     
         206  0.39502137556890737     
         207  0.39502137556890737     
         208  0.39502137556890737     
         209   1.9832715717283733E-002
         210   1.9832715717283733E-002
         211   1.9832715717283733E-002
         212   1.9832715717283733E-002
         213   1.9832715717283733E-002
         214   1.9832715717283733E-002
         215   1.9832715717283733E-002
         216   1.9832715717283733E-002
         217   1.9832715717283733E-002
         218   1.9832715717283733E-002
         219   1.9832715717283733E-002
         220   1.9832715717283733E-002
         221   1.9832715717283733E-002
         222   1.9832715717283733E-002
         223   1.9832715717283733E-002
         224   1.9832715717283733E-002
         225   1.9832715717283733E-002
         226   1.9832715717283733E-002
         227   1.9832715717283733E-002
         228   1.9832715717283733E-002
         229   1.9832715717283733E-002
         230   1.9832715717283733E-002
         231   1.9832715717283733E-002
         232   1.9832715717283733E-002
         233   1.9832715717283733E-002
         234   1.9832715717283733E-002
         235   1.9832715717283733E-002
         236   1.9832715717283733E-002
         237   1.9832715717283733E-002
         238   1.9832715717283733E-002
         239   1.9832715717283733E-002
         240   1.9832715717283733E-002
         241   1.9832715717283733E-002
         242   0.0000000000000000     
