           1   1.7456678568347606     
           2   1.7456678568347606     
           3   1.7456678568347606     
           4   1.7456678568347606     
           5   1.7456678568347606     
           6   1.7456678568347606     
           7   1.7456678568347606     
           8   1.7456678568347606     
           9   1.7456678568347606     
          10   1.7456678568347606     
          11   1.7456678568347606     
          12   1.7456678568347606     
          13   1.7456678568347606     
          14   1.7456678568347606     
          15   1.7456678568347606     
          16   1.7456678568347606     
          17   1.7456678568347606     
          18   1.7456678568347606     
          19   1.7456678568347606     
          20   1.7456678568347606     
          21   1.7456678568347606     
          22   1.7456678568347606     
          23   1.7456678568347606     
          24   1.7456678568347606     
          25   1.7456678568347606     
          26   1.7456678568347606     
          27   1.7456678568347606     
          28   1.7456678568347606     
          29   1.7456678568347606     
          30   1.7456678568347606     
          31   1.7456678568347606     
          32   1.7456678568347606     
          33   1.7456678568347606     
          34   1.7456678568347606     
          35   1.7456678568347606     
          36   1.7456678568347606     
          37   1.7456678568347606     
          38   1.7456678568347606     
          39   1.7456678568347606     
          40   1.7456678568347606     
          41   1.7456678568347606     
          42   1.7456678568347606     
          43   1.7456678568347606     
          44   1.7456678568347606     
          45   1.7456678568347606     
          46   1.7456678568347606     
          47   1.7456678568347606     
          48   1.7456678568347606     
          49   1.7456678568347606     
          50   1.7456678568347606     
          51   1.7456678568347606     
          52   1.7456678568347606     
          53   1.7456678568347606     
          54   1.7456678568347606     
          55   1.7456678568347606     
          56   1.7456678568347606     
          57   1.7456678568347606     
          58   1.7456678568347606     
          59   1.7456678568347606     
          60   1.7456678568347606     
          61   1.7456678568347606     
          62   1.7456678568347606     
          63   1.7456678568347606     
          64   1.7456678568347606     
          65   1.7456678568347606     
          66   1.7456678568347606     
          67   1.7456678568347606     
          68   1.7456678568347606     
          69   1.7456678568347606     
          70   1.7456678568347606     
          71   1.7456678568347606     
          72   1.7456678568347606     
          73   1.7456678568347606     
          74   1.7456678568347606     
          75   1.7456678568347606     
          76   1.7456678568347606     
          77   1.7456678568347606     
          78   1.7456678568347606     
          79   1.7456678568347606     
          80   1.7456678568347606     
          81   1.7456678568347606     
          82   1.7456678568347606     
          83   1.7456678568347606     
          84   1.7456678568347606     
          85   1.7456678568347606     
          86   1.7456678568347606     
          87   1.7456678568347606     
          88   1.7456678568347606     
          89   1.7456678568347606     
          90   1.7456678568347606     
          91   1.7456678568347606     
          92   1.7456678568347606     
          93   1.7456678568347606     
          94   1.7456678568347606     
          95   1.7456678568347606     
          96   1.7456678568347606     
          97   1.7456678568347606     
          98   1.7456678568347606     
          99   1.7456678568347606     
         100   1.5737958814268040     
         101   1.5737958814268040     
         102   1.5737958814268040     
         103   1.5737958814268040     
         104   1.5737958814268040     
         105   1.5737958814268040     
         106   1.5737958814268040     
         107   1.5737958814268040     
         108   1.5737958814268040     
         109   1.5737958814268040     
         110   1.5737958814268040     
         111   1.5737958814268040     
         112   1.5737958814268040     
         113   1.5737958814268040     
         114   1.5737958814268040     
         115   1.5737958814268040     
         116   1.5737958814268040     
         117   1.5737958814268040     
         118   1.5737958814268040     
         119   1.5737958814268040     
         120   1.5737958814268040     
         121   1.5737958814268040     
         122   1.5737958814268040     
         123   1.5737958814268040     
         124   1.5737958814268040     
         125   1.5737958814268040     
         126   1.5737958814268040     
         127   1.5737958814268040     
         128   1.5737958814268040     
         129   1.5737958814268040     
         130   1.5737958814268040     
         131   1.5737958814268040     
         132   1.5737958814268040     
         133   1.5737958814268040     
         134   1.5737958814268040     
         135   1.5737958814268040     
         136   1.5737958814268040     
         137   1.5737958814268040     
         138   1.5737958814268040     
         139   1.5737958814268040     
         140   1.5737958814268040     
         141   1.5737958814268040     
         142   1.5737958814268040     
         143   1.5737958814268040     
         144   1.5737958814268040     
         145   1.5737958814268040     
         146   1.5737958814268040     
         147   1.5737958814268040     
         148   1.5737958814268040     
         149   1.5737958814268040     
         150   1.5737958814268040     
         151   1.5737958814268040     
         152   1.5737958814268040     
         153   1.5737958814268040     
         154   1.5737958814268040     
         155   1.5737958814268040     
         156   1.5737958814268040     
         157   1.5737958814268040     
         158   1.5737958814268040     
         159   1.5737958814268040     
         160   1.5737958814268040     
         161   1.5737958814268040     
         162   1.5737958814268040     
         163   1.5737958814268040     
         164   1.5737958814268040     
         165   1.5737958814268040     
         166   1.5737958814268040     
         167   1.5737958814268040     
         168   1.5737958814268040     
         169   1.5737958814268040     
         170   1.5737958814268040     
         171   1.5737958814268040     
         172   1.5737958814268040     
         173   1.5737958814268040     
         174   1.5737958814268040     
         175   1.5737958814268040     
         176   1.5737958814268040     
         177   1.5737958814268040     
         178   1.5737958814268040     
         179   1.5737958814268040     
         180   1.5737958814268040     
         181   1.5737958814268040     
         182   1.5737958814268040     
         183   1.5737958814268040     
         184   1.5737958814268040     
         185   1.5737958814268040     
         186   1.5737958814268040     
         187   1.5737958814268040     
         188   1.5537958814268045     
         189   1.5537958814268045     
         190   1.5537958814268045     
         191   1.5537958814268045     
         192   1.5537958814268045     
         193   1.5537958814268045     
         194   1.5537958814268045     
         195   1.5537958814268045     
         196   1.5537958814268045     
         197   1.5537958814268045     
         198   1.5537958814268045     
         199   1.5537958814268045     
         200   1.5537958814268045     
         201   1.5537958814268045     
         202   1.5537958814268045     
         203   1.5537958814268045     
         204   1.5537958814268045     
         205   1.5537958814268045     
         206   1.5537958814268045     
         207   1.5537958814268045     
         208   1.5537958814268045     
         209   1.5537958814268045     
         210   1.5537958814268045     
         211   1.5537958814268045     
         212   1.5537958814268045     
         213   1.5537958814268045     
         214   1.5537958814268045     
         215   1.5537958814268045     
         216   1.5537958814268045     
         217   1.5537958814268045     
         218   1.5537958814268045     
         219   1.5537958814268045     
         220   1.5537958814268045     
         221   1.5537958814268045     
         222   1.5537958814268045     
         223   1.5537958814268045     
         224   1.5537958814268045     
         225   1.5537958814268045     
         226   1.5537958814268045     
         227   1.5537958814268045     
         228   1.5537958814268045     
         229   1.5537958814268045     
         230   1.5537958814268045     
         231   1.5537958814268045     
         232   1.5537958814268045     
         233   1.5537958814268045     
         234   1.5537958814268045     
         235   1.5537958814268045     
         236   1.5537958814268045     
         237   1.5537958814268045     
         238   1.5537958814268045     
         239   1.5537958814268045     
         240   1.5537958814268045     
         241   1.5537958814268045     
         242  0.33560110443097280     
         243  0.33560110443097280     
         244  0.33560110443097280     
         245   9.9085702572502043E-002
         246   1.9832715717283733E-002
         247   1.9832715717283733E-002
         248   1.9832715717283733E-002
         249   1.9832715717283733E-002
         250   1.9832715717283733E-002
         251   1.9832715717283733E-002
         252   1.9832715717283733E-002
         253   0.0000000000000000     
