           1   11.276459531590358     
           2   2.0396654314345675     
           3   2.0396654314345675     
           4   2.0396654314345675     
           5   2.0396654314345675     
           6   2.0396654314345675     
           7   2.0396654314345675     
           8   2.0396654314345675     
           9   2.0396654314345675     
          10   2.0396654314345675     
          11   1.6711878239036775     
          12   1.6711878239036775     
          13   1.6711878239036775     
          14   1.6711878239036775     
          15  0.72566785683476098     
          16  0.72566785683476098     
          17  0.72566785683476098     
          18  0.51176755276574504     
          19  0.51176755276574504     
          20   3.9665431434567466E-002
          21   3.9665431434567466E-002
          22   3.9665431434567466E-002
          23   3.9665431434567466E-002
          24   3.9665431434567466E-002
          25   3.9665431434567466E-002
          26   3.9665431434567466E-002
          27   3.9665431434567466E-002
          28   3.9665431434567466E-002
          29   3.9665431434567466E-002
          30   3.9665431434567466E-002
          31   3.9665431434567466E-002
          32   3.9665431434567466E-002
          33   3.9665431434567466E-002
          34   3.9665431434567466E-002
          35   3.9665431434567466E-002
          36   3.9665431434567466E-002
          37   3.9665431434567466E-002
          38   3.9665431434567466E-002
          39   3.9665431434567466E-002
          40   3.9665431434567466E-002
          41   3.9665431434567466E-002
          42   3.9665431434567466E-002
          43   3.9665431434567466E-002
          44   3.9665431434567466E-002
          45   3.9665431434567466E-002
          46   3.9665431434567466E-002
          47   3.9665431434567466E-002
          48   3.9665431434567466E-002
          49   3.9665431434567466E-002
          50   3.9665431434567466E-002
          51   3.9665431434567466E-002
          52   3.9665431434567466E-002
          53   3.9665431434567466E-002
          54   3.9665431434567466E-002
          55   3.9665431434567466E-002
          56   3.9665431434567466E-002
          57   3.9665431434567466E-002
          58   3.9665431434567466E-002
          59   3.9665431434567466E-002
          60   3.9665431434567466E-002
          61   3.9665431434567466E-002
          62   3.9665431434567466E-002
          63   3.9665431434567466E-002
          64   3.9665431434567466E-002
          65   3.9665431434567466E-002
          66   3.9665431434567466E-002
          67   3.9665431434567466E-002
          68   3.9665431434567466E-002
          69   3.9665431434567466E-002
          70   3.9665431434567466E-002
          71   3.9665431434567466E-002
          72   3.9665431434567466E-002
          73   3.9665431434567466E-002
          74   3.9665431434567466E-002
          75   3.9665431434567466E-002
          76   3.9665431434567466E-002
          77   3.9665431434567466E-002
          78   3.9665431434567466E-002
          79   3.9665431434567466E-002
          80   3.9665431434567466E-002
          81   3.9665431434567466E-002
          82   3.9665431434567466E-002
          83   3.9665431434567466E-002
          84   3.9665431434567466E-002
          85   3.9665431434567466E-002
          86   3.9665431434567466E-002
          87   3.9665431434567466E-002
          88   3.9665431434567466E-002
          89   3.9665431434567466E-002
          90   3.9665431434567466E-002
          91   3.9665431434567466E-002
          92   3.9665431434567466E-002
          93   3.9665431434567466E-002
          94   3.9665431434567466E-002
          95   3.9665431434567466E-002
          96   3.9665431434567466E-002
          97   3.9665431434567466E-002
          98   3.9665431434567466E-002
          99   3.9665431434567466E-002
         100   3.9665431434567466E-002
         101   3.9665431434567466E-002
         102   3.9665431434567466E-002
         103   3.9665431434567466E-002
         104   3.9665431434567466E-002
         105   3.9665431434567466E-002
         106   3.9665431434567466E-002
         107   3.9665431434567466E-002
         108   3.9665431434567466E-002
         109   3.9665431434567466E-002
         110   3.9665431434567466E-002
         111   3.9665431434567466E-002
         112   3.9665431434567466E-002
         113   3.9665431434567466E-002
         114   3.9665431434567466E-002
         115   3.9665431434567466E-002
         116   3.9665431434567466E-002
         117   3.9665431434567466E-002
         118   3.9665431434567466E-002
         119   3.9665431434567466E-002
         120   3.9665431434567466E-002
         121   3.9665431434567466E-002
         122   3.9665431434567466E-002
         123   3.9665431434567466E-002
         124   3.9665431434567466E-002
         125   3.9665431434567466E-002
         126   3.9665431434567466E-002
         127   3.9665431434567466E-002
         128   3.9665431434567466E-002
         129   3.9665431434567466E-002
         130   3.9665431434567466E-002
         131   3.9665431434567466E-002
         132   3.9665431434567466E-002
         133   3.9665431434567466E-002
         134   3.9665431434567466E-002
         135   3.9665431434567466E-002
         136   3.9665431434567466E-002
         137   3.9665431434567466E-002
         138   3.9665431434567466E-002
         139   3.9665431434567466E-002
         140   3.9665431434567466E-002
         141   3.9665431434567466E-002
         142   3.9665431434567466E-002
         143   3.9665431434567466E-002
         144   3.9665431434567466E-002
         145   3.9665431434567466E-002
         146   3.9665431434567466E-002
         147   3.9665431434567466E-002
         148   3.9665431434567466E-002
         149   3.9665431434567466E-002
         150   3.9665431434567466E-002
         151   3.9665431434567466E-002
         152   3.9665431434567466E-002
         153   3.9665431434567466E-002
         154   3.9665431434567466E-002
         155   3.9665431434567466E-002
         156   3.9665431434567466E-002
         157   3.9665431434567466E-002
         158   3.9665431434567466E-002
         159   3.9665431434567466E-002
         160   3.9665431434567466E-002
         161   3.9665431434567466E-002
         162   3.9665431434567466E-002
         163   3.9665431434567466E-002
         164   3.9665431434567466E-002
         165   3.9665431434567466E-002
         166   3.9665431434567466E-002
         167   3.9665431434567466E-002
         168   3.9665431434567466E-002
         169   3.9665431434567466E-002
         170   3.9665431434567466E-002
         171   3.9665431434567466E-002
         172   3.9665431434567466E-002
         173   3.9665431434567466E-002
         174   3.9665431434567466E-002
         175   3.9665431434567466E-002
         176   3.9665431434567466E-002
         177   3.9665431434567466E-002
         178   3.9665431434567466E-002
         179   3.9665431434567466E-002
         180   3.9665431434567466E-002
         181   3.9665431434567466E-002
         182   3.9665431434567466E-002
         183   3.9665431434567466E-002
         184   3.9665431434567466E-002
         185   3.9665431434567466E-002
         186   3.9665431434567466E-002
         187   3.9665431434567466E-002
         188   3.9665431434567466E-002
         189   3.9665431434567466E-002
         190   3.9665431434567466E-002
         191   3.9665431434567466E-002
         192   3.9665431434567466E-002
         193   3.9665431434567466E-002
         194   3.9665431434567466E-002
         195   3.9665431434567466E-002
         196   3.9665431434567466E-002
         197   3.9665431434567466E-002
         198   3.9665431434567466E-002
         199   3.9665431434567466E-002
         200   3.9665431434567466E-002
         201   3.9665431434567466E-002
         202   3.9665431434567466E-002
         203   3.9665431434567466E-002
         204   3.9665431434567466E-002
         205   3.9665431434567466E-002
         206   3.9665431434567466E-002
         207   3.9665431434567466E-002
         208   3.9665431434567466E-002
         209   3.9665431434567466E-002
         210   3.9665431434567466E-002
         211   3.9665431434567466E-002
         212   3.9665431434567466E-002
         213   3.9665431434567466E-002
         214   3.9665431434567466E-002
         215   3.9665431434567466E-002
         216   3.9665431434567466E-002
         217   3.9665431434567466E-002
         218   3.9665431434567466E-002
         219   3.9665431434567466E-002
         220   3.9665431434567466E-002
         221   3.9665431434567466E-002
         222   3.9665431434567466E-002
         223   3.9665431434567466E-002
         224   3.9665431434567466E-002
         225   3.9665431434567466E-002
         226   3.9665431434567466E-002
         227   3.9665431434567466E-002
         228   3.9665431434567466E-002
         229   3.9665431434567466E-002
         230   3.9665431434567466E-002
         231   3.9665431434567466E-002
         232   3.9665431434567466E-002
         233   3.9665431434567466E-002
         234   3.9665431434567466E-002
         235   3.9665431434567466E-002
         236   3.9665431434567466E-002
         237   3.9665431434567466E-002
         238   3.9665431434567466E-002
         239   3.9665431434567466E-002
         240   3.9665431434567466E-002
         241   3.9665431434567466E-002
         242   3.9665431434567466E-002
         243   3.9665431434567466E-002
         244   3.9665431434567466E-002
         245   3.9665431434567466E-002
         246   3.9665431434567466E-002
         247   3.9665431434567466E-002
         248   3.9665431434567466E-002
         249   3.9665431434567466E-002
         250   3.9665431434567466E-002
         251   3.9665431434567466E-002
         252   3.9665431434567466E-002
         253   3.9665431434567466E-002
         254   3.9665431434567466E-002
         255   3.9665431434567466E-002
         256   3.9665431434567466E-002
         257   3.9665431434567466E-002
         258   3.9665431434567466E-002
         259   3.9665431434567466E-002
         260   3.9665431434567466E-002
         261   3.9665431434567466E-002
         262   3.9665431434567466E-002
         263   3.9665431434567466E-002
         264   3.9665431434567466E-002
         265   3.9665431434567466E-002
         266   3.9665431434567466E-002
         267   3.9665431434567466E-002
         268   3.9665431434567466E-002
         269   3.9665431434567466E-002
         270   3.9665431434567466E-002
         271   3.9665431434567466E-002
         272   3.9665431434567466E-002
         273   3.9665431434567466E-002
         274   3.9665431434567466E-002
         275   3.9665431434567466E-002
         276   3.9665431434567466E-002
         277   3.9665431434567466E-002
         278   3.9665431434567466E-002
         279   3.9665431434567466E-002
         280   3.9665431434567466E-002
         281   3.9665431434567466E-002
         282   3.9665431434567466E-002
         283   3.9665431434567466E-002
         284   3.9665431434567466E-002
         285   3.9665431434567466E-002
         286   3.9665431434567466E-002
         287   3.9665431434567466E-002
         288   3.9665431434567466E-002
         289   3.9665431434567466E-002
         290   3.9665431434567466E-002
         291   3.9665431434567466E-002
         292   3.9665431434567466E-002
         293   3.9665431434567466E-002
         294   3.9665431434567466E-002
         295   3.9665431434567466E-002
         296   3.9665431434567466E-002
         297   3.9665431434567466E-002
         298   3.9665431434567466E-002
         299   3.9665431434567466E-002
         300   3.9665431434567466E-002
         301   3.9665431434567466E-002
         302   3.9665431434567466E-002
         303   3.9665431434567466E-002
         304   3.9665431434567466E-002
         305   3.9665431434567466E-002
         306   3.9665431434567466E-002
         307   3.9665431434567466E-002
         308   3.9665431434567466E-002
         309   3.9665431434567466E-002
         310   3.9665431434567466E-002
         311   3.9665431434567466E-002
         312   3.9665431434567466E-002
         313   3.9665431434567466E-002
         314   3.9665431434567466E-002
         315   3.9665431434567466E-002
         316   3.9665431434567466E-002
         317   3.9665431434567466E-002
         318   3.9665431434567466E-002
         319   3.9665431434567466E-002
         320   3.9665431434567466E-002
         321   3.9665431434567466E-002
         322   3.9665431434567466E-002
         323   3.9665431434567466E-002
         324   3.9665431434567466E-002
         325   3.9665431434567466E-002
         326   3.9665431434567466E-002
         327   3.9665431434567466E-002
         328   3.9665431434567466E-002
         329   3.9665431434567466E-002
         330   3.9665431434567466E-002
         331   3.9665431434567466E-002
         332   3.9665431434567466E-002
         333   3.9665431434567466E-002
         334   3.9665431434567466E-002
         335   3.9665431434567466E-002
         336   3.9665431434567466E-002
         337   3.9665431434567466E-002
         338   3.9665431434567466E-002
         339   3.9665431434567466E-002
         340   3.9665431434567466E-002
         341   3.9665431434567466E-002
         342   3.9665431434567466E-002
         343   3.9665431434567466E-002
         344   3.9665431434567466E-002
         345   3.9665431434567466E-002
         346   3.9665431434567466E-002
         347   3.9665431434567466E-002
         348   3.9665431434567466E-002
         349   3.9665431434567466E-002
         350   3.9665431434567466E-002
         351   3.9665431434567466E-002
         352   3.9665431434567466E-002
         353   3.9665431434567466E-002
         354   3.9665431434567466E-002
         355   3.9665431434567466E-002
         356   3.9665431434567466E-002
         357   3.9665431434567466E-002
         358   3.9665431434567466E-002
         359   3.9665431434567466E-002
         360   3.9665431434567466E-002
         361   3.9665431434567466E-002
         362   3.9665431434567466E-002
         363   3.9665431434567466E-002
         364   3.9665431434567466E-002
         365   3.9665431434567466E-002
         366   3.9665431434567466E-002
         367   3.9665431434567466E-002
         368   3.9665431434567466E-002
         369   3.9665431434567466E-002
         370   3.9665431434567466E-002
         371   3.9665431434567466E-002
         372   3.9665431434567466E-002
         373   3.9665431434567466E-002
         374   3.9665431434567466E-002
         375   3.9665431434567466E-002
         376   3.9665431434567466E-002
         377   3.9665431434567466E-002
         378   3.9665431434567466E-002
         379   3.9665431434567466E-002
         380   3.9665431434567466E-002
         381   3.9665431434567466E-002
         382   3.9665431434567466E-002
         383   3.9665431434567466E-002
         384   3.9665431434567466E-002
         385   3.9665431434567466E-002
         386   3.9665431434567466E-002
         387   3.9665431434567466E-002
         388   3.9665431434567466E-002
         389   3.9665431434567466E-002
         390   3.9665431434567466E-002
         391   3.9665431434567466E-002
         392   3.9665431434567466E-002
         393   3.9665431434567466E-002
         394   3.9665431434567466E-002
         395   3.9665431434567466E-002
         396   3.9665431434567466E-002
         397   3.9665431434567466E-002
         398   3.9665431434567466E-002
         399   3.9665431434567466E-002
         400   3.9665431434567466E-002
         401   3.9665431434567466E-002
         402   3.9665431434567466E-002
         403   3.9665431434567466E-002
         404   3.9665431434567466E-002
         405   3.9665431434567466E-002
         406   3.9665431434567466E-002
         407   3.9665431434567466E-002
         408   3.9665431434567466E-002
         409   3.9665431434567466E-002
         410   3.9665431434567466E-002
         411   3.9665431434567466E-002
         412   3.9665431434567466E-002
         413   3.9665431434567466E-002
         414   3.9665431434567466E-002
         415   3.9665431434567466E-002
         416   3.9665431434567466E-002
         417   3.9665431434567466E-002
         418   3.9665431434567466E-002
         419   3.9665431434567466E-002
         420   3.9665431434567466E-002
         421   3.9665431434567466E-002
         422   3.9665431434567466E-002
         423   3.9665431434567466E-002
         424   3.9665431434567466E-002
         425   3.9665431434567466E-002
         426   3.9665431434567466E-002
         427   3.9665431434567466E-002
         428   3.9665431434567466E-002
         429   3.9665431434567466E-002
         430   3.9665431434567466E-002
         431   3.9665431434567466E-002
         432   3.9665431434567466E-002
         433   3.9665431434567466E-002
         434   3.9665431434567466E-002
         435   3.9665431434567466E-002
         436   3.9665431434567466E-002
         437   3.9665431434567466E-002
         438   3.9665431434567466E-002
         439   3.9665431434567466E-002
         440   3.9665431434567466E-002
         441   3.9665431434567466E-002
         442   3.9665431434567466E-002
         443   3.9665431434567466E-002
         444   3.9665431434567466E-002
         445   3.9665431434567466E-002
         446   3.9665431434567466E-002
         447   3.9665431434567466E-002
         448   3.9665431434567466E-002
         449   3.9665431434567466E-002
         450   3.9665431434567466E-002
         451   3.9665431434567466E-002
         452   3.9665431434567466E-002
         453   3.9665431434567466E-002
         454   3.9665431434567466E-002
         455   3.9665431434567466E-002
         456   3.9665431434567466E-002
         457   3.9665431434567466E-002
         458   3.9665431434567466E-002
         459   3.9665431434567466E-002
         460   3.9665431434567466E-002
         461   3.9665431434567466E-002
         462   3.9665431434567466E-002
         463   3.9665431434567466E-002
         464   3.9665431434567466E-002
         465   3.9665431434567466E-002
         466   3.9665431434567466E-002
         467   3.9665431434567466E-002
         468   3.9665431434567466E-002
         469   3.9665431434567466E-002
         470   3.9665431434567466E-002
         471   3.9665431434567466E-002
         472   3.9665431434567466E-002
         473   3.9665431434567466E-002
         474   3.9665431434567466E-002
         475   3.9665431434567466E-002
         476   3.9665431434567466E-002
         477   3.9665431434567466E-002
         478   3.9665431434567466E-002
         479   3.9665431434567466E-002
         480   3.9665431434567466E-002
         481   3.9665431434567466E-002
         482   3.9665431434567466E-002
         483   3.9665431434567466E-002
         484   3.9665431434567466E-002
         485   3.9665431434567466E-002
         486   3.9665431434567466E-002
         487   3.9665431434567466E-002
         488   3.9665431434567466E-002
         489   3.9665431434567466E-002
         490   3.9665431434567466E-002
         491   3.9665431434567466E-002
         492   3.9665431434567466E-002
         493   3.9665431434567466E-002
         494   3.9665431434567466E-002
         495   3.9665431434567466E-002
         496   3.9665431434567466E-002
         497   3.9665431434567466E-002
         498   3.9665431434567466E-002
         499   3.9665431434567466E-002
         500   3.9665431434567466E-002
         501   3.9665431434567466E-002
         502   3.9665431434567466E-002
         503   3.9665431434567466E-002
         504   3.9665431434567466E-002
         505   3.9665431434567466E-002
         506   3.9665431434567466E-002
         507   3.9665431434567466E-002
         508   3.9665431434567466E-002
         509   3.9665431434567466E-002
         510   3.9665431434567466E-002
         511   3.9665431434567466E-002
         512   3.9665431434567466E-002
         513   3.9665431434567466E-002
         514   3.9665431434567466E-002
         515   3.9665431434567466E-002
         516   3.9665431434567466E-002
         517   3.9665431434567466E-002
         518   3.9665431434567466E-002
         519   3.9665431434567466E-002
         520   3.9665431434567466E-002
         521   3.9665431434567466E-002
         522   3.9665431434567466E-002
         523   3.9665431434567466E-002
         524   3.9665431434567466E-002
         525   3.9665431434567466E-002
         526   3.9665431434567466E-002
         527   3.9665431434567466E-002
         528   3.9665431434567466E-002
         529   3.9665431434567466E-002
         530   3.9665431434567466E-002
         531   3.9665431434567466E-002
         532   3.9665431434567466E-002
         533   3.9665431434567466E-002
         534   3.9665431434567466E-002
         535   3.9665431434567466E-002
         536   3.9665431434567466E-002
         537   3.9665431434567466E-002
         538   3.9665431434567466E-002
         539   3.9665431434567466E-002
         540   3.9665431434567466E-002
         541   3.9665431434567466E-002
         542   3.9665431434567466E-002
         543   3.9665431434567466E-002
         544   3.9665431434567466E-002
         545   3.9665431434567466E-002
         546   3.9665431434567466E-002
         547   3.9665431434567466E-002
         548   3.9665431434567466E-002
         549   3.9665431434567466E-002
         550   3.9665431434567466E-002
         551   3.9665431434567466E-002
         552   3.9665431434567466E-002
         553   3.9665431434567466E-002
         554   3.9665431434567466E-002
         555   3.9665431434567466E-002
         556   3.9665431434567466E-002
         557   3.9665431434567466E-002
         558   3.9665431434567466E-002
         559   3.9665431434567466E-002
         560   3.9665431434567466E-002
         561   3.9665431434567466E-002
         562   3.9665431434567466E-002
         563   3.9665431434567466E-002
         564   3.9665431434567466E-002
         565   3.9665431434567466E-002
         566   3.9665431434567466E-002
         567   3.9665431434567466E-002
         568   3.9665431434567466E-002
         569   3.9665431434567466E-002
         570   3.9665431434567466E-002
         571   3.9665431434567466E-002
         572   3.9665431434567466E-002
         573   3.9665431434567466E-002
         574   3.9665431434567466E-002
         575   3.9665431434567466E-002
         576   3.9665431434567466E-002
         577   3.9665431434567466E-002
         578   3.9665431434567466E-002
         579   3.9665431434567466E-002
         580   3.9665431434567466E-002
         581   3.9665431434567466E-002
         582   0.0000000000000000     
