           1   6.0480469253472595     
           2   6.0480469253472595     
           3   5.8616035298311715     
           4   2.9816035298311689     
           5   2.9816035298311689     
           6   2.4350213755689101     
           7   2.4350213755689101     
           8   2.0790857025725042     
           9   2.0390857025725051     
          10   2.0390857025725051     
          11   2.0390857025725051     
          12   2.0390857025725051     
          13   2.0390857025725051     
          14   1.9998327157172842     
          15   1.9998327157172842     
          16   1.9998327157172842     
          17   1.9998327157172842     
          18   1.9998327157172842     
          19   1.9998327157172842     
          20   1.9998327157172842     
          21   1.9998327157172842     
          22   1.9998327157172842     
          23   1.9998327157172842     
          24   1.9998327157172842     
          25   1.9998327157172842     
          26   1.9998327157172842     
          27   1.9998327157172842     
          28   1.9998327157172842     
          29   1.9998327157172842     
          30   1.9998327157172842     
          31   1.9998327157172842     
          32   1.9998327157172842     
          33   1.9998327157172842     
          34   1.9998327157172842     
          35   1.9998327157172842     
          36   1.9998327157172842     
          37   1.9998327157172842     
          38   1.9998327157172842     
          39   1.9998327157172842     
          40   1.9998327157172842     
          41   1.9998327157172842     
          42   1.9998327157172842     
          43   1.9998327157172842     
          44   1.9998327157172842     
          45   1.9998327157172842     
          46   1.9998327157172842     
          47   1.9998327157172842     
          48   1.9998327157172842     
          49   1.9998327157172842     
          50   1.9998327157172842     
          51   1.9998327157172842     
          52   1.9998327157172842     
          53   1.9998327157172842     
          54   1.9998327157172842     
          55   1.9998327157172842     
          56   1.9998327157172842     
          57   1.9998327157172842     
          58   1.9998327157172842     
          59   1.9998327157172842     
          60   1.9998327157172842     
          61   1.9998327157172842     
          62   1.9998327157172842     
          63   1.9998327157172842     
          64   1.9998327157172842     
          65   1.9998327157172842     
          66   1.9998327157172842     
          67   1.9998327157172842     
          68   1.9998327157172842     
          69   1.9998327157172842     
          70   1.9998327157172842     
          71   1.9998327157172842     
          72   1.9998327157172842     
          73   1.9998327157172842     
          74   1.9998327157172842     
          75   1.9998327157172842     
          76   1.9998327157172842     
          77   1.9998327157172842     
          78   1.9998327157172842     
          79   1.9998327157172842     
          80   1.9998327157172842     
          81   1.9998327157172842     
          82   1.9998327157172842     
          83   1.9998327157172842     
          84   1.9998327157172842     
          85   1.9016035298311689     
          86   1.6056678568347635     
          87   1.5858351411174798     
          88   1.5858351411174798     
          89   1.5858351411174798     
          90   1.5858351411174798     
          91   1.5858351411174798     
          92   1.5858351411174798     
          93   1.5858351411174798     
          94   1.5858351411174798     
          95   1.5858351411174798     
          96   1.5858351411174798     
          97   1.5858351411174798     
          98   1.5858351411174798     
          99   1.5858351411174798     
         100   1.5858351411174798     
         101   1.5858351411174798     
         102   1.5858351411174798     
         103   1.5858351411174798     
         104   1.5858351411174798     
         105   1.5858351411174798     
         106   1.5858351411174798     
         107   1.5858351411174798     
         108   1.5858351411174798     
         109   1.5858351411174798     
         110   1.5858351411174798     
         111   1.5858351411174798     
         112   1.5858351411174798     
         113   1.5858351411174798     
         114   1.5858351411174798     
         115   1.5858351411174798     
         116   1.5858351411174798     
         117   1.5858351411174798     
         118   1.5858351411174798     
         119   1.5858351411174798     
         120   1.5858351411174798     
         121   1.5858351411174798     
         122   1.5858351411174798     
         123   1.5858351411174798     
         124   1.5858351411174798     
         125   1.5858351411174798     
         126   1.5858351411174798     
         127   1.5858351411174798     
         128   1.5858351411174798     
         129   1.5858351411174798     
         130   1.5858351411174798     
         131   1.5858351411174798     
         132   1.5858351411174798     
         133   1.5858351411174798     
         134   1.5858351411174798     
         135   1.5858351411174798     
         136   1.5858351411174798     
         137   1.5858351411174798     
         138   1.5858351411174798     
         139   1.5858351411174798     
         140   1.5858351411174798     
         141   1.5858351411174798     
         142   1.5858351411174798     
         143   1.5858351411174798     
         144   1.5858351411174798     
         145   1.5858351411174798     
         146   1.5858351411174798     
         147   1.5858351411174798     
         148   1.5858351411174798     
         149   1.5858351411174798     
         150   1.5858351411174798     
         151   1.5858351411174798     
         152   1.5858351411174798     
         153   1.5858351411174798     
         154   1.5858351411174798     
         155   1.5858351411174798     
         156   1.5858351411174798     
         157   1.5858351411174798     
         158   1.5858351411174798     
         159   1.5858351411174798     
         160   1.5858351411174798     
         161   1.5858351411174798     
         162   1.5858351411174798     
         163   1.5858351411174798     
         164   1.5858351411174798     
         165   1.5858351411174798     
         166   1.5858351411174798     
         167   1.5858351411174798     
         168   1.4137958814268057     
         169   1.4137958814268057     
         170   1.4137958814268057     
         171   1.4137958814268057     
         172   1.4137958814268057     
         173   1.4137958814268057     
         174   1.4137958814268057     
         175   1.4137958814268057     
         176   1.4137958814268057     
         177   1.4137958814268057     
         178   1.4137958814268057     
         179   1.4137958814268057     
         180   1.4137958814268057     
         181   1.2972804795683412     
         182   1.2972804795683412     
         183   1.2972804795683412     
         184   1.2972804795683412     
         185   1.2972804795683412     
         186   1.2972804795683412     
         187   1.2972804795683412     
         188   1.2972804795683412     
         189   1.2972804795683412     
         190   1.2972804795683412     
         191   1.2972804795683412     
         192   1.2972804795683412     
         193   1.2972804795683412     
         194   1.2972804795683412     
         195   1.2972804795683412     
         196   1.2972804795683412     
         197   1.2972804795683412     
         198   1.2972804795683412     
         199   1.2972804795683412     
         200   1.2972804795683412     
         201   1.2972804795683412     
         202   1.2972804795683412     
         203   1.2972804795683412     
         204   1.2972804795683412     
         205   1.2972804795683412     
         206   1.2972804795683412     
         207   1.2972804795683412     
         208   1.2972804795683412     
         209   1.2972804795683412     
         210   1.2972804795683412     
         211   1.2972804795683412     
         212   1.2972804795683412     
         213   1.2972804795683412     
         214   1.2972804795683412     
         215   1.2972804795683412     
         216   1.2972804795683412     
         217   1.2972804795683412     
         218   1.2972804795683412     
         219   1.2972804795683412     
         220   1.2972804795683412     
         221   1.2972804795683412     
         222   1.2972804795683412     
         223   1.2972804795683412     
         224   1.2972804795683412     
         225   1.2972804795683412     
         226   1.2972804795683412     
         227   1.2972804795683412     
         228   1.2972804795683412     
         229   1.2972804795683412     
         230   1.2972804795683412     
         231   1.2972804795683412     
         232   1.2972804795683412     
         233   1.2972804795683412     
         234   1.2972804795683412     
         235   1.2972804795683412     
         236   1.2972804795683412     
         237   1.2972804795683412     
         238   1.2972804795683412     
         239   1.2972804795683412     
         240   1.2972804795683412     
         241   1.2972804795683412     
         242   1.2972804795683412     
         243   1.2972804795683412     
         244   1.2972804795683412     
         245   1.2972804795683412     
         246   1.2972804795683412     
         247   1.2972804795683412     
         248   1.2972804795683412     
         249   1.2972804795683412     
         250   1.2972804795683412     
         251   1.2972804795683412     
         252   1.2972804795683412     
         253   1.2972804795683412     
         254   1.2972804795683412     
         255   1.2972804795683412     
         256   1.2972804795683412     
         257   1.2972804795683412     
         258   1.2972804795683412     
         259   1.2972804795683412     
         260   1.2972804795683412     
         261   1.2972804795683412     
         262   1.2960549854262293     
         263   1.2960549854262293     
         264   1.2960549854262293     
         265   1.2960549854262293     
         266   1.2960549854262293     
         267   1.2960549854262293     
         268   1.2960549854262293     
         269   1.2960549854262293     
         270   1.2960549854262293     
         271   1.2960549854262293     
         272   1.2960549854262293     
         273   1.2960549854262293     
         274   1.2960549854262293     
         275   1.2960549854262293     
         276   1.2960549854262293     
         277   1.2960549854262293     
         278   1.2960549854262293     
         279   1.2960549854262293     
         280   1.2960549854262293     
         281   1.2960549854262293     
         282   1.2960549854262293     
         283   1.2960549854262293     
         284   1.2960549854262293     
         285   1.2960549854262293     
         286   1.2960549854262293     
         287   1.2960549854262293     
         288   1.2960549854262293     
         289   1.2960549854262293     
         290   1.2960549854262293     
         291   1.2960549854262293     
         292   1.2960549854262293     
         293   1.2960549854262293     
         294   1.2960549854262293     
         295   1.2960549854262293     
         296   1.2960549854262293     
         297   1.2960549854262293     
         298   1.2960549854262293     
         299   1.2960549854262293     
         300   1.2960549854262293     
         301   1.2960549854262293     
         302   1.2960549854262293     
         303   1.2960549854262293     
         304   1.2960549854262293     
         305   1.2960549854262293     
         306   1.2960549854262293     
         307   1.2960549854262293     
         308   1.2960549854262293     
         309   1.2960549854262293     
         310   1.2960549854262293     
         311   1.2960549854262293     
         312   1.2960549854262293     
         313   1.2960549854262293     
         314   1.2960549854262293     
         315   1.2960549854262293     
         316   1.2960549854262293     
         317   1.2960549854262293     
         318   1.2960549854262293     
         319   1.2960549854262293     
         320   1.2960549854262293     
         321   1.2960549854262293     
         322   1.2960549854262293     
         323   1.2960549854262293     
         324   1.2960549854262293     
         325   1.2960549854262293     
         326   1.2960549854262293     
         327   1.2960549854262293     
         328   1.2960549854262293     
         329   1.2960549854262293     
         330   1.2960549854262293     
         331   1.2960549854262293     
         332   1.2960549854262293     
         333   1.2960549854262293     
         334   1.2960549854262293     
         335   1.2960549854262293     
         336   1.1378602084303981     
         337   1.1180274927131144     
         338   1.1180274927131144     
         339   1.1180274927131144     
         340   1.1180274927131144     
         341   1.1180274927131144     
         342   1.1180274927131144     
         343   1.1180274927131144     
         344   1.1180274927131144     
         345   1.1180274927131144     
         346   1.1180274927131144     
         347   1.1180274927131144     
         348   1.1180274927131144     
         349   1.1180274927131144     
         350   1.1180274927131144     
         351   1.1180274927131144     
         352   1.1180274927131144     
         353   1.1180274927131144     
         354   1.1180274927131144     
         355   1.1180274927131144     
         356   1.1180274927131144     
         357   1.1180274927131144     
         358   1.1180274927131144     
         359   1.1180274927131144     
         360   1.1180274927131144     
         361   1.1180274927131144     
         362   1.1180274927131144     
         363   1.1180274927131144     
         364   1.1180274927131144     
         365   1.1180274927131144     
         366   1.1180274927131144     
         367   1.1180274927131144     
         368   1.1180274927131144     
         369   1.1180274927131144     
         370   1.1180274927131144     
         371   1.1180274927131144     
         372   1.1180274927131144     
         373   1.1180274927131144     
         374   1.1180274927131144     
         375   1.1180274927131144     
         376   1.1180274927131144     
         377   1.1180274927131144     
         378  0.33560110443097280     
         379  0.33560110443097280     
         380  0.33560110443097280     
         381  0.33560110443097280     
         382  0.33560110443097280     
         383  0.33560110443097280     
         384  0.33560110443097280     
         385  0.33560110443097280     
         386  0.33560110443097280     
         387  0.33560110443097280     
         388  0.33560110443097280     
         389  0.33560110443097280     
         390  0.33560110443097280     
         391  0.33560110443097280     
         392  0.33560110443097280     
         393  0.33560110443097280     
         394  0.33560110443097280     
         395  0.33560110443097280     
         396  0.33560110443097280     
         397  0.33560110443097280     
         398  0.33560110443097280     
         399  0.33560110443097280     
         400  0.33560110443097280     
         401  0.33560110443097280     
         402  0.33560110443097280     
         403  0.33560110443097280     
         404  0.33560110443097280     
         405  0.33560110443097280     
         406  0.33560110443097280     
         407  0.33560110443097280     
         408  0.33560110443097280     
         409  0.33560110443097280     
         410  0.33560110443097280     
         411  0.33560110443097280     
         412  0.33560110443097280     
         413  0.33560110443097280     
         414  0.33560110443097280     
         415  0.33560110443097280     
         416  0.33560110443097280     
         417  0.33560110443097280     
         418  0.33560110443097280     
         419  0.33560110443097280     
         420  0.33560110443097280     
         421  0.33560110443097280     
         422  0.33560110443097280     
         423  0.33560110443097280     
         424  0.33560110443097280     
         425  0.33560110443097280     
         426  0.33560110443097280     
         427  0.33560110443097280     
         428  0.33560110443097280     
         429  0.33560110443097280     
         430  0.33560110443097280     
         431  0.33560110443097280     
         432  0.33560110443097280     
         433  0.33560110443097280     
         434  0.33560110443097280     
         435  0.33560110443097280     
         436  0.33560110443097280     
         437  0.33560110443097280     
         438  0.33560110443097280     
         439  0.33560110443097280     
         440  0.33560110443097280     
         441  0.33560110443097280     
         442  0.33560110443097280     
         443  0.33560110443097280     
         444  0.33560110443097280     
         445  0.33560110443097280     
         446  0.33560110443097280     
         447  0.33560110443097280     
         448  0.33560110443097280     
         449  0.33560110443097280     
         450  0.33560110443097280     
         451  0.33560110443097280     
         452  0.33560110443097280     
         453  0.33560110443097280     
         454  0.33560110443097280     
         455  0.33560110443097280     
         456  0.33560110443097280     
         457  0.33560110443097280     
         458  0.33560110443097280     
         459  0.33560110443097280     
         460  0.33560110443097280     
         461  0.33560110443097280     
         462  0.33560110443097280     
         463  0.33560110443097280     
         464  0.33560110443097280     
         465  0.33560110443097280     
         466  0.33560110443097280     
         467  0.33560110443097280     
         468  0.33560110443097280     
         469  0.33560110443097280     
         470  0.33560110443097280     
         471  0.33560110443097280     
         472  0.33560110443097280     
         473  0.33560110443097280     
         474  0.33560110443097280     
         475  0.33560110443097280     
         476  0.33560110443097280     
         477  0.33560110443097280     
         478  0.33560110443097280     
         479  0.33560110443097280     
         480  0.33560110443097280     
         481  0.33560110443097280     
         482  0.33560110443097280     
         483  0.33560110443097280     
         484  0.33560110443097280     
         485  0.33560110443097280     
         486  0.33560110443097280     
         487  0.33560110443097280     
         488  0.33560110443097280     
         489  0.33560110443097280     
         490  0.33560110443097280     
         491  0.33560110443097280     
         492  0.33560110443097280     
         493  0.33560110443097280     
         494  0.33560110443097280     
         495  0.33560110443097280     
         496  0.33560110443097280     
         497  0.33560110443097280     
         498  0.33560110443097280     
         499  0.33560110443097280     
         500  0.33560110443097280     
         501  0.33560110443097280     
         502  0.33560110443097280     
         503  0.33560110443097280     
         504  0.33560110443097280     
         505  0.33560110443097280     
         506  0.33560110443097280     
         507  0.33560110443097280     
         508  0.33560110443097280     
         509  0.33560110443097280     
         510  0.33560110443097280     
         511  0.33560110443097280     
         512  0.33560110443097280     
         513  0.33560110443097280     
         514  0.33560110443097280     
         515  0.33560110443097280     
         516  0.33560110443097280     
         517  0.33560110443097280     
         518  0.33560110443097280     
         519  0.33560110443097280     
         520  0.33560110443097280     
         521  0.33560110443097280     
         522  0.33560110443097280     
         523  0.33560110443097280     
         524  0.33560110443097280     
         525  0.33560110443097280     
         526  0.33560110443097280     
         527  0.33560110443097280     
         528  0.33560110443097280     
         529  0.33560110443097280     
         530  0.33560110443097280     
         531  0.33560110443097280     
         532  0.33560110443097280     
         533  0.33560110443097280     
         534  0.33560110443097280     
         535  0.33560110443097280     
         536  0.33560110443097280     
         537  0.33560110443097280     
         538  0.33560110443097280     
         539  0.33560110443097280     
         540  0.33560110443097280     
         541  0.33560110443097280     
         542  0.33560110443097280     
         543  0.33560110443097280     
         544  0.33560110443097280     
         545  0.33560110443097280     
         546  0.33560110443097280     
         547  0.33560110443097280     
         548  0.33560110443097280     
         549  0.33560110443097280     
         550  0.33560110443097280     
         551  0.33560110443097280     
         552  0.33560110443097280     
         553  0.33560110443097280     
         554  0.33560110443097280     
         555  0.33560110443097280     
         556  0.33560110443097280     
         557  0.33560110443097280     
         558  0.33560110443097280     
         559  0.33560110443097280     
         560  0.33560110443097280     
         561  0.33560110443097280     
         562  0.33560110443097280     
         563  0.33560110443097280     
         564  0.33560110443097280     
         565  0.33560110443097280     
         566  0.33560110443097280     
         567  0.33560110443097280     
         568  0.33560110443097280     
         569  0.33560110443097280     
         570  0.33560110443097280     
         571  0.33560110443097280     
         572  0.33560110443097280     
         573  0.33560110443097280     
         574  0.33560110443097280     
         575  0.33560110443097280     
         576  0.33560110443097280     
         577  0.33560110443097280     
         578  0.33560110443097280     
         579  0.33560110443097280     
         580  0.33560110443097280     
         581  0.33560110443097280     
         582  0.33560110443097280     
         583  0.33560110443097280     
         584  0.33560110443097280     
         585  0.33560110443097280     
         586  0.33560110443097280     
         587  0.33560110443097280     
         588  0.33560110443097280     
         589  0.33560110443097280     
         590  0.33560110443097280     
         591  0.33560110443097280     
         592  0.33560110443097280     
         593  0.33560110443097280     
         594  0.33560110443097280     
         595  0.33560110443097280     
         596  0.33560110443097280     
         597  0.33560110443097280     
         598  0.33560110443097280     
         599  0.33560110443097280     
         600  0.33560110443097280     
         601  0.33560110443097280     
         602  0.33560110443097280     
         603  0.33560110443097280     
         604  0.33560110443097280     
         605  0.33560110443097280     
         606  0.33560110443097280     
         607  0.33560110443097280     
         608  0.33560110443097280     
         609  0.33560110443097280     
         610  0.33560110443097280     
         611  0.33560110443097280     
         612  0.33560110443097280     
         613  0.33560110443097280     
         614  0.33560110443097280     
         615  0.33560110443097280     
         616  0.33560110443097280     
         617  0.33560110443097280     
         618  0.33560110443097280     
         619  0.33560110443097280     
         620  0.33560110443097280     
         621  0.33560110443097280     
         622  0.33560110443097280     
         623  0.33560110443097280     
         624  0.33560110443097280     
         625  0.33560110443097280     
         626  0.33560110443097280     
         627  0.33560110443097280     
         628  0.33560110443097280     
         629  0.33560110443097280     
         630  0.33560110443097280     
         631  0.33560110443097280     
         632  0.33560110443097280     
         633  0.33560110443097280     
         634  0.33560110443097280     
         635  0.33560110443097280     
         636  0.33560110443097280     
         637  0.33560110443097280     
         638  0.33560110443097280     
         639  0.33560110443097280     
         640  0.33560110443097280     
         641  0.33560110443097280     
         642  0.33560110443097280     
         643  0.33560110443097280     
         644  0.33560110443097280     
         645  0.33560110443097280     
         646  0.33560110443097280     
         647  0.33560110443097280     
         648  0.33560110443097280     
         649  0.33560110443097280     
         650  0.33560110443097280     
         651  0.33560110443097280     
         652  0.33560110443097280     
         653  0.33560110443097280     
         654  0.33560110443097280     
         655  0.33560110443097280     
         656  0.33560110443097280     
         657  0.33560110443097280     
         658  0.33560110443097280     
         659  0.33560110443097280     
         660  0.33560110443097280     
         661  0.33560110443097280     
         662  0.33560110443097280     
         663  0.33560110443097280     
         664  0.33560110443097280     
         665  0.33560110443097280     
         666  0.33560110443097280     
         667  0.33560110443097280     
         668  0.33560110443097280     
         669  0.33560110443097280     
         670  0.33560110443097280     
         671  0.33560110443097280     
         672  0.33560110443097280     
         673  0.33560110443097280     
         674  0.33560110443097280     
         675  0.33560110443097280     
         676  0.33560110443097280     
         677  0.33560110443097280     
         678  0.33560110443097280     
         679  0.33560110443097280     
         680  0.33560110443097280     
         681  0.33560110443097280     
         682  0.33560110443097280     
         683  0.33560110443097280     
         684  0.33560110443097280     
         685  0.33560110443097280     
         686  0.33560110443097280     
         687  0.33560110443097280     
         688  0.33560110443097280     
         689  0.33560110443097280     
         690  0.33560110443097280     
         691  0.33560110443097280     
         692  0.33560110443097280     
         693  0.33560110443097280     
         694  0.33560110443097280     
         695  0.33560110443097280     
         696  0.33560110443097280     
         697  0.33560110443097280     
         698  0.33560110443097280     
         699  0.33560110443097280     
         700  0.33560110443097280     
         701  0.33560110443097280     
         702  0.33560110443097280     
         703  0.33560110443097280     
         704  0.33560110443097280     
         705  0.33560110443097280     
         706  0.33560110443097280     
         707  0.33560110443097280     
         708  0.33560110443097280     
         709  0.33560110443097280     
         710  0.33560110443097280     
         711  0.33560110443097280     
         712  0.33560110443097280     
         713  0.33560110443097280     
         714  0.33560110443097280     
         715  0.33560110443097280     
         716  0.33560110443097280     
         717  0.33560110443097280     
         718  0.33560110443097280     
         719  0.33560110443097280     
         720  0.33560110443097280     
         721  0.33560110443097280     
         722  0.33560110443097280     
         723  0.33560110443097280     
         724  0.33560110443097280     
         725  0.33560110443097280     
         726  0.33560110443097280     
         727  0.33560110443097280     
         728  0.33560110443097280     
         729  0.33560110443097280     
         730  0.33560110443097280     
         731  0.33560110443097280     
         732  0.33560110443097280     
         733  0.33560110443097280     
         734  0.33560110443097280     
         735  0.33560110443097280     
         736  0.33560110443097280     
         737  0.33560110443097280     
         738  0.33560110443097280     
         739  0.33560110443097280     
         740  0.33560110443097280     
         741  0.33560110443097280     
         742  0.33560110443097280     
         743  0.33560110443097280     
         744  0.33560110443097280     
         745  0.33560110443097280     
         746  0.33560110443097280     
         747  0.33560110443097280     
         748  0.33560110443097280     
         749  0.33560110443097280     
         750  0.33560110443097280     
         751  0.33560110443097280     
         752  0.33560110443097280     
         753  0.33560110443097280     
         754  0.33560110443097280     
         755  0.33560110443097280     
         756  0.33560110443097280     
         757  0.33560110443097280     
         758  0.33560110443097280     
         759  0.33560110443097280     
         760  0.33560110443097280     
         761  0.33560110443097280     
         762  0.33560110443097280     
         763  0.33560110443097280     
         764  0.33560110443097280     
         765  0.33560110443097280     
         766  0.33560110443097280     
         767  0.33560110443097280     
         768  0.33560110443097280     
         769  0.33560110443097280     
         770  0.33560110443097280     
         771  0.33560110443097280     
         772  0.33560110443097280     
         773  0.33560110443097280     
         774  0.33560110443097280     
         775  0.33560110443097280     
         776  0.33560110443097280     
         777  0.33560110443097280     
         778  0.33560110443097280     
         779  0.33560110443097280     
         780  0.33560110443097280     
         781  0.33560110443097280     
         782  0.33560110443097280     
         783  0.33560110443097280     
         784  0.33560110443097280     
         785  0.33560110443097280     
         786  0.33560110443097280     
         787  0.33560110443097280     
         788  0.33560110443097280     
         789  0.33560110443097280     
         790  0.33560110443097280     
         791  0.33560110443097280     
         792  0.33560110443097280     
         793  0.33560110443097280     
         794  0.33560110443097280     
         795  0.33560110443097280     
         796  0.33560110443097280     
         797  0.33560110443097280     
         798  0.33560110443097280     
         799  0.33560110443097280     
         800  0.33560110443097280     
         801  0.33560110443097280     
         802  0.33560110443097280     
         803  0.33560110443097280     
         804  0.33560110443097280     
         805  0.33560110443097280     
         806  0.33560110443097280     
         807  0.33560110443097280     
         808  0.33560110443097280     
         809  0.33560110443097280     
         810  0.33560110443097280     
         811  0.33560110443097280     
         812  0.33560110443097280     
         813  0.33560110443097280     
         814  0.33560110443097280     
         815  0.33560110443097280     
         816  0.33560110443097280     
         817  0.33560110443097280     
         818  0.33560110443097280     
         819  0.33560110443097280     
         820  0.33560110443097280     
         821  0.33560110443097280     
         822  0.33560110443097280     
         823  0.33560110443097280     
         824  0.33560110443097280     
         825  0.33560110443097280     
         826  0.33560110443097280     
         827  0.33560110443097280     
         828  0.33560110443097280     
         829  0.33560110443097280     
         830  0.33560110443097280     
         831  0.33560110443097280     
         832  0.33560110443097280     
         833  0.33560110443097280     
         834  0.33560110443097280     
         835  0.33560110443097280     
         836  0.33560110443097280     
         837  0.33560110443097280     
         838  0.33560110443097280     
         839  0.33560110443097280     
         840  0.33560110443097280     
         841  0.33560110443097280     
         842  0.33560110443097280     
         843   0.0000000000000000     
