           1   12.897940283910625     
           2   10.724650801230371     
           3   4.2062205590973498     
           4   4.2062205590973498     
           5   3.8004821144995820     
           6   3.8004821144995820     
           7   3.8004821144995820     
           8   3.8004821144995820     
           9   2.7891683406788461     
          10   2.7891683406788461     
          11   1.0000000000000000     
          12   1.0000000000000000     
          13   1.0000000000000000     
          14   1.0000000000000000     
          15   1.0000000000000000     
          16   1.0000000000000000     
          17   1.0000000000000000     
          18   1.0000000000000000     
          19   1.0000000000000000     
          20   1.0000000000000000     
          21   1.0000000000000000     
          22   1.0000000000000000     
          23   1.0000000000000000     
          24   1.0000000000000000     
          25   1.0000000000000000     
          26   1.0000000000000000     
          27   1.0000000000000000     
          28   1.0000000000000000     
          29   1.0000000000000000     
          30   1.0000000000000000     
          31   1.0000000000000000     
          32   1.0000000000000000     
          33   1.0000000000000000     
          34   1.0000000000000000     
          35   1.0000000000000000     
          36   1.0000000000000000     
          37   1.0000000000000000     
          38   1.0000000000000000     
          39   1.0000000000000000     
          40   1.0000000000000000     
          41   1.0000000000000000     
          42   1.0000000000000000     
          43   1.0000000000000000     
          44   1.0000000000000000     
          45   1.0000000000000000     
          46   1.0000000000000000     
          47   1.0000000000000000     
          48   1.0000000000000000     
          49   1.0000000000000000     
          50   1.0000000000000000     
          51   1.0000000000000000     
          52   1.0000000000000000     
          53   1.0000000000000000     
          54   1.0000000000000000     
          55   1.0000000000000000     
          56   1.0000000000000000     
          57   1.0000000000000000     
          58   1.0000000000000000     
          59   1.0000000000000000     
          60   1.0000000000000000     
          61   1.0000000000000000     
          62   1.0000000000000000     
          63   1.0000000000000000     
          64   1.0000000000000000     
          65   1.0000000000000000     
          66   1.0000000000000000     
          67   1.0000000000000000     
          68   1.0000000000000000     
          69   1.0000000000000000     
          70   1.0000000000000000     
          71   1.0000000000000000     
          72   1.0000000000000000     
          73   1.0000000000000000     
          74   1.0000000000000000     
          75   1.0000000000000000     
          76   1.0000000000000000     
          77   1.0000000000000000     
          78   1.0000000000000000     
          79   1.0000000000000000     
          80   1.0000000000000000     
          81   1.0000000000000000     
          82   1.0000000000000000     
          83   1.0000000000000000     
          84   1.0000000000000000     
          85   1.0000000000000000     
          86   1.0000000000000000     
          87   1.0000000000000000     
          88   1.0000000000000000     
          89   1.0000000000000000     
          90   1.0000000000000000     
          91   1.0000000000000000     
          92   1.0000000000000000     
          93   1.0000000000000000     
          94   1.0000000000000000     
          95   1.0000000000000000     
          96   1.0000000000000000     
          97   1.0000000000000000     
          98   1.0000000000000000     
          99   1.0000000000000000     
         100   1.0000000000000000     
         101   1.0000000000000000     
         102   1.0000000000000000     
         103   1.0000000000000000     
         104   1.0000000000000000     
         105   1.0000000000000000     
         106   1.0000000000000000     
         107   1.0000000000000000     
         108   1.0000000000000000     
         109   1.0000000000000000     
         110   1.0000000000000000     
         111   1.0000000000000000     
         112   1.0000000000000000     
         113   1.0000000000000000     
         114   1.0000000000000000     
         115   1.0000000000000000     
         116   1.0000000000000000     
         117   1.0000000000000000     
         118   1.0000000000000000     
         119   1.0000000000000000     
         120   1.0000000000000000     
         121   1.0000000000000000     
         122   1.0000000000000000     
         123   1.0000000000000000     
         124   1.0000000000000000     
         125   1.0000000000000000     
         126   1.0000000000000000     
         127   1.0000000000000000     
         128   1.0000000000000000     
         129   1.0000000000000000     
         130   1.0000000000000000     
         131   1.0000000000000000     
         132   1.0000000000000000     
         133   1.0000000000000000     
         134   1.0000000000000000     
         135   1.0000000000000000     
         136   1.0000000000000000     
         137   1.0000000000000000     
         138   1.0000000000000000     
         139   1.0000000000000000     
         140   1.0000000000000000     
         141   1.0000000000000000     
         142   1.0000000000000000     
         143   1.0000000000000000     
         144   1.0000000000000000     
         145   1.0000000000000000     
         146   1.0000000000000000     
         147   1.0000000000000000     
         148   1.0000000000000000     
         149   1.0000000000000000     
         150   1.0000000000000000     
         151   1.0000000000000000     
         152   1.0000000000000000     
         153   1.0000000000000000     
         154   1.0000000000000000     
         155   1.0000000000000000     
         156   1.0000000000000000     
         157   1.0000000000000000     
         158   1.0000000000000000     
         159   1.0000000000000000     
         160   1.0000000000000000     
         161   1.0000000000000000     
         162   1.0000000000000000     
         163   1.0000000000000000     
         164   1.0000000000000000     
         165   1.0000000000000000     
         166   1.0000000000000000     
         167   1.0000000000000000     
         168   1.0000000000000000     
         169   1.0000000000000000     
         170   1.0000000000000000     
         171   1.0000000000000000     
         172   1.0000000000000000     
         173   1.0000000000000000     
         174   1.0000000000000000     
         175   1.0000000000000000     
         176   1.0000000000000000     
         177   1.0000000000000000     
         178   1.0000000000000000     
         179   1.0000000000000000     
         180   1.0000000000000000     
         181   1.0000000000000000     
         182   1.0000000000000000     
         183   1.0000000000000000     
         184   1.0000000000000000     
         185   1.0000000000000000     
         186   1.0000000000000000     
         187   1.0000000000000000     
         188   1.0000000000000000     
         189   1.0000000000000000     
         190   1.0000000000000000     
         191   1.0000000000000000     
         192   1.0000000000000000     
         193   1.0000000000000000     
         194   1.0000000000000000     
         195   1.0000000000000000     
         196   1.0000000000000000     
         197   1.0000000000000000     
         198   1.0000000000000000     
         199   1.0000000000000000     
         200   1.0000000000000000     
         201   1.0000000000000000     
         202   1.0000000000000000     
         203   1.0000000000000000     
         204   1.0000000000000000     
         205   1.0000000000000000     
         206   1.0000000000000000     
         207   1.0000000000000000     
         208   1.0000000000000000     
         209   1.0000000000000000     
         210   1.0000000000000000     
         211   1.0000000000000000     
         212   1.0000000000000000     
         213   1.0000000000000000     
         214   1.0000000000000000     
         215   1.0000000000000000     
         216   1.0000000000000000     
         217   1.0000000000000000     
         218   1.0000000000000000     
         219   1.0000000000000000     
         220   1.0000000000000000     
         221   1.0000000000000000     
         222   1.0000000000000000     
         223   1.0000000000000000     
         224   1.0000000000000000     
         225   1.0000000000000000     
         226   1.0000000000000000     
         227   1.0000000000000000     
         228   1.0000000000000000     
         229   1.0000000000000000     
         230   1.0000000000000000     
         231   1.0000000000000000     
         232   1.0000000000000000     
         233   1.0000000000000000     
         234   1.0000000000000000     
         235   1.0000000000000000     
         236   1.0000000000000000     
         237   1.0000000000000000     
         238   1.0000000000000000     
         239   1.0000000000000000     
         240   1.0000000000000000     
         241   1.0000000000000000     
         242   1.0000000000000000     
         243   1.0000000000000000     
         244   1.0000000000000000     
         245   1.0000000000000000     
         246   1.0000000000000000     
         247   1.0000000000000000     
         248   1.0000000000000000     
         249   1.0000000000000000     
         250   1.0000000000000000     
         251   1.0000000000000000     
         252   1.0000000000000000     
         253   1.0000000000000000     
         254   1.0000000000000000     
         255   1.0000000000000000     
         256   1.0000000000000000     
         257   1.0000000000000000     
         258   1.0000000000000000     
         259   1.0000000000000000     
         260   1.0000000000000000     
         261   1.0000000000000000     
         262   1.0000000000000000     
         263   1.0000000000000000     
         264   1.0000000000000000     
         265   1.0000000000000000     
         266   1.0000000000000000     
         267   1.0000000000000000     
         268   1.0000000000000000     
         269   1.0000000000000000     
         270   1.0000000000000000     
         271   1.0000000000000000     
         272   1.0000000000000000     
         273   1.0000000000000000     
         274   1.0000000000000000     
         275   1.0000000000000000     
         276   1.0000000000000000     
         277   1.0000000000000000     
         278   1.0000000000000000     
         279   1.0000000000000000     
         280   1.0000000000000000     
         281   1.0000000000000000     
         282   1.0000000000000000     
         283   1.0000000000000000     
         284   1.0000000000000000     
         285   1.0000000000000000     
         286   1.0000000000000000     
         287   1.0000000000000000     
         288   1.0000000000000000     
         289   1.0000000000000000     
         290   1.0000000000000000     
         291   1.0000000000000000     
         292   1.0000000000000000     
         293   1.0000000000000000     
         294   1.0000000000000000     
         295   1.0000000000000000     
         296   1.0000000000000000     
         297   1.0000000000000000     
         298   1.0000000000000000     
         299   1.0000000000000000     
         300   1.0000000000000000     
         301   1.0000000000000000     
         302   1.0000000000000000     
         303   1.0000000000000000     
         304   1.0000000000000000     
         305   1.0000000000000000     
         306   1.0000000000000000     
         307   1.0000000000000000     
         308   1.0000000000000000     
         309   1.0000000000000000     
         310   1.0000000000000000     
         311   1.0000000000000000     
         312   1.0000000000000000     
         313   1.0000000000000000     
         314   1.0000000000000000     
         315   1.0000000000000000     
         316   1.0000000000000000     
         317   1.0000000000000000     
         318   1.0000000000000000     
         319   1.0000000000000000     
         320   1.0000000000000000     
         321   1.0000000000000000     
         322   1.0000000000000000     
         323   1.0000000000000000     
         324   1.0000000000000000     
         325   1.0000000000000000     
         326   1.0000000000000000     
         327   1.0000000000000000     
         328   1.0000000000000000     
         329   1.0000000000000000     
         330   1.0000000000000000     
         331   1.0000000000000000     
         332   1.0000000000000000     
         333   1.0000000000000000     
         334   1.0000000000000000     
         335   1.0000000000000000     
         336   1.0000000000000000     
         337   1.0000000000000000     
         338   1.0000000000000000     
         339   1.0000000000000000     
         340   1.0000000000000000     
         341   1.0000000000000000     
         342   1.0000000000000000     
         343   1.0000000000000000     
         344   1.0000000000000000     
         345   1.0000000000000000     
         346   1.0000000000000000     
         347   1.0000000000000000     
         348   1.0000000000000000     
         349   1.0000000000000000     
         350   1.0000000000000000     
         351   1.0000000000000000     
         352   1.0000000000000000     
         353   1.0000000000000000     
         354   1.0000000000000000     
         355   1.0000000000000000     
         356   1.0000000000000000     
         357   1.0000000000000000     
         358   1.0000000000000000     
         359   1.0000000000000000     
         360   1.0000000000000000     
         361   1.0000000000000000     
         362   1.0000000000000000     
         363   1.0000000000000000     
         364   1.0000000000000000     
         365   1.0000000000000000     
         366   1.0000000000000000     
         367   1.0000000000000000     
         368   1.0000000000000000     
         369   1.0000000000000000     
         370   1.0000000000000000     
         371   1.0000000000000000     
         372   1.0000000000000000     
         373   1.0000000000000000     
         374   1.0000000000000000     
         375   1.0000000000000000     
         376   1.0000000000000000     
         377   1.0000000000000000     
         378   1.0000000000000000     
         379   1.0000000000000000     
         380   1.0000000000000000     
         381   1.0000000000000000     
         382   1.0000000000000000     
         383   1.0000000000000000     
         384   1.0000000000000000     
         385   1.0000000000000000     
         386   1.0000000000000000     
         387   1.0000000000000000     
         388   1.0000000000000000     
         389   1.0000000000000000     
         390   1.0000000000000000     
         391   1.0000000000000000     
         392   1.0000000000000000     
         393   1.0000000000000000     
         394   1.0000000000000000     
         395   1.0000000000000000     
         396   1.0000000000000000     
         397   1.0000000000000000     
         398   1.0000000000000000     
         399   1.0000000000000000     
         400   1.0000000000000000     
         401   1.0000000000000000     
         402   1.0000000000000000     
         403   1.0000000000000000     
         404   1.0000000000000000     
         405   1.0000000000000000     
         406   1.0000000000000000     
         407   1.0000000000000000     
         408   1.0000000000000000     
         409   1.0000000000000000     
         410   1.0000000000000000     
         411   1.0000000000000000     
         412   1.0000000000000000     
         413   1.0000000000000000     
         414   1.0000000000000000     
         415   1.0000000000000000     
         416   1.0000000000000000     
         417   1.0000000000000000     
         418   1.0000000000000000     
         419   1.0000000000000000     
         420   1.0000000000000000     
         421   1.0000000000000000     
         422   1.0000000000000000     
         423   1.0000000000000000     
         424   1.0000000000000000     
         425   1.0000000000000000     
         426   1.0000000000000000     
         427   1.0000000000000000     
         428   1.0000000000000000     
         429   1.0000000000000000     
         430   1.0000000000000000     
         431   1.0000000000000000     
         432   1.0000000000000000     
         433   1.0000000000000000     
         434   1.0000000000000000     
         435   1.0000000000000000     
         436   1.0000000000000000     
         437   1.0000000000000000     
         438   1.0000000000000000     
         439   1.0000000000000000     
         440   1.0000000000000000     
         441   1.0000000000000000     
         442   1.0000000000000000     
         443   1.0000000000000000     
         444   1.0000000000000000     
         445   1.0000000000000000     
         446   1.0000000000000000     
         447   1.0000000000000000     
         448   1.0000000000000000     
         449   1.0000000000000000     
         450   1.0000000000000000     
         451   1.0000000000000000     
         452   1.0000000000000000     
         453   1.0000000000000000     
         454   1.0000000000000000     
         455   1.0000000000000000     
         456   1.0000000000000000     
         457   1.0000000000000000     
         458   1.0000000000000000     
         459   1.0000000000000000     
         460   1.0000000000000000     
         461   1.0000000000000000     
         462   1.0000000000000000     
         463   1.0000000000000000     
         464   1.0000000000000000     
         465   1.0000000000000000     
         466   1.0000000000000000     
         467   1.0000000000000000     
         468   1.0000000000000000     
         469   1.0000000000000000     
         470   1.0000000000000000     
         471   1.0000000000000000     
         472   1.0000000000000000     
         473   1.0000000000000000     
         474   1.0000000000000000     
         475   1.0000000000000000     
         476   1.0000000000000000     
         477   1.0000000000000000     
         478   1.0000000000000000     
         479   1.0000000000000000     
         480   1.0000000000000000     
         481   1.0000000000000000     
         482   1.0000000000000000     
         483   1.0000000000000000     
         484   1.0000000000000000     
         485   1.0000000000000000     
         486   1.0000000000000000     
         487   1.0000000000000000     
         488   1.0000000000000000     
         489   1.0000000000000000     
         490   1.0000000000000000     
         491   1.0000000000000000     
         492   1.0000000000000000     
         493   1.0000000000000000     
         494   1.0000000000000000     
         495   1.0000000000000000     
         496   1.0000000000000000     
         497   1.0000000000000000     
         498   1.0000000000000000     
         499   1.0000000000000000     
         500   1.0000000000000000     
         501   1.0000000000000000     
         502   1.0000000000000000     
         503   1.0000000000000000     
         504   1.0000000000000000     
         505   1.0000000000000000     
         506   1.0000000000000000     
         507   1.0000000000000000     
         508   1.0000000000000000     
         509   1.0000000000000000     
         510   1.0000000000000000     
         511   1.0000000000000000     
         512   1.0000000000000000     
         513   1.0000000000000000     
         514   1.0000000000000000     
         515   1.0000000000000000     
         516   1.0000000000000000     
         517   1.0000000000000000     
         518   1.0000000000000000     
         519   1.0000000000000000     
         520   1.0000000000000000     
         521   1.0000000000000000     
         522   1.0000000000000000     
         523   1.0000000000000000     
         524   1.0000000000000000     
         525   1.0000000000000000     
         526   1.0000000000000000     
         527   1.0000000000000000     
         528   1.0000000000000000     
         529   1.0000000000000000     
         530   1.0000000000000000     
         531   1.0000000000000000     
         532   1.0000000000000000     
         533   1.0000000000000000     
         534   1.0000000000000000     
         535   1.0000000000000000     
         536   1.0000000000000000     
         537   1.0000000000000000     
         538   1.0000000000000000     
         539   1.0000000000000000     
         540   1.0000000000000000     
         541   1.0000000000000000     
         542   1.0000000000000000     
         543   1.0000000000000000     
         544   1.0000000000000000     
         545   1.0000000000000000     
         546   1.0000000000000000     
         547   1.0000000000000000     
         548   1.0000000000000000     
         549   1.0000000000000000     
         550   1.0000000000000000     
         551   1.0000000000000000     
         552   1.0000000000000000     
         553   1.0000000000000000     
         554   1.0000000000000000     
         555   1.0000000000000000     
         556   1.0000000000000000     
         557   1.0000000000000000     
         558   1.0000000000000000     
         559   1.0000000000000000     
         560   1.0000000000000000     
         561   1.0000000000000000     
         562   1.0000000000000000     
         563   1.0000000000000000     
         564   1.0000000000000000     
         565   1.0000000000000000     
         566   1.0000000000000000     
         567   1.0000000000000000     
         568   1.0000000000000000     
         569   1.0000000000000000     
         570   1.0000000000000000     
         571   1.0000000000000000     
         572   1.0000000000000000     
         573   1.0000000000000000     
         574   1.0000000000000000     
         575   1.0000000000000000     
         576   1.0000000000000000     
         577   1.0000000000000000     
         578   1.0000000000000000     
         579   1.0000000000000000     
         580   1.0000000000000000     
         581   1.0000000000000000     
         582   1.0000000000000000     
         583   1.0000000000000000     
         584   1.0000000000000000     
         585   1.0000000000000000     
         586   1.0000000000000000     
         587   1.0000000000000000     
         588   1.0000000000000000     
         589   1.0000000000000000     
         590   1.0000000000000000     
         591   1.0000000000000000     
         592   1.0000000000000000     
         593   1.0000000000000000     
         594   1.0000000000000000     
         595   1.0000000000000000     
         596   1.0000000000000000     
         597   1.0000000000000000     
         598   1.0000000000000000     
         599   1.0000000000000000     
         600   1.0000000000000000     
         601   1.0000000000000000     
         602   1.0000000000000000     
         603   1.0000000000000000     
         604   1.0000000000000000     
         605   1.0000000000000000     
         606   1.0000000000000000     
         607   1.0000000000000000     
         608   1.0000000000000000     
         609   1.0000000000000000     
         610   1.0000000000000000     
         611   1.0000000000000000     
         612   1.0000000000000000     
         613   1.0000000000000000     
         614   1.0000000000000000     
         615   1.0000000000000000     
         616   1.0000000000000000     
         617   1.0000000000000000     
         618   1.0000000000000000     
         619   1.0000000000000000     
         620   1.0000000000000000     
         621   1.0000000000000000     
         622   1.0000000000000000     
         623   1.0000000000000000     
         624   1.0000000000000000     
         625   1.0000000000000000     
         626   1.0000000000000000     
         627   1.0000000000000000     
         628   1.0000000000000000     
         629   1.0000000000000000     
         630   1.0000000000000000     
         631   1.0000000000000000     
         632   1.0000000000000000     
         633   1.0000000000000000     
         634   1.0000000000000000     
         635   1.0000000000000000     
         636   1.0000000000000000     
         637   1.0000000000000000     
         638   1.0000000000000000     
         639   1.0000000000000000     
         640   1.0000000000000000     
         641   1.0000000000000000     
         642   1.0000000000000000     
         643   1.0000000000000000     
         644   1.0000000000000000     
         645   1.0000000000000000     
         646   1.0000000000000000     
         647   1.0000000000000000     
         648   1.0000000000000000     
         649   1.0000000000000000     
         650   1.0000000000000000     
         651   1.0000000000000000     
         652   1.0000000000000000     
         653   1.0000000000000000     
         654   1.0000000000000000     
         655   1.0000000000000000     
         656   1.0000000000000000     
         657   1.0000000000000000     
         658   1.0000000000000000     
         659   1.0000000000000000     
         660   1.0000000000000000     
         661   1.0000000000000000     
         662   1.0000000000000000     
         663   1.0000000000000000     
         664   1.0000000000000000     
         665   1.0000000000000000     
         666   1.0000000000000000     
         667   1.0000000000000000     
         668   1.0000000000000000     
         669   1.0000000000000000     
         670   1.0000000000000000     
         671   1.0000000000000000     
         672   1.0000000000000000     
         673   1.0000000000000000     
         674   1.0000000000000000     
         675   1.0000000000000000     
         676   1.0000000000000000     
         677   1.0000000000000000     
         678   1.0000000000000000     
         679   1.0000000000000000     
         680   1.0000000000000000     
         681   1.0000000000000000     
         682   1.0000000000000000     
         683   1.0000000000000000     
         684   1.0000000000000000     
         685   1.0000000000000000     
         686   1.0000000000000000     
         687   1.0000000000000000     
         688   1.0000000000000000     
         689   1.0000000000000000     
         690   1.0000000000000000     
         691   1.0000000000000000     
         692   1.0000000000000000     
         693   1.0000000000000000     
         694   1.0000000000000000     
         695   1.0000000000000000     
         696   1.0000000000000000     
         697   1.0000000000000000     
         698   1.0000000000000000     
         699   1.0000000000000000     
         700   1.0000000000000000     
         701   1.0000000000000000     
         702   1.0000000000000000     
         703   1.0000000000000000     
         704   1.0000000000000000     
         705   1.0000000000000000     
         706   1.0000000000000000     
         707   1.0000000000000000     
         708   1.0000000000000000     
         709   1.0000000000000000     
         710   1.0000000000000000     
         711   1.0000000000000000     
         712   1.0000000000000000     
         713   1.0000000000000000     
         714   1.0000000000000000     
         715   1.0000000000000000     
         716   1.0000000000000000     
         717   1.0000000000000000     
         718   1.0000000000000000     
         719   1.0000000000000000     
         720   1.0000000000000000     
         721   1.0000000000000000     
         722   1.0000000000000000     
         723   1.0000000000000000     
         724   1.0000000000000000     
         725   1.0000000000000000     
         726   1.0000000000000000     
         727   1.0000000000000000     
         728   1.0000000000000000     
         729   1.0000000000000000     
         730   1.0000000000000000     
         731   1.0000000000000000     
         732   1.0000000000000000     
         733   1.0000000000000000     
         734   1.0000000000000000     
         735   1.0000000000000000     
         736   1.0000000000000000     
         737   1.0000000000000000     
         738   1.0000000000000000     
         739   1.0000000000000000     
         740   1.0000000000000000     
         741   1.0000000000000000     
         742   1.0000000000000000     
         743   1.0000000000000000     
         744   1.0000000000000000     
         745   1.0000000000000000     
         746   1.0000000000000000     
         747   1.0000000000000000     
         748   1.0000000000000000     
         749   1.0000000000000000     
         750   1.0000000000000000     
         751   1.0000000000000000     
         752   1.0000000000000000     
         753   1.0000000000000000     
         754   1.0000000000000000     
         755   1.0000000000000000     
         756   1.0000000000000000     
         757   1.0000000000000000     
         758   1.0000000000000000     
         759   1.0000000000000000     
         760   1.0000000000000000     
         761   1.0000000000000000     
         762   1.0000000000000000     
         763   1.0000000000000000     
         764   1.0000000000000000     
         765   1.0000000000000000     
         766   1.0000000000000000     
         767   1.0000000000000000     
         768   1.0000000000000000     
         769   1.0000000000000000     
         770   1.0000000000000000     
         771   1.0000000000000000     
         772   1.0000000000000000     
         773   1.0000000000000000     
         774   1.0000000000000000     
         775   1.0000000000000000     
         776   1.0000000000000000     
         777   1.0000000000000000     
         778   1.0000000000000000     
         779   1.0000000000000000     
         780   1.0000000000000000     
         781   1.0000000000000000     
         782   1.0000000000000000     
         783   1.0000000000000000     
         784   1.0000000000000000     
         785   1.0000000000000000     
         786   1.0000000000000000     
         787   1.0000000000000000     
         788   1.0000000000000000     
         789   1.0000000000000000     
         790   1.0000000000000000     
         791   1.0000000000000000     
         792   1.0000000000000000     
         793   1.0000000000000000     
         794   1.0000000000000000     
         795   1.0000000000000000     
         796   1.0000000000000000     
         797   1.0000000000000000     
         798   1.0000000000000000     
         799   1.0000000000000000     
         800   1.0000000000000000     
         801   1.0000000000000000     
         802   1.0000000000000000     
         803   1.0000000000000000     
         804   1.0000000000000000     
         805   1.0000000000000000     
         806   1.0000000000000000     
         807   1.0000000000000000     
         808   1.0000000000000000     
         809   1.0000000000000000     
         810   1.0000000000000000     
         811   1.0000000000000000     
         812   1.0000000000000000     
         813   1.0000000000000000     
         814   1.0000000000000000     
         815   1.0000000000000000     
         816   1.0000000000000000     
         817   1.0000000000000000     
         818   1.0000000000000000     
         819   1.0000000000000000     
         820   1.0000000000000000     
         821   1.0000000000000000     
         822   1.0000000000000000     
         823   1.0000000000000000     
         824   1.0000000000000000     
         825   1.0000000000000000     
         826   1.0000000000000000     
         827   1.0000000000000000     
         828   1.0000000000000000     
         829   1.0000000000000000     
         830   1.0000000000000000     
         831   1.0000000000000000     
         832   1.0000000000000000     
         833   1.0000000000000000     
         834   1.0000000000000000     
         835   1.0000000000000000     
         836   1.0000000000000000     
         837   1.0000000000000000     
         838   1.0000000000000000     
         839   1.0000000000000000     
         840   1.0000000000000000     
         841   1.0000000000000000     
         842   1.0000000000000000     
         843   1.0000000000000000     
         844   1.0000000000000000     
         845   1.0000000000000000     
         846   1.0000000000000000     
         847   1.0000000000000000     
         848   1.0000000000000000     
         849   1.0000000000000000     
         850   1.0000000000000000     
         851   1.0000000000000000     
         852   1.0000000000000000     
         853   1.0000000000000000     
         854   1.0000000000000000     
         855   1.0000000000000000     
         856   1.0000000000000000     
         857   1.0000000000000000     
         858   1.0000000000000000     
         859   1.0000000000000000     
         860   1.0000000000000000     
         861   1.0000000000000000     
         862   1.0000000000000000     
         863   1.0000000000000000     
         864   1.0000000000000000     
         865   1.0000000000000000     
         866   1.0000000000000000     
         867   1.0000000000000000     
         868   1.0000000000000000     
         869   1.0000000000000000     
         870   1.0000000000000000     
         871   1.0000000000000000     
         872   1.0000000000000000     
         873   1.0000000000000000     
         874   1.0000000000000000     
         875   1.0000000000000000     
         876   1.0000000000000000     
         877   1.0000000000000000     
         878   1.0000000000000000     
         879   1.0000000000000000     
         880   1.0000000000000000     
         881   1.0000000000000000     
         882   1.0000000000000000     
         883   1.0000000000000000     
         884   1.0000000000000000     
         885   1.0000000000000000     
         886   1.0000000000000000     
         887   1.0000000000000000     
         888   1.0000000000000000     
         889   1.0000000000000000     
         890   1.0000000000000000     
         891   1.0000000000000000     
         892   1.0000000000000000     
         893   1.0000000000000000     
         894   1.0000000000000000     
         895   1.0000000000000000     
         896   1.0000000000000000     
         897   1.0000000000000000     
         898   1.0000000000000000     
         899   1.0000000000000000     
         900   1.0000000000000000     
         901   1.0000000000000000     
         902   1.0000000000000000     
         903   1.0000000000000000     
         904   1.0000000000000000     
         905   1.0000000000000000     
         906   1.0000000000000000     
         907   1.0000000000000000     
         908   1.0000000000000000     
         909   1.0000000000000000     
         910   1.0000000000000000     
         911   1.0000000000000000     
         912   1.0000000000000000     
         913   1.0000000000000000     
         914   1.0000000000000000     
         915   1.0000000000000000     
         916   1.0000000000000000     
         917   1.0000000000000000     
         918   1.0000000000000000     
         919   1.0000000000000000     
         920   1.0000000000000000     
         921   1.0000000000000000     
         922   1.0000000000000000     
         923   1.0000000000000000     
         924   1.0000000000000000     
         925   1.0000000000000000     
         926   1.0000000000000000     
         927   1.0000000000000000     
         928   1.0000000000000000     
         929   1.0000000000000000     
         930   1.0000000000000000     
         931   1.0000000000000000     
         932   1.0000000000000000     
         933   1.0000000000000000     
         934   1.0000000000000000     
         935   1.0000000000000000     
         936   1.0000000000000000     
         937   1.0000000000000000     
         938   1.0000000000000000     
         939   1.0000000000000000     
         940   1.0000000000000000     
         941   1.0000000000000000     
         942   1.0000000000000000     
         943   1.0000000000000000     
         944   1.0000000000000000     
         945   1.0000000000000000     
         946   1.0000000000000000     
         947   1.0000000000000000     
         948   1.0000000000000000     
         949   1.0000000000000000     
         950   1.0000000000000000     
         951   1.0000000000000000     
         952   1.0000000000000000     
         953   1.0000000000000000     
         954   1.0000000000000000     
         955   1.0000000000000000     
         956   1.0000000000000000     
         957   1.0000000000000000     
         958   1.0000000000000000     
         959   1.0000000000000000     
         960   1.0000000000000000     
         961   1.0000000000000000     
         962   1.0000000000000000     
         963   1.0000000000000000     
         964   1.0000000000000000     
         965   1.0000000000000000     
         966   1.0000000000000000     
         967   1.0000000000000000     
         968   1.0000000000000000     
         969   1.0000000000000000     
         970   1.0000000000000000     
         971   1.0000000000000000     
         972   1.0000000000000000     
         973   1.0000000000000000     
         974   1.0000000000000000     
         975   1.0000000000000000     
         976   1.0000000000000000     
         977   1.0000000000000000     
         978   1.0000000000000000     
         979   1.0000000000000000     
         980   1.0000000000000000     
         981   1.0000000000000000     
         982   1.0000000000000000     
         983   1.0000000000000000     
         984   1.0000000000000000     
         985   1.0000000000000000     
         986   1.0000000000000000     
         987   1.0000000000000000     
         988   1.0000000000000000     
         989   1.0000000000000000     
         990   1.0000000000000000     
         991  0.99983271571728416     
         992  0.99983271571728416     
         993  0.99983271571728416     
         994  0.99983271571728416     
         995  0.99983271571728416     
         996  0.99983271571728416     
         997  0.99983271571728416     
         998  0.99983271571728416     
         999  0.99983271571728416     
        1000  0.99983271571728416     
        1001  0.99983271571728416     
        1002  0.99983271571728416     
        1003  0.99983271571728416     
        1004  0.99983271571728416     
        1005  0.99983271571728416     
        1006  0.99983271571728416     
        1007  0.99983271571728416     
        1008  0.99983271571728416     
        1009  0.99983271571728416     
        1010  0.99983271571728416     
        1011  0.99983271571728416     
        1012  0.99983271571728416     
        1013  0.99983271571728416     
        1014  0.99983271571728416     
        1015  0.99983271571728416     
        1016  0.99983271571728416     
        1017  0.99983271571728416     
        1018  0.99983271571728416     
        1019  0.99983271571728416     
        1020  0.99983271571728416     
        1021  0.99983271571728416     
        1022  0.99983271571728416     
        1023  0.99983271571728416     
        1024  0.99983271571728416     
        1025  0.99983271571728416     
        1026  0.99983271571728416     
        1027  0.99983271571728416     
        1028  0.99983271571728416     
        1029  0.99983271571728416     
        1030  0.99983271571728416     
        1031  0.99983271571728416     
        1032  0.99983271571728416     
        1033  0.99983271571728416     
        1034  0.99983271571728416     
        1035  0.99983271571728416     
        1036  0.99983271571728416     
        1037  0.99983271571728416     
        1038  0.99983271571728416     
        1039  0.99983271571728416     
        1040  0.99983271571728416     
        1041  0.99983271571728416     
        1042  0.99983271571728416     
        1043  0.99983271571728416     
        1044  0.99983271571728416     
        1045  0.99983271571728416     
        1046  0.99983271571728416     
        1047  0.99983271571728416     
        1048  0.99983271571728416     
        1049  0.99983271571728416     
        1050  0.99983271571728416     
        1051  0.99983271571728416     
        1052  0.99983271571728416     
        1053  0.99983271571728416     
        1054  0.99983271571728416     
        1055  0.99983271571728416     
        1056  0.99983271571728416     
        1057  0.99983271571728416     
        1058  0.99983271571728416     
        1059  0.99983271571728416     
        1060  0.99983271571728416     
        1061  0.99983271571728416     
        1062  0.99983271571728416     
        1063  0.99983271571728416     
        1064  0.99983271571728416     
        1065  0.99983271571728416     
        1066  0.99983271571728416     
        1067  0.99983271571728416     
        1068  0.99983271571728416     
        1069  0.99983271571728416     
        1070  0.99983271571728416     
        1071  0.99983271571728416     
        1072  0.99983271571728416     
        1073  0.99983271571728416     
        1074  0.99983271571728416     
        1075  0.99983271571728416     
        1076  0.99983271571728416     
        1077  0.99983271571728416     
        1078  0.99983271571728416     
        1079  0.99983271571728416     
        1080  0.99983271571728416     
        1081  0.99983271571728416     
        1082  0.99983271571728416     
        1083  0.99983271571728416     
        1084  0.99983271571728416     
        1085  0.99983271571728416     
        1086  0.99983271571728416     
        1087  0.99983271571728416     
        1088  0.99983271571728416     
        1089  0.99983271571728416     
        1090  0.99983271571728416     
        1091  0.99983271571728416     
        1092  0.99983271571728416     
        1093  0.99983271571728416     
        1094  0.99983271571728416     
        1095  0.99983271571728416     
        1096  0.99983271571728416     
        1097  0.99983271571728416     
        1098  0.99983271571728416     
        1099  0.99983271571728416     
        1100  0.99983271571728416     
        1101  0.99983271571728416     
        1102  0.99983271571728416     
        1103  0.99983271571728416     
        1104  0.99983271571728416     
        1105  0.99983271571728416     
        1106  0.99983271571728416     
        1107  0.99983271571728416     
        1108  0.99983271571728416     
        1109  0.99983271571728416     
        1110  0.99983271571728416     
        1111  0.99983271571728416     
        1112  0.99983271571728416     
        1113  0.99983271571728416     
        1114  0.99983271571728416     
        1115  0.99983271571728416     
        1116  0.99983271571728416     
        1117  0.99983271571728416     
        1118  0.99983271571728416     
        1119  0.99983271571728416     
        1120  0.99983271571728416     
        1121  0.99983271571728416     
        1122  0.99983271571728416     
        1123  0.99983271571728416     
        1124  0.99983271571728416     
        1125  0.99983271571728416     
        1126  0.99983271571728416     
        1127  0.99983271571728416     
        1128  0.99983271571728416     
        1129  0.99983271571728416     
        1130  0.99983271571728416     
        1131  0.99983271571728416     
        1132  0.99983271571728416     
        1133  0.99983271571728416     
        1134  0.99983271571728416     
        1135  0.99983271571728416     
        1136  0.99983271571728416     
        1137  0.99983271571728416     
        1138  0.99983271571728416     
        1139  0.99983271571728416     
        1140  0.99983271571728416     
        1141  0.99983271571728416     
        1142  0.99983271571728416     
        1143  0.99983271571728416     
        1144  0.99983271571728416     
        1145  0.99983271571728416     
        1146  0.99983271571728416     
        1147  0.99983271571728416     
        1148  0.99983271571728416     
        1149  0.99983271571728416     
        1150  0.99983271571728416     
        1151  0.99983271571728416     
        1152  0.99983271571728416     
        1153  0.99983271571728416     
        1154  0.99983271571728416     
        1155  0.99983271571728416     
        1156  0.99983271571728416     
        1157  0.99983271571728416     
        1158  0.99983271571728416     
        1159  0.99983271571728416     
        1160  0.99983271571728416     
        1161  0.99983271571728416     
        1162  0.99983271571728416     
        1163  0.99983271571728416     
        1164  0.99983271571728416     
        1165  0.99983271571728416     
        1166  0.99983271571728416     
        1167  0.99983271571728416     
        1168  0.99983271571728416     
        1169  0.99983271571728416     
        1170  0.99983271571728416     
        1171  0.99983271571728416     
        1172  0.99983271571728416     
        1173  0.99983271571728416     
        1174  0.99983271571728416     
        1175  0.99983271571728416     
        1176  0.99983271571728416     
        1177  0.99983271571728416     
        1178  0.99983271571728416     
        1179  0.99983271571728416     
        1180  0.99983271571728416     
        1181  0.99983271571728416     
        1182  0.99983271571728416     
        1183  0.99983271571728416     
        1184  0.99983271571728416     
        1185  0.99983271571728416     
        1186  0.99983271571728416     
        1187  0.99983271571728416     
        1188  0.99983271571728416     
        1189  0.99983271571728416     
        1190  0.99983271571728416     
        1191  0.99983271571728416     
        1192  0.99983271571728416     
        1193  0.99983271571728416     
        1194  0.99983271571728416     
        1195  0.99983271571728416     
        1196  0.99983271571728416     
        1197  0.99983271571728416     
        1198  0.99983271571728416     
        1199  0.99983271571728416     
        1200  0.19786020843039864     
        1201  0.19786020843039864     
        1202  0.19786020843039864     
        1203  0.19786020843039864     
        1204  0.19786020843039864     
        1205  0.19786020843039864     
        1206  0.19786020843039864     
        1207  0.19786020843039864     
        1208  0.19786020843039864     
        1209  0.19786020843039864     
        1210  0.19786020843039864     
        1211  0.19786020843039864     
        1212  0.19786020843039864     
        1213  0.19786020843039864     
        1214  0.19786020843039864     
        1215  0.19786020843039864     
        1216  0.19786020843039864     
        1217  0.19786020843039864     
        1218  0.19786020843039864     
        1219  0.19786020843039864     
        1220  0.19786020843039864     
        1221  0.19786020843039864     
        1222  0.19786020843039864     
        1223  0.19786020843039864     
        1224  0.19786020843039864     
        1225  0.19786020843039864     
        1226  0.19786020843039864     
        1227  0.19786020843039864     
        1228  0.19786020843039864     
        1229  0.19786020843039864     
        1230  0.19786020843039864     
        1231  0.19786020843039864     
        1232  0.19786020843039864     
        1233  0.19786020843039864     
        1234  0.19786020843039864     
        1235  0.19786020843039864     
        1236  0.19786020843039864     
        1237  0.19786020843039864     
        1238  0.19786020843039864     
        1239  0.19786020843039864     
        1240  0.19786020843039864     
        1241  0.19786020843039864     
        1242  0.19786020843039864     
        1243  0.19786020843039864     
        1244  0.19786020843039864     
        1245  0.19786020843039864     
        1246  0.19786020843039864     
        1247  0.19786020843039864     
        1248  0.19786020843039864     
        1249  0.19786020843039864     
        1250  0.19786020843039864     
        1251  0.19786020843039864     
        1252  0.19786020843039864     
        1253  0.19786020843039864     
        1254  0.19786020843039864     
        1255  0.19786020843039864     
        1256  0.19786020843039864     
        1257  0.19786020843039864     
        1258  0.19786020843039864     
        1259  0.19786020843039864     
        1260  0.19786020843039864     
        1261  0.19786020843039864     
        1262  0.19786020843039864     
        1263  0.19786020843039864     
        1264  0.19786020843039864     
        1265  0.19786020843039864     
        1266  0.19786020843039864     
        1267  0.19786020843039864     
        1268  0.19786020843039864     
        1269  0.19786020843039864     
        1270  0.19786020843039864     
        1271  0.19786020843039864     
        1272  0.19786020843039864     
        1273  0.19786020843039864     
        1274  0.19786020843039864     
        1275  0.19786020843039864     
        1276  0.19786020843039864     
        1277  0.19786020843039864     
        1278  0.19786020843039864     
        1279  0.19786020843039864     
        1280  0.19786020843039864     
        1281  0.19786020843039864     
        1282  0.19786020843039864     
        1283  0.19786020843039864     
        1284  0.19786020843039864     
        1285  0.19786020843039864     
        1286  0.19786020843039864     
        1287  0.19786020843039864     
        1288  0.19786020843039864     
        1289  0.19786020843039864     
        1290  0.19786020843039864     
        1291  0.19786020843039864     
        1292  0.19786020843039864     
        1293  0.19786020843039864     
        1294  0.19786020843039864     
        1295  0.19786020843039864     
        1296  0.19786020843039864     
        1297  0.19786020843039864     
        1298  0.19786020843039864     
        1299  0.19786020843039864     
        1300  0.19786020843039864     
        1301  0.19786020843039864     
        1302  0.19786020843039864     
        1303  0.19786020843039864     
        1304  0.19786020843039864     
        1305  0.19786020843039864     
        1306  0.19786020843039864     
        1307  0.19786020843039864     
        1308  0.19786020843039864     
        1309  0.19786020843039864     
        1310  0.19786020843039864     
        1311  0.19786020843039864     
        1312  0.19786020843039864     
        1313  0.19786020843039864     
        1314  0.19786020843039864     
        1315  0.19786020843039864     
        1316  0.19786020843039864     
        1317  0.19786020843039864     
        1318  0.19786020843039864     
        1319  0.19786020843039864     
        1320  0.19786020843039864     
        1321  0.19786020843039864     
        1322  0.19786020843039864     
        1323  0.19786020843039864     
        1324  0.19786020843039864     
        1325  0.19786020843039864     
        1326  0.19786020843039864     
        1327  0.19786020843039864     
        1328  0.19786020843039864     
        1329  0.19786020843039864     
        1330  0.19786020843039864     
        1331  0.19786020843039864     
        1332  0.19786020843039864     
        1333  0.19786020843039864     
        1334  0.19786020843039864     
        1335  0.19786020843039864     
        1336  0.19786020843039864     
        1337  0.19786020843039864     
        1338  0.19786020843039864     
        1339  0.19786020843039864     
        1340  0.19786020843039864     
        1341  0.19786020843039864     
        1342  0.19786020843039864     
        1343  0.19786020843039864     
        1344  0.19786020843039864     
        1345  0.19786020843039864     
        1346  0.19786020843039864     
        1347  0.19786020843039864     
        1348  0.19786020843039864     
        1349  0.19786020843039864     
        1350  0.19786020843039864     
        1351  0.19786020843039864     
        1352  0.19786020843039864     
        1353  0.19786020843039864     
        1354  0.19786020843039864     
        1355  0.19786020843039864     
        1356  0.19786020843039864     
        1357  0.19786020843039864     
        1358  0.19786020843039864     
        1359  0.19786020843039864     
        1360  0.19786020843039864     
        1361  0.19786020843039864     
        1362  0.19786020843039864     
        1363  0.19786020843039864     
        1364  0.19786020843039864     
        1365  0.19786020843039864     
        1366  0.19786020843039864     
        1367  0.19786020843039864     
        1368  0.19786020843039864     
        1369  0.19786020843039864     
        1370  0.19786020843039864     
        1371  0.19786020843039864     
        1372  0.19786020843039864     
        1373  0.19786020843039864     
        1374  0.19786020843039864     
        1375  0.19786020843039864     
        1376  0.19786020843039864     
        1377  0.19786020843039864     
        1378  0.19786020843039864     
        1379  0.19786020843039864     
        1380  0.19786020843039864     
        1381  0.19786020843039864     
        1382  0.19786020843039864     
        1383  0.19786020843039864     
        1384  0.19786020843039864     
        1385  0.19786020843039864     
        1386  0.19786020843039864     
        1387  0.19786020843039864     
        1388  0.19786020843039864     
        1389  0.19786020843039864     
        1390  0.19786020843039864     
        1391  0.19786020843039864     
        1392  0.19786020843039864     
        1393  0.19786020843039864     
        1394  0.19786020843039864     
        1395  0.19786020843039864     
        1396  0.19786020843039864     
        1397  0.19786020843039864     
        1398  0.19786020843039864     
        1399  0.19786020843039864     
        1400  0.19786020843039864     
        1401  0.19786020843039864     
        1402  0.19786020843039864     
        1403  0.19786020843039864     
        1404  0.19786020843039864     
        1405  0.19786020843039864     
        1406  0.19786020843039864     
        1407  0.19786020843039864     
        1408  0.19786020843039864     
        1409  0.19786020843039864     
        1410  0.19786020843039864     
        1411  0.19786020843039864     
        1412  0.19786020843039864     
        1413  0.19786020843039864     
        1414  0.19786020843039864     
        1415  0.19786020843039864     
        1416  0.19786020843039864     
        1417  0.19786020843039864     
        1418  0.19786020843039864     
        1419  0.19786020843039864     
        1420  0.19786020843039864     
        1421  0.19786020843039864     
        1422  0.19786020843039864     
        1423  0.19786020843039864     
        1424  0.19786020843039864     
        1425  0.19786020843039864     
        1426  0.19786020843039864     
        1427  0.19786020843039864     
        1428  0.19786020843039864     
        1429  0.19786020843039864     
        1430  0.19786020843039864     
        1431  0.19786020843039864     
        1432  0.19786020843039864     
        1433  0.19786020843039864     
        1434  0.19786020843039864     
        1435  0.19786020843039864     
        1436  0.19786020843039864     
        1437  0.19786020843039864     
        1438  0.19786020843039864     
        1439  0.19786020843039864     
        1440  0.19786020843039864     
        1441  0.19786020843039864     
        1442  0.19786020843039864     
        1443  0.19786020843039864     
        1444  0.19786020843039864     
        1445  0.19786020843039864     
        1446  0.19786020843039864     
        1447  0.19786020843039864     
        1448  0.19786020843039864     
        1449  0.19786020843039864     
        1450  0.19786020843039864     
        1451  0.19786020843039864     
        1452  0.19786020843039864     
        1453  0.19786020843039864     
        1454  0.19786020843039864     
        1455  0.19786020843039864     
        1456  0.19786020843039864     
        1457  0.19786020843039864     
        1458  0.19786020843039864     
        1459  0.19786020843039864     
        1460  0.19786020843039864     
        1461  0.19786020843039864     
        1462  0.19786020843039864     
        1463  0.19786020843039864     
        1464  0.19786020843039864     
        1465  0.19786020843039864     
        1466  0.19786020843039864     
        1467  0.19786020843039864     
        1468  0.19786020843039864     
        1469  0.19786020843039864     
        1470  0.19786020843039864     
        1471  0.19786020843039864     
        1472  0.19786020843039864     
        1473  0.19786020843039864     
        1474  0.19786020843039864     
        1475  0.19786020843039864     
        1476  0.19786020843039864     
        1477  0.19786020843039864     
        1478  0.19786020843039864     
        1479  0.19786020843039864     
        1480  0.19786020843039864     
        1481  0.19786020843039864     
        1482  0.19786020843039864     
        1483  0.19786020843039864     
        1484  0.19786020843039864     
        1485  0.19786020843039864     
        1486  0.19786020843039864     
        1487  0.19786020843039864     
        1488  0.19786020843039864     
        1489  0.19786020843039864     
        1490  0.19786020843039864     
        1491  0.19786020843039864     
        1492  0.19786020843039864     
        1493  0.19786020843039864     
        1494  0.19786020843039864     
        1495  0.19786020843039864     
        1496  0.19786020843039864     
        1497  0.19786020843039864     
        1498  0.19786020843039864     
        1499  0.19786020843039864     
        1500  0.19786020843039864     
        1501  0.19786020843039864     
        1502  0.19786020843039864     
        1503  0.19786020843039864     
        1504  0.19786020843039864     
        1505  0.19786020843039864     
        1506  0.19786020843039864     
        1507  0.19786020843039864     
        1508  0.19786020843039864     
        1509  0.19786020843039864     
        1510  0.19786020843039864     
        1511  0.19786020843039864     
        1512  0.19786020843039864     
        1513  0.19786020843039864     
        1514  0.19786020843039864     
        1515  0.19786020843039864     
        1516  0.19786020843039864     
        1517  0.19786020843039864     
        1518  0.19786020843039864     
        1519  0.19786020843039864     
        1520  0.19786020843039864     
        1521   1.9832715717283733E-002
        1522   1.9832715717283733E-002
        1523   1.9832715717283733E-002
        1524   1.9832715717283733E-002
        1525   1.9832715717283733E-002
        1526   1.9832715717283733E-002
        1527   1.9832715717283733E-002
        1528   1.9832715717283733E-002
        1529   1.9832715717283733E-002
        1530   1.9832715717283733E-002
        1531   1.9832715717283733E-002
        1532   1.9832715717283733E-002
        1533   1.9832715717283733E-002
        1534   1.9832715717283733E-002
        1535   1.9832715717283733E-002
        1536   1.9832715717283733E-002
        1537   1.9832715717283733E-002
        1538   1.9832715717283733E-002
        1539   1.9832715717283733E-002
        1540   1.9832715717283733E-002
        1541   1.9832715717283733E-002
        1542   1.9832715717283733E-002
        1543   1.9832715717283733E-002
        1544   1.9832715717283733E-002
        1545   1.9832715717283733E-002
        1546   1.9832715717283733E-002
        1547   1.9832715717283733E-002
        1548   1.9832715717283733E-002
        1549   1.9832715717283733E-002
        1550   1.9832715717283733E-002
        1551   1.9832715717283733E-002
        1552   1.9832715717283733E-002
        1553   1.9832715717283733E-002
        1554   1.9832715717283733E-002
        1555   1.9832715717283733E-002
        1556   1.9832715717283733E-002
        1557   1.9832715717283733E-002
        1558   1.9832715717283733E-002
        1559   1.9832715717283733E-002
        1560   1.9832715717283733E-002
        1561   1.9832715717283733E-002
        1562   1.9832715717283733E-002
        1563   1.9832715717283733E-002
        1564   1.9832715717283733E-002
        1565   1.9832715717283733E-002
        1566   1.9832715717283733E-002
        1567   1.9832715717283733E-002
        1568   1.9832715717283733E-002
        1569   1.9832715717283733E-002
        1570   1.9832715717283733E-002
        1571   1.9832715717283733E-002
        1572   1.9832715717283733E-002
        1573   1.9832715717283733E-002
        1574   1.9832715717283733E-002
        1575   1.9832715717283733E-002
        1576   1.9832715717283733E-002
        1577   1.9832715717283733E-002
        1578   1.9832715717283733E-002
        1579   1.9832715717283733E-002
        1580   1.9832715717283733E-002
        1581   1.9832715717283733E-002
        1582   1.9832715717283733E-002
        1583   1.9832715717283733E-002
        1584   1.9832715717283733E-002
        1585   1.9832715717283733E-002
        1586   1.9832715717283733E-002
        1587   1.9832715717283733E-002
        1588   1.9832715717283733E-002
        1589   1.9832715717283733E-002
        1590   1.9832715717283733E-002
        1591   1.9832715717283733E-002
        1592   1.9832715717283733E-002
        1593   1.9832715717283733E-002
        1594   1.9832715717283733E-002
        1595   1.9832715717283733E-002
        1596   1.9832715717283733E-002
        1597   1.9832715717283733E-002
        1598   1.9832715717283733E-002
        1599   1.9832715717283733E-002
        1600   1.9832715717283733E-002
        1601   1.9832715717283733E-002
        1602   1.9832715717283733E-002
        1603   1.9832715717283733E-002
        1604   1.9832715717283733E-002
        1605   1.9832715717283733E-002
        1606   1.9832715717283733E-002
        1607   1.9832715717283733E-002
        1608   1.9832715717283733E-002
        1609   1.9832715717283733E-002
        1610   1.9832715717283733E-002
        1611   1.9832715717283733E-002
        1612   1.9832715717283733E-002
        1613   1.9832715717283733E-002
        1614   1.9832715717283733E-002
        1615   1.9832715717283733E-002
        1616   1.9832715717283733E-002
        1617   1.9832715717283733E-002
        1618   1.9832715717283733E-002
        1619   1.9832715717283733E-002
        1620   1.9832715717283733E-002
        1621   1.9832715717283733E-002
        1622   1.9832715717283733E-002
        1623   1.9832715717283733E-002
        1624   1.9832715717283733E-002
        1625   1.9832715717283733E-002
        1626   1.9832715717283733E-002
        1627   1.9832715717283733E-002
        1628   1.9832715717283733E-002
        1629   1.9832715717283733E-002
        1630   1.9832715717283733E-002
        1631   1.9832715717283733E-002
        1632   1.9832715717283733E-002
        1633   1.9832715717283733E-002
        1634   1.9832715717283733E-002
        1635   1.9832715717283733E-002
        1636   1.9832715717283733E-002
        1637   1.9832715717283733E-002
        1638   1.9832715717283733E-002
        1639   1.9832715717283733E-002
        1640   1.9832715717283733E-002
        1641   1.9832715717283733E-002
        1642   1.9832715717283733E-002
        1643   1.9832715717283733E-002
        1644   1.9832715717283733E-002
        1645   1.9832715717283733E-002
        1646   1.9832715717283733E-002
        1647   1.9832715717283733E-002
        1648   1.9832715717283733E-002
        1649   1.9832715717283733E-002
        1650   1.9832715717283733E-002
        1651   1.9832715717283733E-002
        1652   1.9832715717283733E-002
        1653   1.9832715717283733E-002
        1654   1.9832715717283733E-002
        1655   1.9832715717283733E-002
        1656   1.9832715717283733E-002
        1657   1.9832715717283733E-002
        1658   1.9832715717283733E-002
        1659   1.9832715717283733E-002
        1660   1.9832715717283733E-002
        1661   1.9832715717283733E-002
        1662   1.9832715717283733E-002
        1663   1.9832715717283733E-002
        1664   1.9832715717283733E-002
        1665   1.9832715717283733E-002
        1666   1.9832715717283733E-002
        1667   1.9832715717283733E-002
        1668   1.9832715717283733E-002
        1669   1.9832715717283733E-002
        1670   1.9832715717283733E-002
        1671   1.9832715717283733E-002
        1672   1.9832715717283733E-002
        1673   1.9832715717283733E-002
        1674   1.9832715717283733E-002
        1675   1.9832715717283733E-002
        1676   1.9832715717283733E-002
        1677   1.9832715717283733E-002
        1678   1.9832715717283733E-002
        1679   1.9832715717283733E-002
        1680   1.9832715717283733E-002
        1681   1.9832715717283733E-002
        1682   1.9832715717283733E-002
        1683   1.9832715717283733E-002
        1684   1.9832715717283733E-002
        1685   1.9832715717283733E-002
        1686   1.9832715717283733E-002
        1687   1.9832715717283733E-002
        1688   1.9832715717283733E-002
        1689   1.9832715717283733E-002
        1690   1.9832715717283733E-002
        1691   1.9832715717283733E-002
        1692   1.9832715717283733E-002
        1693   1.9832715717283733E-002
        1694   1.9832715717283733E-002
        1695   1.9832715717283733E-002
        1696   1.9832715717283733E-002
        1697   1.9832715717283733E-002
        1698   1.9832715717283733E-002
        1699   1.9832715717283733E-002
        1700   1.9832715717283733E-002
        1701   1.9832715717283733E-002
        1702   1.9832715717283733E-002
        1703   1.9832715717283733E-002
        1704   1.9832715717283733E-002
        1705   1.9832715717283733E-002
        1706   1.9832715717283733E-002
        1707   1.9832715717283733E-002
        1708   1.9832715717283733E-002
        1709   1.9832715717283733E-002
        1710   1.9832715717283733E-002
        1711   1.9832715717283733E-002
        1712   1.9832715717283733E-002
        1713   1.9832715717283733E-002
        1714   1.9832715717283733E-002
        1715   1.9832715717283733E-002
        1716   1.9832715717283733E-002
        1717   1.9832715717283733E-002
        1718   1.9832715717283733E-002
        1719   1.9832715717283733E-002
        1720   1.9832715717283733E-002
        1721   1.9832715717283733E-002
        1722   1.9832715717283733E-002
        1723   1.9832715717283733E-002
        1724   1.9832715717283733E-002
        1725   1.9832715717283733E-002
        1726   1.9832715717283733E-002
        1727   1.9832715717283733E-002
        1728   1.9832715717283733E-002
        1729   1.9832715717283733E-002
        1730   1.9832715717283733E-002
        1731   1.9832715717283733E-002
        1732   1.9832715717283733E-002
        1733   1.9832715717283733E-002
        1734   1.9832715717283733E-002
        1735   1.9832715717283733E-002
        1736   1.9832715717283733E-002
        1737   1.9832715717283733E-002
        1738   1.9832715717283733E-002
        1739   1.9832715717283733E-002
        1740   1.9832715717283733E-002
        1741   1.9832715717283733E-002
        1742   1.9832715717283733E-002
        1743   1.9832715717283733E-002
        1744   1.9832715717283733E-002
        1745   1.9832715717283733E-002
        1746   1.9832715717283733E-002
        1747   1.9832715717283733E-002
        1748   1.9832715717283733E-002
        1749   1.9832715717283733E-002
        1750   1.9832715717283733E-002
        1751   1.9832715717283733E-002
        1752   1.9832715717283733E-002
        1753   1.9832715717283733E-002
        1754   1.9832715717283733E-002
        1755   1.9832715717283733E-002
        1756   1.9832715717283733E-002
        1757   1.9832715717283733E-002
        1758   1.9832715717283733E-002
        1759   1.9832715717283733E-002
        1760   1.9832715717283733E-002
        1761   1.9832715717283733E-002
        1762   1.9832715717283733E-002
        1763   1.9832715717283733E-002
        1764   1.9832715717283733E-002
        1765   1.9832715717283733E-002
        1766   1.9832715717283733E-002
        1767   1.9832715717283733E-002
        1768   1.9832715717283733E-002
        1769   1.9832715717283733E-002
        1770   1.9832715717283733E-002
        1771   1.9832715717283733E-002
        1772   1.9832715717283733E-002
        1773   1.9832715717283733E-002
        1774   1.9832715717283733E-002
        1775   1.9832715717283733E-002
        1776   1.9832715717283733E-002
        1777   1.9832715717283733E-002
        1778   1.9832715717283733E-002
        1779   1.9832715717283733E-002
        1780   1.9832715717283733E-002
        1781   1.9832715717283733E-002
        1782   1.9832715717283733E-002
        1783   1.9832715717283733E-002
        1784   1.9832715717283733E-002
        1785   1.9832715717283733E-002
        1786   1.9832715717283733E-002
        1787   1.9832715717283733E-002
        1788   1.9832715717283733E-002
        1789   1.9832715717283733E-002
        1790   1.9832715717283733E-002
        1791   1.9832715717283733E-002
        1792   1.9832715717283733E-002
        1793   1.9832715717283733E-002
        1794   1.9832715717283733E-002
        1795   1.9832715717283733E-002
        1796   1.9832715717283733E-002
        1797   1.9832715717283733E-002
        1798   1.9832715717283733E-002
        1799   1.9832715717283733E-002
        1800   1.9832715717283733E-002
        1801   1.9832715717283733E-002
        1802   1.9832715717283733E-002
        1803   1.9832715717283733E-002
        1804   1.9832715717283733E-002
        1805   1.9832715717283733E-002
        1806   1.9832715717283733E-002
        1807   1.9832715717283733E-002
        1808   1.9832715717283733E-002
        1809   1.9832715717283733E-002
        1810   1.9832715717283733E-002
        1811   1.9832715717283733E-002
        1812   1.9832715717283733E-002
        1813   1.9832715717283733E-002
        1814   1.9832715717283733E-002
        1815   1.9832715717283733E-002
        1816   1.9832715717283733E-002
        1817   1.9832715717283733E-002
        1818   1.9832715717283733E-002
        1819   1.9832715717283733E-002
        1820   1.9832715717283733E-002
        1821   1.9832715717283733E-002
        1822   1.9832715717283733E-002
        1823   1.9832715717283733E-002
        1824   1.9832715717283733E-002
        1825   1.9832715717283733E-002
        1826   1.9832715717283733E-002
        1827   1.9832715717283733E-002
        1828   1.9832715717283733E-002
        1829   1.9832715717283733E-002
        1830   1.9832715717283733E-002
        1831   1.9832715717283733E-002
        1832   1.9832715717283733E-002
        1833   1.9832715717283733E-002
        1834   1.9832715717283733E-002
        1835   1.9832715717283733E-002
        1836   1.9832715717283733E-002
        1837   1.9832715717283733E-002
        1838   1.9832715717283733E-002
        1839   1.9832715717283733E-002
        1840   1.9832715717283733E-002
        1841   1.9832715717283733E-002
        1842   1.9832715717283733E-002
        1843   1.9832715717283733E-002
        1844   1.9832715717283733E-002
        1845   1.9832715717283733E-002
        1846   1.9832715717283733E-002
        1847   1.9832715717283733E-002
        1848   1.9832715717283733E-002
        1849   1.9832715717283733E-002
        1850   1.9832715717283733E-002
        1851   1.9832715717283733E-002
        1852   1.9832715717283733E-002
        1853   1.9832715717283733E-002
        1854   1.9832715717283733E-002
        1855   1.9832715717283733E-002
        1856   1.9832715717283733E-002
        1857   1.9832715717283733E-002
        1858   1.9832715717283733E-002
        1859   1.9832715717283733E-002
        1860   1.9832715717283733E-002
        1861   1.9832715717283733E-002
        1862   1.9832715717283733E-002
        1863   1.9832715717283733E-002
        1864   1.9832715717283733E-002
        1865   1.9832715717283733E-002
        1866   1.9832715717283733E-002
        1867   1.9832715717283733E-002
        1868   1.9832715717283733E-002
        1869   1.9832715717283733E-002
        1870   1.9832715717283733E-002
        1871   1.9832715717283733E-002
        1872   1.9832715717283733E-002
        1873   1.9832715717283733E-002
        1874   1.9832715717283733E-002
        1875   1.9832715717283733E-002
        1876   1.9832715717283733E-002
        1877   1.9832715717283733E-002
        1878   1.9832715717283733E-002
        1879   1.9832715717283733E-002
        1880   1.9832715717283733E-002
        1881   1.9832715717283733E-002
        1882   1.9832715717283733E-002
        1883   1.9832715717283733E-002
        1884   1.9832715717283733E-002
        1885   1.9832715717283733E-002
        1886   1.9832715717283733E-002
        1887   1.9832715717283733E-002
        1888   1.9832715717283733E-002
        1889   1.9832715717283733E-002
        1890   1.9832715717283733E-002
        1891   1.9832715717283733E-002
        1892   1.9832715717283733E-002
        1893   1.9832715717283733E-002
        1894   1.9832715717283733E-002
        1895   1.9832715717283733E-002
        1896   1.9832715717283733E-002
        1897   1.9832715717283733E-002
        1898   1.9832715717283733E-002
        1899   1.9832715717283733E-002
        1900   1.9832715717283733E-002
        1901   1.9832715717283733E-002
        1902   1.9832715717283733E-002
        1903   1.9832715717283733E-002
        1904   1.9832715717283733E-002
        1905   1.9832715717283733E-002
        1906   1.9832715717283733E-002
        1907   1.9832715717283733E-002
        1908   1.9832715717283733E-002
        1909   1.9832715717283733E-002
        1910   1.9832715717283733E-002
        1911   1.9832715717283733E-002
        1912   1.9832715717283733E-002
        1913   1.9832715717283733E-002
        1914   1.9832715717283733E-002
        1915   1.9832715717283733E-002
        1916   1.9832715717283733E-002
        1917   1.9832715717283733E-002
        1918   1.9832715717283733E-002
        1919   1.9832715717283733E-002
        1920   1.9832715717283733E-002
        1921   1.9832715717283733E-002
        1922   1.9832715717283733E-002
        1923   1.9832715717283733E-002
        1924   1.9832715717283733E-002
        1925   1.9832715717283733E-002
        1926   1.9832715717283733E-002
        1927   1.9832715717283733E-002
        1928   1.9832715717283733E-002
        1929   1.9832715717283733E-002
        1930   1.9832715717283733E-002
        1931   1.9832715717283733E-002
        1932   1.9832715717283733E-002
        1933   1.9832715717283733E-002
        1934   1.9832715717283733E-002
        1935   1.9832715717283733E-002
        1936   1.9832715717283733E-002
        1937   1.9832715717283733E-002
        1938   1.9832715717283733E-002
        1939   1.9832715717283733E-002
        1940   1.9832715717283733E-002
        1941   1.9832715717283733E-002
        1942   1.9832715717283733E-002
        1943   1.9832715717283733E-002
        1944   1.9832715717283733E-002
        1945   1.9832715717283733E-002
        1946   1.9832715717283733E-002
        1947   1.9832715717283733E-002
        1948   1.9832715717283733E-002
        1949   1.9832715717283733E-002
        1950   1.9832715717283733E-002
        1951   1.9832715717283733E-002
        1952   1.9832715717283733E-002
        1953   1.9832715717283733E-002
        1954   1.9832715717283733E-002
        1955   1.9832715717283733E-002
        1956   1.9832715717283733E-002
        1957   1.9832715717283733E-002
        1958   1.9832715717283733E-002
        1959   1.9832715717283733E-002
        1960   1.9832715717283733E-002
        1961   1.9832715717283733E-002
        1962   1.9832715717283733E-002
        1963   1.9832715717283733E-002
        1964   1.9832715717283733E-002
        1965   1.9832715717283733E-002
        1966   1.9832715717283733E-002
        1967   1.9832715717283733E-002
        1968   1.9832715717283733E-002
        1969   1.9832715717283733E-002
        1970   1.9832715717283733E-002
        1971   1.9832715717283733E-002
        1972   1.9832715717283733E-002
        1973   1.9832715717283733E-002
        1974   1.9832715717283733E-002
        1975   1.9832715717283733E-002
        1976   1.9832715717283733E-002
        1977   1.9832715717283733E-002
        1978   1.9832715717283733E-002
        1979   1.9832715717283733E-002
        1980   1.9832715717283733E-002
        1981   1.9832715717283733E-002
        1982   1.9832715717283733E-002
        1983   1.9832715717283733E-002
        1984   1.9832715717283733E-002
        1985   1.9832715717283733E-002
        1986   1.9832715717283733E-002
        1987   1.9832715717283733E-002
        1988   1.9832715717283733E-002
        1989   1.9832715717283733E-002
        1990   1.9832715717283733E-002
        1991   1.9832715717283733E-002
        1992   1.9832715717283733E-002
        1993   1.9832715717283733E-002
        1994   1.9832715717283733E-002
        1995   1.9832715717283733E-002
        1996   1.9832715717283733E-002
        1997   1.9832715717283733E-002
        1998   1.9832715717283733E-002
        1999   1.9832715717283733E-002
        2000   1.9832715717283733E-002
        2001   1.9832715717283733E-002
        2002   1.9832715717283733E-002
        2003   1.9832715717283733E-002
        2004   1.9832715717283733E-002
        2005   1.9832715717283733E-002
        2006   1.9832715717283733E-002
        2007   1.9832715717283733E-002
        2008   1.9832715717283733E-002
        2009   1.9832715717283733E-002
        2010   1.9832715717283733E-002
        2011   1.9832715717283733E-002
        2012   1.9832715717283733E-002
        2013   1.9832715717283733E-002
        2014   1.9832715717283733E-002
        2015   1.9832715717283733E-002
        2016   1.9832715717283733E-002
        2017   1.9832715717283733E-002
        2018   1.9832715717283733E-002
        2019   1.9832715717283733E-002
        2020   1.9832715717283733E-002
        2021   1.9832715717283733E-002
        2022   1.9832715717283733E-002
        2023   1.9832715717283733E-002
        2024   1.9832715717283733E-002
        2025   1.9832715717283733E-002
        2026   1.9832715717283733E-002
        2027   1.9832715717283733E-002
        2028   1.9832715717283733E-002
        2029   1.9832715717283733E-002
        2030   1.9832715717283733E-002
        2031   1.9832715717283733E-002
        2032   1.9832715717283733E-002
        2033   1.9832715717283733E-002
        2034   1.9832715717283733E-002
        2035   1.9832715717283733E-002
        2036   1.9832715717283733E-002
        2037   1.9832715717283733E-002
        2038   1.9832715717283733E-002
        2039   1.9832715717283733E-002
        2040   1.9832715717283733E-002
        2041   1.9832715717283733E-002
        2042   1.9832715717283733E-002
        2043   1.9832715717283733E-002
        2044   1.9832715717283733E-002
        2045   1.9832715717283733E-002
        2046   1.9832715717283733E-002
        2047   1.9832715717283733E-002
        2048   1.9832715717283733E-002
        2049   1.9832715717283733E-002
        2050   1.9832715717283733E-002
        2051   1.9832715717283733E-002
        2052   1.9832715717283733E-002
        2053   1.9832715717283733E-002
        2054   1.9832715717283733E-002
        2055   1.9832715717283733E-002
        2056   1.9832715717283733E-002
        2057   1.9832715717283733E-002
        2058   1.9832715717283733E-002
        2059   1.9832715717283733E-002
        2060   1.9832715717283733E-002
        2061   1.9832715717283733E-002
        2062   1.9832715717283733E-002
        2063   1.9832715717283733E-002
        2064   1.9832715717283733E-002
        2065   1.9832715717283733E-002
        2066   1.9832715717283733E-002
        2067   1.9832715717283733E-002
        2068   1.9832715717283733E-002
        2069   1.9832715717283733E-002
        2070   1.9832715717283733E-002
        2071   1.9832715717283733E-002
        2072   1.9832715717283733E-002
        2073   1.9832715717283733E-002
        2074   1.9832715717283733E-002
        2075   1.9832715717283733E-002
        2076   1.9832715717283733E-002
        2077   1.9832715717283733E-002
        2078   1.9832715717283733E-002
        2079   1.9832715717283733E-002
        2080   1.9832715717283733E-002
        2081   1.9832715717283733E-002
        2082   1.9832715717283733E-002
        2083   1.9832715717283733E-002
        2084   1.9832715717283733E-002
        2085   1.9832715717283733E-002
        2086   1.9832715717283733E-002
        2087   1.9832715717283733E-002
        2088   1.9832715717283733E-002
        2089   1.9832715717283733E-002
        2090   1.9832715717283733E-002
        2091   1.9832715717283733E-002
        2092   1.9832715717283733E-002
        2093   1.9832715717283733E-002
        2094   1.9832715717283733E-002
        2095   1.9832715717283733E-002
        2096   1.9832715717283733E-002
        2097   1.9832715717283733E-002
        2098   1.9832715717283733E-002
        2099   1.9832715717283733E-002
        2100   1.9832715717283733E-002
        2101   1.9832715717283733E-002
        2102   1.9832715717283733E-002
        2103   1.9832715717283733E-002
        2104   1.9832715717283733E-002
        2105   1.9832715717283733E-002
        2106   1.9832715717283733E-002
        2107   1.9832715717283733E-002
        2108   1.9832715717283733E-002
        2109   1.9832715717283733E-002
        2110   1.9832715717283733E-002
        2111   1.9832715717283733E-002
        2112   1.9832715717283733E-002
        2113   1.9832715717283733E-002
        2114   1.9832715717283733E-002
        2115   1.9832715717283733E-002
        2116   1.9832715717283733E-002
        2117   1.9832715717283733E-002
        2118   1.9832715717283733E-002
        2119   1.9832715717283733E-002
        2120   1.9832715717283733E-002
        2121   1.9832715717283733E-002
        2122   1.9832715717283733E-002
        2123   1.9832715717283733E-002
        2124   1.9832715717283733E-002
        2125   1.9832715717283733E-002
        2126   1.9832715717283733E-002
        2127   1.9832715717283733E-002
        2128   1.9832715717283733E-002
        2129   1.9832715717283733E-002
        2130   1.9832715717283733E-002
        2131   1.9832715717283733E-002
        2132   1.9832715717283733E-002
        2133   1.9832715717283733E-002
        2134   1.9832715717283733E-002
        2135   1.9832715717283733E-002
        2136   1.9832715717283733E-002
        2137   1.9832715717283733E-002
        2138   1.9832715717283733E-002
        2139   1.9832715717283733E-002
        2140   1.9832715717283733E-002
        2141   1.9832715717283733E-002
        2142   1.9832715717283733E-002
        2143   1.9832715717283733E-002
        2144   1.9832715717283733E-002
        2145   1.9832715717283733E-002
        2146   1.9832715717283733E-002
        2147   1.9832715717283733E-002
        2148   1.9832715717283733E-002
        2149   1.9832715717283733E-002
        2150   1.9832715717283733E-002
        2151   1.9832715717283733E-002
        2152   1.9832715717283733E-002
        2153   1.9832715717283733E-002
        2154   1.9832715717283733E-002
        2155   1.9832715717283733E-002
        2156   1.9832715717283733E-002
        2157   1.9832715717283733E-002
        2158   1.9832715717283733E-002
        2159   1.9832715717283733E-002
        2160   1.9832715717283733E-002
        2161   1.9832715717283733E-002
        2162   1.9832715717283733E-002
        2163   1.9832715717283733E-002
        2164   1.9832715717283733E-002
        2165   1.9832715717283733E-002
        2166   1.9832715717283733E-002
        2167   1.9832715717283733E-002
        2168   1.9832715717283733E-002
        2169   1.9832715717283733E-002
        2170   1.9832715717283733E-002
        2171   1.9832715717283733E-002
        2172   1.9832715717283733E-002
        2173   1.9832715717283733E-002
        2174   1.9832715717283733E-002
        2175   1.9832715717283733E-002
        2176   1.9832715717283733E-002
        2177   1.9832715717283733E-002
        2178   1.9832715717283733E-002
        2179   1.9832715717283733E-002
        2180   1.9832715717283733E-002
        2181   1.9832715717283733E-002
        2182   1.9832715717283733E-002
        2183   1.9832715717283733E-002
        2184   1.9832715717283733E-002
        2185   1.9832715717283733E-002
        2186   1.9832715717283733E-002
        2187   1.9832715717283733E-002
        2188   1.9832715717283733E-002
        2189   1.9832715717283733E-002
        2190   1.9832715717283733E-002
        2191   1.9832715717283733E-002
        2192   1.9832715717283733E-002
        2193   1.9832715717283733E-002
        2194   1.9832715717283733E-002
        2195   1.9832715717283733E-002
        2196   1.9832715717283733E-002
        2197   1.9832715717283733E-002
        2198   1.9832715717283733E-002
        2199   1.9832715717283733E-002
        2200   1.9832715717283733E-002
        2201   1.9832715717283733E-002
        2202   1.9832715717283733E-002
        2203   1.9832715717283733E-002
        2204   1.9832715717283733E-002
        2205   1.9832715717283733E-002
        2206   1.9832715717283733E-002
        2207   1.9832715717283733E-002
        2208   1.9832715717283733E-002
        2209   1.9832715717283733E-002
        2210   1.9832715717283733E-002
        2211   1.9832715717283733E-002
        2212   1.9832715717283733E-002
        2213   1.9832715717283733E-002
        2214   1.9832715717283733E-002
        2215   1.9832715717283733E-002
        2216   1.9832715717283733E-002
        2217   1.9832715717283733E-002
        2218   1.9832715717283733E-002
        2219   1.9832715717283733E-002
        2220   1.9832715717283733E-002
        2221   1.9832715717283733E-002
        2222   1.9832715717283733E-002
        2223   1.9832715717283733E-002
        2224   1.9832715717283733E-002
        2225   1.9832715717283733E-002
        2226   1.9832715717283733E-002
        2227   1.9832715717283733E-002
        2228   1.9832715717283733E-002
        2229   1.9832715717283733E-002
        2230   1.9832715717283733E-002
        2231   1.9832715717283733E-002
        2232   1.9832715717283733E-002
        2233   1.9832715717283733E-002
        2234   1.9832715717283733E-002
        2235   1.9832715717283733E-002
        2236   1.9832715717283733E-002
        2237   1.9832715717283733E-002
        2238   1.9832715717283733E-002
        2239   1.9832715717283733E-002
        2240   1.9832715717283733E-002
        2241   1.9832715717283733E-002
        2242   1.9832715717283733E-002
        2243   1.9832715717283733E-002
        2244   1.9832715717283733E-002
        2245   1.9832715717283733E-002
        2246   1.9832715717283733E-002
        2247   1.9832715717283733E-002
        2248   1.9832715717283733E-002
        2249   1.9832715717283733E-002
        2250   1.9832715717283733E-002
        2251   1.9832715717283733E-002
        2252   1.9832715717283733E-002
        2253   1.9832715717283733E-002
        2254   1.9832715717283733E-002
        2255   1.9832715717283733E-002
        2256   1.9832715717283733E-002
        2257   1.9832715717283733E-002
        2258   1.9832715717283733E-002
        2259   1.9832715717283733E-002
        2260   0.0000000000000000     
