           1   1.1972804795683327     
           2   1.1972804795683327     
           3   1.1972804795683327     
           4   1.1972804795683327     
           5   1.1972804795683327     
           6   1.1972804795683327     
           7  0.57118782390367961     
           8  0.57118782390367961     
           9  0.57118782390367961     
          10  0.57118782390367961     
          11   9.9085702572502043E-002
          12   9.9085702572502043E-002
          13   9.9085702572502043E-002
          14   9.9085702572502043E-002
          15   9.9085702572502043E-002
          16   9.9085702572502043E-002
          17   9.9085702572502043E-002
          18   9.9085702572502043E-002
          19   9.9085702572502043E-002
          20   9.9085702572502043E-002
          21   9.9085702572502043E-002
          22   9.9085702572502043E-002
          23   9.9085702572502043E-002
          24   9.9085702572502043E-002
          25   9.9085702572502043E-002
          26   9.9085702572502043E-002
          27   9.9085702572502043E-002
          28   9.9085702572502043E-002
          29   9.9085702572502043E-002
          30   9.9085702572502043E-002
          31   9.9085702572502043E-002
          32   9.9085702572502043E-002
          33   9.9085702572502043E-002
          34   9.9085702572502043E-002
          35   9.9085702572502043E-002
          36   9.9085702572502043E-002
          37   9.9085702572502043E-002
          38   9.9085702572502043E-002
          39   9.9085702572502043E-002
          40   9.9085702572502043E-002
          41   9.9085702572502043E-002
          42   9.9085702572502043E-002
          43   9.9085702572502043E-002
          44   9.9085702572502043E-002
          45   9.9085702572502043E-002
          46   9.9085702572502043E-002
          47   9.9085702572502043E-002
          48   9.9085702572502043E-002
          49   9.9085702572502043E-002
          50   9.9085702572502043E-002
          51   9.9085702572502043E-002
          52   9.9085702572502043E-002
          53   9.9085702572502043E-002
          54   9.9085702572502043E-002
          55   9.9085702572502043E-002
          56   9.9085702572502043E-002
          57   9.9085702572502043E-002
          58   9.9085702572502043E-002
          59   9.9085702572502043E-002
          60   9.9085702572502043E-002
          61   9.9085702572502043E-002
          62   9.9085702572502043E-002
          63   9.9085702572502043E-002
          64   9.9085702572502043E-002
          65   9.9085702572502043E-002
          66   9.9085702572502043E-002
          67   9.9085702572502043E-002
          68   9.9085702572502043E-002
          69   9.9085702572502043E-002
          70   9.9085702572502043E-002
          71   9.9085702572502043E-002
          72   9.9085702572502043E-002
          73   9.9085702572502043E-002
          74   9.9085702572502043E-002
          75   9.9085702572502043E-002
          76   9.9085702572502043E-002
          77   9.9085702572502043E-002
          78   9.9085702572502043E-002
          79   9.9085702572502043E-002
          80   9.9085702572502043E-002
          81   9.9085702572502043E-002
          82   9.9085702572502043E-002
          83   9.9085702572502043E-002
          84   9.9085702572502043E-002
          85   9.9085702572502043E-002
          86   9.9085702572502043E-002
          87   9.9085702572502043E-002
          88   9.9085702572502043E-002
          89   9.9085702572502043E-002
          90   9.9085702572502043E-002
          91   9.9085702572502043E-002
          92   9.9085702572502043E-002
          93   9.9085702572502043E-002
          94   9.9085702572502043E-002
          95   9.9085702572502043E-002
          96   9.9085702572502043E-002
          97   9.9085702572502043E-002
          98   9.9085702572502043E-002
          99   9.9085702572502043E-002
         100   9.9085702572502043E-002
         101   9.9085702572502043E-002
         102   9.9085702572502043E-002
         103   9.9085702572502043E-002
         104   9.9085702572502043E-002
         105   9.9085702572502043E-002
         106   9.9085702572502043E-002
         107   9.9085702572502043E-002
         108   9.9085702572502043E-002
         109   9.9085702572502043E-002
         110   9.9085702572502043E-002
         111   9.9085702572502043E-002
         112   9.9085702572502043E-002
         113   9.9085702572502043E-002
         114   9.9085702572502043E-002
         115   9.9085702572502043E-002
         116   9.9085702572502043E-002
         117   9.9085702572502043E-002
         118   9.9085702572502043E-002
         119   9.9085702572502043E-002
         120   9.9085702572502043E-002
         121   9.9085702572502043E-002
         122   9.9085702572502043E-002
         123   9.9085702572502043E-002
         124   9.9085702572502043E-002
         125   9.9085702572502043E-002
         126   9.9085702572502043E-002
         127   9.9085702572502043E-002
         128   9.9085702572502043E-002
         129   9.9085702572502043E-002
         130   9.9085702572502043E-002
         131   9.9085702572502043E-002
         132   9.9085702572502043E-002
         133   9.9085702572502043E-002
         134   9.9085702572502043E-002
         135   9.9085702572502043E-002
         136   9.9085702572502043E-002
         137   9.9085702572502043E-002
         138   9.9085702572502043E-002
         139   9.9085702572502043E-002
         140   9.9085702572502043E-002
         141   9.9085702572502043E-002
         142   9.9085702572502043E-002
         143   9.9085702572502043E-002
         144   9.9085702572502043E-002
         145   9.9085702572502043E-002
         146   9.9085702572502043E-002
         147   9.9085702572502043E-002
         148   9.9085702572502043E-002
         149   9.9085702572502043E-002
         150   9.9085702572502043E-002
         151   9.9085702572502043E-002
         152   9.9085702572502043E-002
         153   9.9085702572502043E-002
         154   9.9085702572502043E-002
         155   9.9085702572502043E-002
         156   9.9085702572502043E-002
         157   9.9085702572502043E-002
         158   9.9085702572502043E-002
         159   9.9085702572502043E-002
         160   9.9085702572502043E-002
         161   9.9085702572502043E-002
         162   9.9085702572502043E-002
         163   9.9085702572502043E-002
         164   9.9085702572502043E-002
         165   9.9085702572502043E-002
         166   9.9085702572502043E-002
         167   9.9085702572502043E-002
         168   9.9085702572502043E-002
         169   9.9085702572502043E-002
         170   9.9085702572502043E-002
         171   9.9085702572502043E-002
         172   9.9085702572502043E-002
         173   9.9085702572502043E-002
         174   9.9085702572502043E-002
         175   9.9085702572502043E-002
         176   9.9085702572502043E-002
         177   9.9085702572502043E-002
         178   9.9085702572502043E-002
         179   9.9085702572502043E-002
         180   9.9085702572502043E-002
         181   9.9085702572502043E-002
         182   9.9085702572502043E-002
         183   9.9085702572502043E-002
         184   9.9085702572502043E-002
         185   9.9085702572502043E-002
         186   9.9085702572502043E-002
         187   9.9085702572502043E-002
         188   9.9085702572502043E-002
         189   9.9085702572502043E-002
         190   9.9085702572502043E-002
         191   9.9085702572502043E-002
         192   9.9085702572502043E-002
         193   9.9085702572502043E-002
         194   9.9085702572502043E-002
         195   9.9085702572502043E-002
         196   9.9085702572502043E-002
         197   9.9085702572502043E-002
         198   9.9085702572502043E-002
         199   9.9085702572502043E-002
         200   9.9085702572502043E-002
         201   9.9085702572502043E-002
         202   9.9085702572502043E-002
         203   9.9085702572502043E-002
         204   9.9085702572502043E-002
         205   9.9085702572502043E-002
         206   9.9085702572502043E-002
         207   9.9085702572502043E-002
         208   9.9085702572502043E-002
         209   9.9085702572502043E-002
         210   9.9085702572502043E-002
         211   9.9085702572502043E-002
         212   9.9085702572502043E-002
         213   9.9085702572502043E-002
         214   9.9085702572502043E-002
         215   9.9085702572502043E-002
         216   9.9085702572502043E-002
         217   9.9085702572502043E-002
         218   9.9085702572502043E-002
         219   9.9085702572502043E-002
         220   9.9085702572502043E-002
         221   9.9085702572502043E-002
         222   9.9085702572502043E-002
         223   9.9085702572502043E-002
         224   9.9085702572502043E-002
         225   9.9085702572502043E-002
         226   9.9085702572502043E-002
         227   9.9085702572502043E-002
         228   9.9085702572502043E-002
         229   9.9085702572502043E-002
         230   9.9085702572502043E-002
         231   9.9085702572502043E-002
         232   9.9085702572502043E-002
         233   9.9085702572502043E-002
         234   9.9085702572502043E-002
         235   9.9085702572502043E-002
         236   9.9085702572502043E-002
         237   9.9085702572502043E-002
         238   9.9085702572502043E-002
         239   9.9085702572502043E-002
         240   9.9085702572502043E-002
         241   9.9085702572502043E-002
         242   9.9085702572502043E-002
         243   9.9085702572502043E-002
         244   9.9085702572502043E-002
         245   9.9085702572502043E-002
         246   9.9085702572502043E-002
         247   9.9085702572502043E-002
         248   9.9085702572502043E-002
         249   9.9085702572502043E-002
         250   9.9085702572502043E-002
         251   9.9085702572502043E-002
         252   9.9085702572502043E-002
         253   9.9085702572502043E-002
         254   9.9085702572502043E-002
         255   9.9085702572502043E-002
         256   9.9085702572502043E-002
         257   9.9085702572502043E-002
         258   9.9085702572502043E-002
         259   9.9085702572502043E-002
         260   9.9085702572502043E-002
         261   9.9085702572502043E-002
         262   9.9085702572502043E-002
         263   9.9085702572502043E-002
         264   9.9085702572502043E-002
         265   9.9085702572502043E-002
         266   9.9085702572502043E-002
         267   9.9085702572502043E-002
         268   9.9085702572502043E-002
         269   9.9085702572502043E-002
         270   9.9085702572502043E-002
         271   9.9085702572502043E-002
         272   9.9085702572502043E-002
         273   9.9085702572502043E-002
         274   9.9085702572502043E-002
         275   9.9085702572502043E-002
         276   9.9085702572502043E-002
         277   9.9085702572502043E-002
         278   9.9085702572502043E-002
         279   9.9085702572502043E-002
         280   9.9085702572502043E-002
         281   9.9085702572502043E-002
         282   9.9085702572502043E-002
         283   9.9085702572502043E-002
         284   9.9085702572502043E-002
         285   9.9085702572502043E-002
         286   9.9085702572502043E-002
         287   9.9085702572502043E-002
         288   9.9085702572502043E-002
         289   9.9085702572502043E-002
         290   9.9085702572502043E-002
         291   9.9085702572502043E-002
         292   9.9085702572502043E-002
         293   9.9085702572502043E-002
         294   9.9085702572502043E-002
         295   9.9085702572502043E-002
         296   9.9085702572502043E-002
         297   9.9085702572502043E-002
         298   9.9085702572502043E-002
         299   9.9085702572502043E-002
         300   9.9085702572502043E-002
         301   9.9085702572502043E-002
         302   9.9085702572502043E-002
         303   9.9085702572502043E-002
         304   9.9085702572502043E-002
         305   9.9085702572502043E-002
         306   9.9085702572502043E-002
         307   9.9085702572502043E-002
         308   9.9085702572502043E-002
         309   9.9085702572502043E-002
         310   9.9085702572502043E-002
         311   9.9085702572502043E-002
         312   9.9085702572502043E-002
         313   9.9085702572502043E-002
         314   9.9085702572502043E-002
         315   9.9085702572502043E-002
         316   9.9085702572502043E-002
         317   9.9085702572502043E-002
         318   9.9085702572502043E-002
         319   9.9085702572502043E-002
         320   9.9085702572502043E-002
         321   9.9085702572502043E-002
         322   9.9085702572502043E-002
         323   9.9085702572502043E-002
         324   9.9085702572502043E-002
         325   9.9085702572502043E-002
         326   9.9085702572502043E-002
         327   9.9085702572502043E-002
         328   9.9085702572502043E-002
         329   9.9085702572502043E-002
         330   9.9085702572502043E-002
         331   9.9085702572502043E-002
         332   9.9085702572502043E-002
         333   9.9085702572502043E-002
         334   9.9085702572502043E-002
         335   9.9085702572502043E-002
         336   9.9085702572502043E-002
         337   9.9085702572502043E-002
         338   9.9085702572502043E-002
         339   9.9085702572502043E-002
         340   9.9085702572502043E-002
         341   9.9085702572502043E-002
         342   9.9085702572502043E-002
         343   9.9085702572502043E-002
         344   9.9085702572502043E-002
         345   9.9085702572502043E-002
         346   9.9085702572502043E-002
         347   9.9085702572502043E-002
         348   9.9085702572502043E-002
         349   9.9085702572502043E-002
         350   9.9085702572502043E-002
         351   9.9085702572502043E-002
         352   9.9085702572502043E-002
         353   9.9085702572502043E-002
         354   9.9085702572502043E-002
         355   9.9085702572502043E-002
         356   9.9085702572502043E-002
         357   9.9085702572502043E-002
         358   9.9085702572502043E-002
         359   9.9085702572502043E-002
         360   9.9085702572502043E-002
         361   9.9085702572502043E-002
         362   9.9085702572502043E-002
         363   9.9085702572502043E-002
         364   9.9085702572502043E-002
         365   9.9085702572502043E-002
         366   9.9085702572502043E-002
         367   9.9085702572502043E-002
         368   9.9085702572502043E-002
         369   9.9085702572502043E-002
         370   9.9085702572502043E-002
         371   9.9085702572502043E-002
         372   9.9085702572502043E-002
         373   9.9085702572502043E-002
         374   9.9085702572502043E-002
         375   9.9085702572502043E-002
         376   9.9085702572502043E-002
         377   9.9085702572502043E-002
         378   9.9085702572502043E-002
         379   9.9085702572502043E-002
         380   9.9085702572502043E-002
         381   9.9085702572502043E-002
         382   9.9085702572502043E-002
         383   9.9085702572502043E-002
         384   9.9085702572502043E-002
         385   9.9085702572502043E-002
         386   9.9085702572502043E-002
         387   9.9085702572502043E-002
         388   9.9085702572502043E-002
         389   9.9085702572502043E-002
         390   9.9085702572502043E-002
         391   9.9085702572502043E-002
         392   9.9085702572502043E-002
         393   9.9085702572502043E-002
         394   9.9085702572502043E-002
         395   9.9085702572502043E-002
         396   9.9085702572502043E-002
         397   9.9085702572502043E-002
         398   9.9085702572502043E-002
         399   9.9085702572502043E-002
         400   9.9085702572502043E-002
         401   9.9085702572502043E-002
         402   9.9085702572502043E-002
         403   9.9085702572502043E-002
         404   9.9085702572502043E-002
         405   9.9085702572502043E-002
         406   9.9085702572502043E-002
         407   9.9085702572502043E-002
         408   9.9085702572502043E-002
         409   9.9085702572502043E-002
         410   9.9085702572502043E-002
         411   9.9085702572502043E-002
         412   9.9085702572502043E-002
         413   9.9085702572502043E-002
         414   9.9085702572502043E-002
         415   9.9085702572502043E-002
         416   9.9085702572502043E-002
         417   9.9085702572502043E-002
         418   9.9085702572502043E-002
         419   9.9085702572502043E-002
         420   9.9085702572502043E-002
         421   9.9085702572502043E-002
         422   9.9085702572502043E-002
         423   9.9085702572502043E-002
         424   9.9085702572502043E-002
         425   9.9085702572502043E-002
         426   9.9085702572502043E-002
         427   9.9085702572502043E-002
         428   9.9085702572502043E-002
         429   9.9085702572502043E-002
         430   9.9085702572502043E-002
         431   9.9085702572502043E-002
         432   9.9085702572502043E-002
         433   9.9085702572502043E-002
         434   9.9085702572502043E-002
         435   9.9085702572502043E-002
         436   9.9085702572502043E-002
         437   9.9085702572502043E-002
         438   9.9085702572502043E-002
         439   9.9085702572502043E-002
         440   9.9085702572502043E-002
         441   9.9085702572502043E-002
         442   9.9085702572502043E-002
         443   9.9085702572502043E-002
         444   9.9085702572502043E-002
         445   9.9085702572502043E-002
         446   9.9085702572502043E-002
         447   9.9085702572502043E-002
         448   9.9085702572502043E-002
         449   9.9085702572502043E-002
         450   9.9085702572502043E-002
         451   9.9085702572502043E-002
         452   9.9085702572502043E-002
         453   9.9085702572502043E-002
         454   9.9085702572502043E-002
         455   9.9085702572502043E-002
         456   9.9085702572502043E-002
         457   9.9085702572502043E-002
         458   9.9085702572502043E-002
         459   9.9085702572502043E-002
         460   9.9085702572502043E-002
         461   9.9085702572502043E-002
         462   9.9085702572502043E-002
         463   9.9085702572502043E-002
         464   9.9085702572502043E-002
         465   9.9085702572502043E-002
         466   9.9085702572502043E-002
         467   9.9085702572502043E-002
         468   9.9085702572502043E-002
         469   9.9085702572502043E-002
         470   9.9085702572502043E-002
         471   9.9085702572502043E-002
         472   9.9085702572502043E-002
         473   9.9085702572502043E-002
         474   9.9085702572502043E-002
         475   9.9085702572502043E-002
         476   9.9085702572502043E-002
         477   9.9085702572502043E-002
         478   9.9085702572502043E-002
         479   9.9085702572502043E-002
         480   9.9085702572502043E-002
         481   9.9085702572502043E-002
         482   9.9085702572502043E-002
         483   9.9085702572502043E-002
         484   9.9085702572502043E-002
         485   9.9085702572502043E-002
         486   9.9085702572502043E-002
         487   9.9085702572502043E-002
         488   9.9085702572502043E-002
         489   9.9085702572502043E-002
         490   9.9085702572502043E-002
         491   9.9085702572502043E-002
         492   9.9085702572502043E-002
         493   9.9085702572502043E-002
         494   9.9085702572502043E-002
         495   9.9085702572502043E-002
         496   9.9085702572502043E-002
         497   9.9085702572502043E-002
         498   9.9085702572502043E-002
         499   9.9085702572502043E-002
         500   9.9085702572502043E-002
         501   9.9085702572502043E-002
         502   9.9085702572502043E-002
         503   9.9085702572502043E-002
         504   9.9085702572502043E-002
         505   9.9085702572502043E-002
         506   9.9085702572502043E-002
         507   9.9085702572502043E-002
         508   9.9085702572502043E-002
         509   9.9085702572502043E-002
         510   9.9085702572502043E-002
         511   9.9085702572502043E-002
         512   9.9085702572502043E-002
         513   9.9085702572502043E-002
         514   9.9085702572502043E-002
         515   9.9085702572502043E-002
         516   9.9085702572502043E-002
         517   9.9085702572502043E-002
         518   9.9085702572502043E-002
         519   9.9085702572502043E-002
         520   9.9085702572502043E-002
         521   9.9085702572502043E-002
         522   9.9085702572502043E-002
         523   9.9085702572502043E-002
         524   9.9085702572502043E-002
         525   9.9085702572502043E-002
         526   9.9085702572502043E-002
         527   9.9085702572502043E-002
         528   9.9085702572502043E-002
         529   9.9085702572502043E-002
         530   9.9085702572502043E-002
         531   9.9085702572502043E-002
         532   9.9085702572502043E-002
         533   9.9085702572502043E-002
         534   9.9085702572502043E-002
         535   9.9085702572502043E-002
         536   9.9085702572502043E-002
         537   9.9085702572502043E-002
         538   9.9085702572502043E-002
         539   9.9085702572502043E-002
         540   9.9085702572502043E-002
         541   9.9085702572502043E-002
         542   9.9085702572502043E-002
         543   9.9085702572502043E-002
         544   9.9085702572502043E-002
         545   9.9085702572502043E-002
         546   9.9085702572502043E-002
         547   9.9085702572502043E-002
         548   9.9085702572502043E-002
         549   9.9085702572502043E-002
         550   9.9085702572502043E-002
         551   9.9085702572502043E-002
         552   9.9085702572502043E-002
         553   9.9085702572502043E-002
         554   9.9085702572502043E-002
         555   9.9085702572502043E-002
         556   9.9085702572502043E-002
         557   9.9085702572502043E-002
         558   9.9085702572502043E-002
         559   9.9085702572502043E-002
         560   9.9085702572502043E-002
         561   9.9085702572502043E-002
         562   9.9085702572502043E-002
         563   9.9085702572502043E-002
         564   9.9085702572502043E-002
         565   9.9085702572502043E-002
         566   9.9085702572502043E-002
         567   9.9085702572502043E-002
         568   9.9085702572502043E-002
         569   9.9085702572502043E-002
         570   9.9085702572502043E-002
         571   9.9085702572502043E-002
         572   9.9085702572502043E-002
         573   9.9085702572502043E-002
         574   9.9085702572502043E-002
         575   9.9085702572502043E-002
         576   9.9085702572502043E-002
         577   9.9085702572502043E-002
         578   9.9085702572502043E-002
         579   9.9085702572502043E-002
         580   9.9085702572502043E-002
         581   9.9085702572502043E-002
         582   9.9085702572502043E-002
         583   9.9085702572502043E-002
         584   9.9085702572502043E-002
         585   9.9085702572502043E-002
         586   9.9085702572502043E-002
         587   9.9085702572502043E-002
         588   9.9085702572502043E-002
         589   9.9085702572502043E-002
         590   9.9085702572502043E-002
         591   9.9085702572502043E-002
         592   9.9085702572502043E-002
         593   9.9085702572502043E-002
         594   9.9085702572502043E-002
         595   9.9085702572502043E-002
         596   9.9085702572502043E-002
         597   9.9085702572502043E-002
         598   9.9085702572502043E-002
         599   9.9085702572502043E-002
         600   9.9085702572502043E-002
         601   9.9085702572502043E-002
         602   9.9085702572502043E-002
         603   9.9085702572502043E-002
         604   9.9085702572502043E-002
         605   9.9085702572502043E-002
         606   9.9085702572502043E-002
         607   9.9085702572502043E-002
         608   9.9085702572502043E-002
         609   9.9085702572502043E-002
         610   9.9085702572502043E-002
         611   9.9085702572502043E-002
         612   9.9085702572502043E-002
         613   9.9085702572502043E-002
         614   9.9085702572502043E-002
         615   9.9085702572502043E-002
         616   9.9085702572502043E-002
         617   9.9085702572502043E-002
         618   9.9085702572502043E-002
         619   9.9085702572502043E-002
         620   9.9085702572502043E-002
         621   9.9085702572502043E-002
         622   9.9085702572502043E-002
         623   9.9085702572502043E-002
         624   9.9085702572502043E-002
         625   9.9085702572502043E-002
         626   9.9085702572502043E-002
         627   9.9085702572502043E-002
         628   9.9085702572502043E-002
         629   9.9085702572502043E-002
         630   9.9085702572502043E-002
         631   9.9085702572502043E-002
         632   9.9085702572502043E-002
         633   9.9085702572502043E-002
         634   9.9085702572502043E-002
         635   9.9085702572502043E-002
         636   9.9085702572502043E-002
         637   9.9085702572502043E-002
         638   9.9085702572502043E-002
         639   9.9085702572502043E-002
         640   9.9085702572502043E-002
         641   9.9085702572502043E-002
         642   9.9085702572502043E-002
         643   9.9085702572502043E-002
         644   9.9085702572502043E-002
         645   9.9085702572502043E-002
         646   9.9085702572502043E-002
         647   9.9085702572502043E-002
         648   9.9085702572502043E-002
         649   9.9085702572502043E-002
         650   9.9085702572502043E-002
         651   9.9085702572502043E-002
         652   9.9085702572502043E-002
         653   9.9085702572502043E-002
         654   9.9085702572502043E-002
         655   9.9085702572502043E-002
         656   9.9085702572502043E-002
         657   9.9085702572502043E-002
         658   9.9085702572502043E-002
         659   9.9085702572502043E-002
         660   9.9085702572502043E-002
         661   9.9085702572502043E-002
         662   9.9085702572502043E-002
         663   9.9085702572502043E-002
         664   9.9085702572502043E-002
         665   9.9085702572502043E-002
         666   9.9085702572502043E-002
         667   9.9085702572502043E-002
         668   9.9085702572502043E-002
         669   9.9085702572502043E-002
         670   9.9085702572502043E-002
         671   9.9085702572502043E-002
         672   9.9085702572502043E-002
         673   9.9085702572502043E-002
         674   9.9085702572502043E-002
         675   9.9085702572502043E-002
         676   9.9085702572502043E-002
         677   9.9085702572502043E-002
         678   9.9085702572502043E-002
         679   9.9085702572502043E-002
         680   9.9085702572502043E-002
         681   9.9085702572502043E-002
         682   9.9085702572502043E-002
         683   9.9085702572502043E-002
         684   9.9085702572502043E-002
         685   9.9085702572502043E-002
         686   9.9085702572502043E-002
         687   9.9085702572502043E-002
         688   9.9085702572502043E-002
         689   9.9085702572502043E-002
         690   9.9085702572502043E-002
         691   9.9085702572502043E-002
         692   9.9085702572502043E-002
         693   9.9085702572502043E-002
         694   9.9085702572502043E-002
         695   9.9085702572502043E-002
         696   9.9085702572502043E-002
         697   9.9085702572502043E-002
         698   9.9085702572502043E-002
         699   9.9085702572502043E-002
         700   9.9085702572502043E-002
         701   9.9085702572502043E-002
         702   9.9085702572502043E-002
         703   9.9085702572502043E-002
         704   9.9085702572502043E-002
         705   9.9085702572502043E-002
         706   9.9085702572502043E-002
         707   9.9085702572502043E-002
         708   9.9085702572502043E-002
         709   9.9085702572502043E-002
         710   9.9085702572502043E-002
         711   9.9085702572502043E-002
         712   9.9085702572502043E-002
         713   9.9085702572502043E-002
         714   9.9085702572502043E-002
         715   9.9085702572502043E-002
         716   9.9085702572502043E-002
         717   9.9085702572502043E-002
         718   9.9085702572502043E-002
         719   9.9085702572502043E-002
         720   9.9085702572502043E-002
         721   9.9085702572502043E-002
         722   9.9085702572502043E-002
         723   9.9085702572502043E-002
         724   9.9085702572502043E-002
         725   9.9085702572502043E-002
         726   9.9085702572502043E-002
         727   9.9085702572502043E-002
         728   9.9085702572502043E-002
         729   9.9085702572502043E-002
         730   9.9085702572502043E-002
         731   9.9085702572502043E-002
         732   9.9085702572502043E-002
         733   9.9085702572502043E-002
         734   9.9085702572502043E-002
         735   9.9085702572502043E-002
         736   9.9085702572502043E-002
         737   9.9085702572502043E-002
         738   9.9085702572502043E-002
         739   9.9085702572502043E-002
         740   9.9085702572502043E-002
         741   9.9085702572502043E-002
         742   9.9085702572502043E-002
         743   9.9085702572502043E-002
         744   9.9085702572502043E-002
         745   9.9085702572502043E-002
         746   9.9085702572502043E-002
         747   9.9085702572502043E-002
         748   9.9085702572502043E-002
         749   9.9085702572502043E-002
         750   9.9085702572502043E-002
         751   9.9085702572502043E-002
         752   9.9085702572502043E-002
         753   9.9085702572502043E-002
         754   9.9085702572502043E-002
         755   9.9085702572502043E-002
         756   9.9085702572502043E-002
         757   9.9085702572502043E-002
         758   9.9085702572502043E-002
         759   9.9085702572502043E-002
         760   9.9085702572502043E-002
         761   9.9085702572502043E-002
         762   9.9085702572502043E-002
         763   9.9085702572502043E-002
         764   9.9085702572502043E-002
         765   9.9085702572502043E-002
         766   9.9085702572502043E-002
         767   9.9085702572502043E-002
         768   9.9085702572502043E-002
         769   9.9085702572502043E-002
         770   9.9085702572502043E-002
         771   9.9085702572502043E-002
         772   9.9085702572502043E-002
         773   9.9085702572502043E-002
         774   9.9085702572502043E-002
         775   9.9085702572502043E-002
         776   9.9085702572502043E-002
         777   9.9085702572502043E-002
         778   9.9085702572502043E-002
         779   9.9085702572502043E-002
         780   9.9085702572502043E-002
         781   9.9085702572502043E-002
         782   9.9085702572502043E-002
         783   9.9085702572502043E-002
         784   9.9085702572502043E-002
         785   9.9085702572502043E-002
         786   9.9085702572502043E-002
         787   9.9085702572502043E-002
         788   9.9085702572502043E-002
         789   9.9085702572502043E-002
         790   9.9085702572502043E-002
         791   9.9085702572502043E-002
         792   9.9085702572502043E-002
         793   9.9085702572502043E-002
         794   9.9085702572502043E-002
         795   9.9085702572502043E-002
         796   9.9085702572502043E-002
         797   9.9085702572502043E-002
         798   9.9085702572502043E-002
         799   9.9085702572502043E-002
         800   9.9085702572502043E-002
         801   9.9085702572502043E-002
         802   9.9085702572502043E-002
         803   9.9085702572502043E-002
         804   9.9085702572502043E-002
         805   9.9085702572502043E-002
         806   9.9085702572502043E-002
         807   9.9085702572502043E-002
         808   9.9085702572502043E-002
         809   9.9085702572502043E-002
         810   9.9085702572502043E-002
         811   9.9085702572502043E-002
         812   9.9085702572502043E-002
         813   9.9085702572502043E-002
         814   9.9085702572502043E-002
         815   9.9085702572502043E-002
         816   9.9085702572502043E-002
         817   9.9085702572502043E-002
         818   9.9085702572502043E-002
         819   9.9085702572502043E-002
         820   9.9085702572502043E-002
         821   9.9085702572502043E-002
         822   9.9085702572502043E-002
         823   9.9085702572502043E-002
         824   9.9085702572502043E-002
         825   9.9085702572502043E-002
         826   9.9085702572502043E-002
         827   9.9085702572502043E-002
         828   9.9085702572502043E-002
         829   9.9085702572502043E-002
         830   9.9085702572502043E-002
         831   9.9085702572502043E-002
         832   9.9085702572502043E-002
         833   9.9085702572502043E-002
         834   9.9085702572502043E-002
         835   9.9085702572502043E-002
         836   9.9085702572502043E-002
         837   9.9085702572502043E-002
         838   9.9085702572502043E-002
         839   9.9085702572502043E-002
         840   9.9085702572502043E-002
         841   9.9085702572502043E-002
         842   9.9085702572502043E-002
         843   1.9832715717283733E-002
         844   1.9832715717283733E-002
         845   1.9832715717283733E-002
         846   1.9832715717283733E-002
         847   1.9832715717283733E-002
         848   1.9832715717283733E-002
         849   1.9832715717283733E-002
         850   1.9832715717283733E-002
         851   1.9832715717283733E-002
         852   1.9832715717283733E-002
         853   1.9832715717283733E-002
         854   1.9832715717283733E-002
         855   1.9832715717283733E-002
         856   1.9832715717283733E-002
         857   1.9832715717283733E-002
         858   1.9832715717283733E-002
         859   1.9832715717283733E-002
         860   1.9832715717283733E-002
         861   1.9832715717283733E-002
         862   1.9832715717283733E-002
         863   1.9832715717283733E-002
         864   1.9832715717283733E-002
         865   1.9832715717283733E-002
         866   1.9832715717283733E-002
         867   1.9832715717283733E-002
         868   1.9832715717283733E-002
         869   1.9832715717283733E-002
         870   1.9832715717283733E-002
         871   1.9832715717283733E-002
         872   1.9832715717283733E-002
         873   1.9832715717283733E-002
         874   1.9832715717283733E-002
         875   1.9832715717283733E-002
         876   1.9832715717283733E-002
         877   1.9832715717283733E-002
         878   1.9832715717283733E-002
         879   1.9832715717283733E-002
         880   1.9832715717283733E-002
         881   1.9832715717283733E-002
         882   1.9832715717283733E-002
         883   1.9832715717283733E-002
         884   1.9832715717283733E-002
         885   1.9832715717283733E-002
         886   1.9832715717283733E-002
         887   1.9832715717283733E-002
         888   1.9832715717283733E-002
         889   1.9832715717283733E-002
         890   1.9832715717283733E-002
         891   1.9832715717283733E-002
         892   1.9832715717283733E-002
         893   1.9832715717283733E-002
         894   1.9832715717283733E-002
         895   1.9832715717283733E-002
         896   1.9832715717283733E-002
         897   1.9832715717283733E-002
         898   1.9832715717283733E-002
         899   1.9832715717283733E-002
         900   1.9832715717283733E-002
         901   1.9832715717283733E-002
         902   1.9832715717283733E-002
         903   1.9832715717283733E-002
         904   1.9832715717283733E-002
         905   1.9832715717283733E-002
         906   1.9832715717283733E-002
         907   1.9832715717283733E-002
         908   1.9832715717283733E-002
         909   1.9832715717283733E-002
         910   1.9832715717283733E-002
         911   1.9832715717283733E-002
         912   1.9832715717283733E-002
         913   1.9832715717283733E-002
         914   1.9832715717283733E-002
         915   1.9832715717283733E-002
         916   1.9832715717283733E-002
         917   1.9832715717283733E-002
         918   1.9832715717283733E-002
         919   1.9832715717283733E-002
         920   1.9832715717283733E-002
         921   1.9832715717283733E-002
         922   1.9832715717283733E-002
         923   1.9832715717283733E-002
         924   1.9832715717283733E-002
         925   1.9832715717283733E-002
         926   1.9832715717283733E-002
         927   1.9832715717283733E-002
         928   1.9832715717283733E-002
         929   1.9832715717283733E-002
         930   1.9832715717283733E-002
         931   1.9832715717283733E-002
         932   1.9832715717283733E-002
         933   1.9832715717283733E-002
         934   1.9832715717283733E-002
         935   1.9832715717283733E-002
         936   1.9832715717283733E-002
         937   1.9832715717283733E-002
         938   1.9832715717283733E-002
         939   1.9832715717283733E-002
         940   1.9832715717283733E-002
         941   1.9832715717283733E-002
         942   1.9832715717283733E-002
         943   1.9832715717283733E-002
         944   1.9832715717283733E-002
         945   1.9832715717283733E-002
         946   1.9832715717283733E-002
         947   1.9832715717283733E-002
         948   1.9832715717283733E-002
         949   1.9832715717283733E-002
         950   1.9832715717283733E-002
         951   1.9832715717283733E-002
         952   1.9832715717283733E-002
         953   1.9832715717283733E-002
         954   1.9832715717283733E-002
         955   1.9832715717283733E-002
         956   1.9832715717283733E-002
         957   1.9832715717283733E-002
         958   1.9832715717283733E-002
         959   1.9832715717283733E-002
         960   1.9832715717283733E-002
         961   1.9832715717283733E-002
         962   1.9832715717283733E-002
         963   1.9832715717283733E-002
         964   1.9832715717283733E-002
         965   1.9832715717283733E-002
         966   1.9832715717283733E-002
         967   1.9832715717283733E-002
         968   1.9832715717283733E-002
         969   1.9832715717283733E-002
         970   1.9832715717283733E-002
         971   1.9832715717283733E-002
         972   1.9832715717283733E-002
         973   1.9832715717283733E-002
         974   1.9832715717283733E-002
         975   1.9832715717283733E-002
         976   1.9832715717283733E-002
         977   1.9832715717283733E-002
         978   1.9832715717283733E-002
         979   1.9832715717283733E-002
         980   1.9832715717283733E-002
         981   1.9832715717283733E-002
         982   1.9832715717283733E-002
         983   1.9832715717283733E-002
         984   1.9832715717283733E-002
         985   1.9832715717283733E-002
         986   1.9832715717283733E-002
         987   1.9832715717283733E-002
         988   1.9832715717283733E-002
         989   1.9832715717283733E-002
         990   1.9832715717283733E-002
         991   1.9832715717283733E-002
         992   1.9832715717283733E-002
         993   1.9832715717283733E-002
         994   1.9832715717283733E-002
         995   1.9832715717283733E-002
         996   1.9832715717283733E-002
         997   1.9832715717283733E-002
         998   1.9832715717283733E-002
         999   1.9832715717283733E-002
        1000   1.9832715717283733E-002
        1001   1.9832715717283733E-002
        1002   1.9832715717283733E-002
        1003   1.9832715717283733E-002
        1004   1.9832715717283733E-002
        1005   1.9832715717283733E-002
        1006   1.9832715717283733E-002
        1007   1.9832715717283733E-002
        1008   1.9832715717283733E-002
        1009   1.9832715717283733E-002
        1010   1.9832715717283733E-002
        1011   1.9832715717283733E-002
        1012   1.9832715717283733E-002
        1013   1.9832715717283733E-002
        1014   1.9832715717283733E-002
        1015   1.9832715717283733E-002
        1016   1.9832715717283733E-002
        1017   1.9832715717283733E-002
        1018   1.9832715717283733E-002
        1019   1.9832715717283733E-002
        1020   1.9832715717283733E-002
        1021   1.9832715717283733E-002
        1022   1.9832715717283733E-002
        1023   1.9832715717283733E-002
        1024   1.9832715717283733E-002
        1025   1.9832715717283733E-002
        1026   1.9832715717283733E-002
        1027   1.9832715717283733E-002
        1028   1.9832715717283733E-002
        1029   1.9832715717283733E-002
        1030   1.9832715717283733E-002
        1031   1.9832715717283733E-002
        1032   1.9832715717283733E-002
        1033   1.9832715717283733E-002
        1034   1.9832715717283733E-002
        1035   1.9832715717283733E-002
        1036   1.9832715717283733E-002
        1037   1.9832715717283733E-002
        1038   1.9832715717283733E-002
        1039   1.9832715717283733E-002
        1040   1.9832715717283733E-002
        1041   1.9832715717283733E-002
        1042   1.9832715717283733E-002
        1043   1.9832715717283733E-002
        1044   1.9832715717283733E-002
        1045   1.9832715717283733E-002
        1046   1.9832715717283733E-002
        1047   1.9832715717283733E-002
        1048   1.9832715717283733E-002
        1049   1.9832715717283733E-002
        1050   1.9832715717283733E-002
        1051   1.9832715717283733E-002
        1052   1.9832715717283733E-002
        1053   1.9832715717283733E-002
        1054   1.9832715717283733E-002
        1055   1.9832715717283733E-002
        1056   1.9832715717283733E-002
        1057   1.9832715717283733E-002
        1058   1.9832715717283733E-002
        1059   1.9832715717283733E-002
        1060   1.9832715717283733E-002
        1061   1.9832715717283733E-002
        1062   1.9832715717283733E-002
        1063   1.9832715717283733E-002
        1064   1.9832715717283733E-002
        1065   1.9832715717283733E-002
        1066   1.9832715717283733E-002
        1067   1.9832715717283733E-002
        1068   1.9832715717283733E-002
        1069   1.9832715717283733E-002
        1070   1.9832715717283733E-002
        1071   1.9832715717283733E-002
        1072   1.9832715717283733E-002
        1073   1.9832715717283733E-002
        1074   1.9832715717283733E-002
        1075   1.9832715717283733E-002
        1076   1.9832715717283733E-002
        1077   1.9832715717283733E-002
        1078   1.9832715717283733E-002
        1079   1.9832715717283733E-002
        1080   1.9832715717283733E-002
        1081   1.9832715717283733E-002
        1082   1.9832715717283733E-002
        1083   1.9832715717283733E-002
        1084   1.9832715717283733E-002
        1085   1.9832715717283733E-002
        1086   1.9832715717283733E-002
        1087   1.9832715717283733E-002
        1088   1.9832715717283733E-002
        1089   1.9832715717283733E-002
        1090   1.9832715717283733E-002
        1091   1.9832715717283733E-002
        1092   1.9832715717283733E-002
        1093   1.9832715717283733E-002
        1094   1.9832715717283733E-002
        1095   1.9832715717283733E-002
        1096   1.9832715717283733E-002
        1097   1.9832715717283733E-002
        1098   1.9832715717283733E-002
        1099   1.9832715717283733E-002
        1100   1.9832715717283733E-002
        1101   1.9832715717283733E-002
        1102   1.9832715717283733E-002
        1103   1.9832715717283733E-002
        1104   1.9832715717283733E-002
        1105   1.9832715717283733E-002
        1106   1.9832715717283733E-002
        1107   1.9832715717283733E-002
        1108   1.9832715717283733E-002
        1109   1.9832715717283733E-002
        1110   1.9832715717283733E-002
        1111   1.9832715717283733E-002
        1112   1.9832715717283733E-002
        1113   1.9832715717283733E-002
        1114   1.9832715717283733E-002
        1115   1.9832715717283733E-002
        1116   1.9832715717283733E-002
        1117   1.9832715717283733E-002
        1118   1.9832715717283733E-002
        1119   1.9832715717283733E-002
        1120   1.9832715717283733E-002
        1121   1.9832715717283733E-002
        1122   1.9832715717283733E-002
        1123   1.9832715717283733E-002
        1124   1.9832715717283733E-002
        1125   1.9832715717283733E-002
        1126   1.9832715717283733E-002
        1127   1.9832715717283733E-002
        1128   1.9832715717283733E-002
        1129   1.9832715717283733E-002
        1130   1.9832715717283733E-002
        1131   1.9832715717283733E-002
        1132   1.9832715717283733E-002
        1133   1.9832715717283733E-002
        1134   1.9832715717283733E-002
        1135   1.9832715717283733E-002
        1136   1.9832715717283733E-002
        1137   1.9832715717283733E-002
        1138   1.9832715717283733E-002
        1139   1.9832715717283733E-002
        1140   1.9832715717283733E-002
        1141   1.9832715717283733E-002
        1142   1.9832715717283733E-002
        1143   1.9832715717283733E-002
        1144   1.9832715717283733E-002
        1145   1.9832715717283733E-002
        1146   1.9832715717283733E-002
        1147   1.9832715717283733E-002
        1148   1.9832715717283733E-002
        1149   1.9832715717283733E-002
        1150   1.9832715717283733E-002
        1151   1.9832715717283733E-002
        1152   1.9832715717283733E-002
        1153   1.9832715717283733E-002
        1154   1.9832715717283733E-002
        1155   1.9832715717283733E-002
        1156   1.9832715717283733E-002
        1157   1.9832715717283733E-002
        1158   1.9832715717283733E-002
        1159   1.9832715717283733E-002
        1160   1.9832715717283733E-002
        1161   1.9832715717283733E-002
        1162   1.9832715717283733E-002
        1163   1.9832715717283733E-002
        1164   1.9832715717283733E-002
        1165   1.9832715717283733E-002
        1166   1.9832715717283733E-002
        1167   1.9832715717283733E-002
        1168   1.9832715717283733E-002
        1169   1.9832715717283733E-002
        1170   1.9832715717283733E-002
        1171   1.9832715717283733E-002
        1172   1.9832715717283733E-002
        1173   1.9832715717283733E-002
        1174   1.9832715717283733E-002
        1175   1.9832715717283733E-002
        1176   1.9832715717283733E-002
        1177   1.9832715717283733E-002
        1178   1.9832715717283733E-002
        1179   1.9832715717283733E-002
        1180   1.9832715717283733E-002
        1181   1.9832715717283733E-002
        1182   1.9832715717283733E-002
        1183   1.9832715717283733E-002
        1184   1.9832715717283733E-002
        1185   1.9832715717283733E-002
        1186   1.9832715717283733E-002
        1187   1.9832715717283733E-002
        1188   1.9832715717283733E-002
        1189   1.9832715717283733E-002
        1190   1.9832715717283733E-002
        1191   1.9832715717283733E-002
        1192   1.9832715717283733E-002
        1193   1.9832715717283733E-002
        1194   1.9832715717283733E-002
        1195   1.9832715717283733E-002
        1196   1.9832715717283733E-002
        1197   1.9832715717283733E-002
        1198   1.9832715717283733E-002
        1199   1.9832715717283733E-002
        1200   1.9832715717283733E-002
        1201   1.9832715717283733E-002
        1202   1.9832715717283733E-002
        1203   1.9832715717283733E-002
        1204   1.9832715717283733E-002
        1205   1.9832715717283733E-002
        1206   1.9832715717283733E-002
        1207   1.9832715717283733E-002
        1208   1.9832715717283733E-002
        1209   1.9832715717283733E-002
        1210   1.9832715717283733E-002
        1211   1.9832715717283733E-002
        1212   1.9832715717283733E-002
        1213   1.9832715717283733E-002
        1214   1.9832715717283733E-002
        1215   1.9832715717283733E-002
        1216   1.9832715717283733E-002
        1217   1.9832715717283733E-002
        1218   1.9832715717283733E-002
        1219   1.9832715717283733E-002
        1220   1.9832715717283733E-002
        1221   1.9832715717283733E-002
        1222   1.9832715717283733E-002
        1223   1.9832715717283733E-002
        1224   1.9832715717283733E-002
        1225   1.9832715717283733E-002
        1226   1.9832715717283733E-002
        1227   1.9832715717283733E-002
        1228   1.9832715717283733E-002
        1229   1.9832715717283733E-002
        1230   1.9832715717283733E-002
        1231   1.9832715717283733E-002
        1232   1.9832715717283733E-002
        1233   1.9832715717283733E-002
        1234   1.9832715717283733E-002
        1235   1.9832715717283733E-002
        1236   1.9832715717283733E-002
        1237   1.9832715717283733E-002
        1238   1.9832715717283733E-002
        1239   1.9832715717283733E-002
        1240   1.9832715717283733E-002
        1241   1.9832715717283733E-002
        1242   1.9832715717283733E-002
        1243   1.9832715717283733E-002
        1244   1.9832715717283733E-002
        1245   1.9832715717283733E-002
        1246   1.9832715717283733E-002
        1247   1.9832715717283733E-002
        1248   1.9832715717283733E-002
        1249   1.9832715717283733E-002
        1250   1.9832715717283733E-002
        1251   1.9832715717283733E-002
        1252   1.9832715717283733E-002
        1253   1.9832715717283733E-002
        1254   1.9832715717283733E-002
        1255   1.9832715717283733E-002
        1256   1.9832715717283733E-002
        1257   1.9832715717283733E-002
        1258   1.9832715717283733E-002
        1259   1.9832715717283733E-002
        1260   1.9832715717283733E-002
        1261   1.9832715717283733E-002
        1262   1.9832715717283733E-002
        1263   1.9832715717283733E-002
        1264   1.9832715717283733E-002
        1265   1.9832715717283733E-002
        1266   1.9832715717283733E-002
        1267   1.9832715717283733E-002
        1268   1.9832715717283733E-002
        1269   1.9832715717283733E-002
        1270   1.9832715717283733E-002
        1271   1.9832715717283733E-002
        1272   1.9832715717283733E-002
        1273   1.9832715717283733E-002
        1274   1.9832715717283733E-002
        1275   1.9832715717283733E-002
        1276   1.9832715717283733E-002
        1277   1.9832715717283733E-002
        1278   1.9832715717283733E-002
        1279   1.9832715717283733E-002
        1280   1.9832715717283733E-002
        1281   1.9832715717283733E-002
        1282   1.9832715717283733E-002
        1283   1.9832715717283733E-002
        1284   1.9832715717283733E-002
        1285   1.9832715717283733E-002
        1286   1.9832715717283733E-002
        1287   1.9832715717283733E-002
        1288   1.9832715717283733E-002
        1289   1.9832715717283733E-002
        1290   1.9832715717283733E-002
        1291   1.9832715717283733E-002
        1292   1.9832715717283733E-002
        1293   1.9832715717283733E-002
        1294   1.9832715717283733E-002
        1295   1.9832715717283733E-002
        1296   1.9832715717283733E-002
        1297   1.9832715717283733E-002
        1298   1.9832715717283733E-002
        1299   1.9832715717283733E-002
        1300   1.9832715717283733E-002
        1301   1.9832715717283733E-002
        1302   1.9832715717283733E-002
        1303   1.9832715717283733E-002
        1304   1.9832715717283733E-002
        1305   1.9832715717283733E-002
        1306   1.9832715717283733E-002
        1307   1.9832715717283733E-002
        1308   1.9832715717283733E-002
        1309   1.9832715717283733E-002
        1310   1.9832715717283733E-002
        1311   1.9832715717283733E-002
        1312   1.9832715717283733E-002
        1313   1.9832715717283733E-002
        1314   1.9832715717283733E-002
        1315   1.9832715717283733E-002
        1316   1.9832715717283733E-002
        1317   1.9832715717283733E-002
        1318   1.9832715717283733E-002
        1319   1.9832715717283733E-002
        1320   1.9832715717283733E-002
        1321   1.9832715717283733E-002
        1322   1.9832715717283733E-002
        1323   1.9832715717283733E-002
        1324   1.9832715717283733E-002
        1325   1.9832715717283733E-002
        1326   1.9832715717283733E-002
        1327   1.9832715717283733E-002
        1328   1.9832715717283733E-002
        1329   1.9832715717283733E-002
        1330   1.9832715717283733E-002
        1331   1.9832715717283733E-002
        1332   1.9832715717283733E-002
        1333   1.9832715717283733E-002
        1334   1.9832715717283733E-002
        1335   1.9832715717283733E-002
        1336   1.9832715717283733E-002
        1337   1.9832715717283733E-002
        1338   1.9832715717283733E-002
        1339   1.9832715717283733E-002
        1340   1.9832715717283733E-002
        1341   0.0000000000000000     
