           1   9.0871973294267896     
           2   2.1016035298311664     
           3   2.1016035298311664     
           4   2.1016035298311664     
           5   2.1016035298311664     
           6   1.4750213755689074     
           7   1.4750213755689074     
           8   1.4750213755689074     
           9   1.4750213755689074     
          10   1.1780274927131149     
          11   1.1780274927131149     
          12   1.0792529868552183     
          13   1.0198327157172837     
          14   1.0198327157172837     
          15   1.0198327157172837     
          16   1.0198327157172837     
          17   1.0198327157172837     
          18   1.0198327157172837     
          19   1.0198327157172837     
          20   1.0198327157172837     
          21   1.0198327157172837     
          22   1.0198327157172837     
          23   1.0198327157172837     
          24   1.0198327157172837     
          25   1.0198327157172837     
          26   1.0198327157172837     
          27   1.0198327157172837     
          28   1.0198327157172837     
          29   1.0198327157172837     
          30   1.0198327157172837     
          31   1.0198327157172837     
          32   1.0198327157172837     
          33   1.0198327157172837     
          34   1.0198327157172837     
          35   1.0198327157172837     
          36   1.0198327157172837     
          37   1.0198327157172837     
          38   1.0198327157172837     
          39   1.0198327157172837     
          40   1.0198327157172837     
          41   1.0198327157172837     
          42   1.0198327157172837     
          43   1.0198327157172837     
          44   1.0198327157172837     
          45   1.0198327157172837     
          46   1.0198327157172837     
          47   1.0198327157172837     
          48   1.0198327157172837     
          49   1.0198327157172837     
          50   1.0198327157172837     
          51   1.0198327157172837     
          52   1.0198327157172837     
          53   1.0196654314345679     
          54   1.0196654314345679     
          55   1.0196654314345679     
          56   1.0196654314345679     
          57   1.0196654314345679     
          58   1.0196654314345679     
          59   1.0196654314345679     
          60   1.0196654314345679     
          61   1.0196654314345679     
          62   1.0196654314345679     
          63   1.0196654314345679     
          64   1.0196654314345679     
          65   1.0196654314345679     
          66   1.0196654314345679     
          67   1.0196654314345679     
          68   1.0196654314345679     
          69   1.0196654314345679     
          70   1.0196654314345679     
          71   1.0196654314345679     
          72   1.0196654314345679     
          73   1.0196654314345679     
          74   1.0196654314345679     
          75   1.0196654314345679     
          76   1.0196654314345679     
          77   1.0196654314345679     
          78   1.0196654314345679     
          79   1.0196654314345679     
          80   1.0196654314345679     
          81   1.0196654314345679     
          82   1.0196654314345679     
          83   1.0196654314345679     
          84   1.0196654314345679     
          85   1.0196654314345679     
          86   1.0196654314345679     
          87   1.0196654314345679     
          88   1.0196654314345679     
          89   1.0196654314345679     
          90   1.0196654314345679     
          91   1.0196654314345679     
          92   1.0196654314345679     
          93   1.0196654314345679     
          94   1.0196654314345679     
          95   1.0196654314345679     
          96   1.0196654314345679     
          97   1.0196654314345679     
          98   1.0196654314345679     
          99   1.0196654314345679     
         100   1.0196654314345679     
         101   1.0196654314345679     
         102   1.0196654314345679     
         103   1.0196654314345679     
         104   1.0196654314345679     
         105   1.0196654314345679     
         106   1.0196654314345679     
         107   1.0196654314345679     
         108   1.0196654314345679     
         109   1.0196654314345679     
         110   1.0196654314345679     
         111   1.0196654314345679     
         112   1.0196654314345679     
         113   1.0196654314345679     
         114   1.0196654314345679     
         115   1.0196654314345679     
         116   1.0196654314345679     
         117   1.0196654314345679     
         118   1.0196654314345679     
         119   1.0196654314345679     
         120   1.0196654314345679     
         121   1.0196654314345679     
         122   1.0196654314345679     
         123   1.0196654314345679     
         124   1.0196654314345679     
         125   1.0196654314345679     
         126   1.0196654314345679     
         127   1.0196654314345679     
         128   1.0196654314345679     
         129   1.0196654314345679     
         130   1.0196654314345679     
         131   1.0196654314345679     
         132   1.0196654314345679     
         133   1.0196654314345679     
         134   1.0196654314345679     
         135   1.0196654314345679     
         136   1.0196654314345679     
         137   1.0196654314345679     
         138   1.0196654314345679     
         139   1.0196654314345679     
         140   1.0196654314345679     
         141   1.0196654314345679     
         142   1.0196654314345679     
         143   1.0000000000000000     
         144   1.0000000000000000     
         145   1.0000000000000000     
         146   1.0000000000000000     
         147   1.0000000000000000     
         148   1.0000000000000000     
         149   1.0000000000000000     
         150   1.0000000000000000     
         151   1.0000000000000000     
         152   1.0000000000000000     
         153   1.0000000000000000     
         154   1.0000000000000000     
         155   1.0000000000000000     
         156   1.0000000000000000     
         157   1.0000000000000000     
         158   1.0000000000000000     
         159   1.0000000000000000     
         160   1.0000000000000000     
         161   1.0000000000000000     
         162   1.0000000000000000     
         163   1.0000000000000000     
         164   1.0000000000000000     
         165   1.0000000000000000     
         166   1.0000000000000000     
         167   1.0000000000000000     
         168   1.0000000000000000     
         169   1.0000000000000000     
         170   1.0000000000000000     
         171   1.0000000000000000     
         172   1.0000000000000000     
         173   1.0000000000000000     
         174   1.0000000000000000     
         175   1.0000000000000000     
         176   1.0000000000000000     
         177   1.0000000000000000     
         178   1.0000000000000000     
         179   1.0000000000000000     
         180   1.0000000000000000     
         181   1.0000000000000000     
         182   1.0000000000000000     
         183   1.0000000000000000     
         184   1.0000000000000000     
         185   1.0000000000000000     
         186   1.0000000000000000     
         187   1.0000000000000000     
         188   1.0000000000000000     
         189   1.0000000000000000     
         190   1.0000000000000000     
         191   1.0000000000000000     
         192   1.0000000000000000     
         193   1.0000000000000000     
         194   1.0000000000000000     
         195   1.0000000000000000     
         196   1.0000000000000000     
         197   1.0000000000000000     
         198   1.0000000000000000     
         199   1.0000000000000000     
         200   1.0000000000000000     
         201   1.0000000000000000     
         202  0.99983271571728416     
         203  0.99983271571728416     
         204  0.99983271571728416     
         205  0.99983271571728416     
         206  0.99983271571728416     
         207  0.99983271571728416     
         208  0.99983271571728416     
         209  0.99983271571728416     
         210  0.99983271571728416     
         211  0.99983271571728416     
         212  0.99983271571728416     
         213  0.99983271571728416     
         214  0.99983271571728416     
         215  0.99983271571728416     
         216  0.99983271571728416     
         217  0.99983271571728416     
         218  0.99983271571728416     
         219  0.99983271571728416     
         220  0.99983271571728416     
         221  0.99983271571728416     
         222  0.99983271571728416     
         223  0.99983271571728416     
         224  0.99983271571728416     
         225  0.99983271571728416     
         226  0.99983271571728416     
         227  0.99983271571728416     
         228  0.99983271571728416     
         229  0.99983271571728416     
         230  0.99983271571728416     
         231  0.99983271571728416     
         232  0.99983271571728416     
         233  0.99983271571728416     
         234  0.99983271571728416     
         235  0.99983271571728416     
         236  0.99983271571728416     
         237  0.99983271571728416     
         238  0.99983271571728416     
         239  0.99983271571728416     
         240  0.99983271571728416     
         241  0.99983271571728416     
         242  0.99983271571728416     
         243  0.99983271571728416     
         244  0.99983271571728416     
         245  0.99983271571728416     
         246  0.99983271571728416     
         247  0.99983271571728416     
         248  0.99983271571728416     
         249  0.99983271571728416     
         250  0.99983271571728416     
         251  0.99983271571728416     
         252  0.99983271571728416     
         253  0.99983271571728416     
         254  0.99983271571728416     
         255  0.99983271571728416     
         256  0.99983271571728416     
         257  0.99983271571728416     
         258  0.99983271571728416     
         259  0.99983271571728416     
         260  0.99983271571728416     
         261  0.99983271571728416     
         262  0.99983271571728416     
         263  0.99983271571728416     
         264  0.99983271571728416     
         265  0.99983271571728416     
         266  0.99983271571728416     
         267  0.99983271571728416     
         268  0.99983271571728416     
         269  0.99983271571728416     
         270  0.99983271571728416     
         271  0.99983271571728416     
         272  0.99983271571728416     
         273  0.99983271571728416     
         274  0.99983271571728416     
         275  0.99983271571728416     
         276  0.99983271571728416     
         277  0.99983271571728416     
         278  0.99983271571728416     
         279  0.99983271571728416     
         280  0.99983271571728416     
         281  0.99983271571728416     
         282  0.99983271571728416     
         283  0.99983271571728416     
         284  0.99983271571728416     
         285  0.99983271571728416     
         286  0.99983271571728416     
         287  0.99983271571728416     
         288  0.99983271571728416     
         289  0.99983271571728416     
         290  0.99983271571728416     
         291  0.99983271571728416     
         292  0.99983271571728416     
         293  0.99983271571728416     
         294  0.99983271571728416     
         295  0.99983271571728416     
         296  0.99983271571728416     
         297  0.99983271571728416     
         298  0.99983271571728416     
         299  0.99983271571728416     
         300  0.99983271571728416     
         301  0.99983271571728416     
         302  0.99983271571728416     
         303  0.99983271571728416     
         304  0.99983271571728416     
         305  0.99983271571728416     
         306  0.99983271571728416     
         307  0.99983271571728416     
         308  0.99983271571728416     
         309  0.99983271571728416     
         310  0.99983271571728416     
         311  0.99983271571728416     
         312  0.99983271571728416     
         313  0.99983271571728416     
         314  0.99983271571728416     
         315  0.99983271571728416     
         316  0.99983271571728416     
         317  0.99983271571728416     
         318  0.99983271571728416     
         319  0.99983271571728416     
         320  0.99983271571728416     
         321  0.99983271571728416     
         322  0.99983271571728416     
         323  0.99983271571728416     
         324  0.99983271571728416     
         325  0.99983271571728416     
         326  0.99983271571728416     
         327  0.99983271571728416     
         328  0.99983271571728416     
         329  0.99983271571728416     
         330  0.99983271571728416     
         331  0.99983271571728416     
         332  0.99983271571728416     
         333  0.99983271571728416     
         334  0.99983271571728416     
         335  0.99983271571728416     
         336  0.99983271571728416     
         337  0.99983271571728416     
         338  0.99983271571728416     
         339  0.99983271571728416     
         340  0.99983271571728416     
         341  0.99983271571728416     
         342  0.99983271571728416     
         343  0.99983271571728416     
         344  0.99983271571728416     
         345  0.99983271571728416     
         346  0.99983271571728416     
         347  0.99983271571728416     
         348  0.99983271571728416     
         349  0.99983271571728416     
         350  0.99983271571728416     
         351  0.99983271571728416     
         352  0.99983271571728416     
         353  0.99983271571728416     
         354  0.99983271571728416     
         355  0.99983271571728416     
         356  0.99983271571728416     
         357  0.99983271571728416     
         358  0.99983271571728416     
         359  0.99983271571728416     
         360  0.99983271571728416     
         361  0.99983271571728416     
         362  0.99983271571728416     
         363  0.99983271571728416     
         364  0.99983271571728416     
         365  0.99983271571728416     
         366  0.99983271571728416     
         367  0.99983271571728416     
         368  0.99983271571728416     
         369  0.99983271571728416     
         370  0.99983271571728416     
         371  0.99983271571728416     
         372  0.99983271571728416     
         373  0.99983271571728416     
         374  0.99983271571728416     
         375  0.99983271571728416     
         376  0.99983271571728416     
         377  0.99983271571728416     
         378  0.99983271571728416     
         379  0.99983271571728416     
         380  0.99983271571728416     
         381  0.99983271571728416     
         382  0.99983271571728416     
         383  0.99983271571728416     
         384  0.99983271571728416     
         385  0.99983271571728416     
         386  0.99983271571728416     
         387  0.99983271571728416     
         388  0.99983271571728416     
         389  0.99983271571728416     
         390  0.99983271571728416     
         391  0.99983271571728416     
         392  0.99983271571728416     
         393  0.99983271571728416     
         394  0.99983271571728416     
         395  0.99983271571728416     
         396  0.99983271571728416     
         397  0.99983271571728416     
         398  0.99983271571728416     
         399  0.99983271571728416     
         400  0.99983271571728416     
         401  0.99983271571728416     
         402  0.99983271571728416     
         403  0.99983271571728416     
         404  0.99983271571728416     
         405  0.99983271571728416     
         406  0.99983271571728416     
         407  0.99983271571728416     
         408  0.99983271571728416     
         409  0.99983271571728416     
         410  0.99983271571728416     
         411  0.99983271571728416     
         412  0.99983271571728416     
         413  0.99983271571728416     
         414  0.99983271571728416     
         415  0.99983271571728416     
         416  0.99983271571728416     
         417  0.99983271571728416     
         418  0.99983271571728416     
         419  0.99983271571728416     
         420  0.99983271571728416     
         421  0.99983271571728416     
         422  0.99983271571728416     
         423  0.99983271571728416     
         424  0.99983271571728416     
         425  0.99983271571728416     
         426  0.99983271571728416     
         427  0.99983271571728416     
         428  0.99983271571728416     
         429  0.99983271571728416     
         430  0.99983271571728416     
         431  0.99983271571728416     
         432  0.99983271571728416     
         433  0.99983271571728416     
         434  0.99983271571728416     
         435  0.99983271571728416     
         436  0.99983271571728416     
         437  0.99983271571728416     
         438  0.99983271571728416     
         439  0.99983271571728416     
         440  0.99983271571728416     
         441  0.99983271571728416     
         442  0.99983271571728416     
         443  0.99983271571728416     
         444  0.99983271571728416     
         445  0.99983271571728416     
         446  0.99983271571728416     
         447  0.99983271571728416     
         448  0.99983271571728416     
         449  0.99983271571728416     
         450  0.99983271571728416     
         451  0.99983271571728416     
         452  0.99983271571728416     
         453  0.99983271571728416     
         454  0.99983271571728416     
         455  0.99983271571728416     
         456  0.99983271571728416     
         457  0.99983271571728416     
         458  0.99983271571728416     
         459  0.99983271571728416     
         460  0.99983271571728416     
         461  0.99983271571728416     
         462  0.99983271571728416     
         463  0.99983271571728416     
         464  0.99983271571728416     
         465  0.99983271571728416     
         466  0.99983271571728416     
         467  0.99983271571728416     
         468  0.99983271571728416     
         469  0.99983271571728416     
         470  0.99983271571728416     
         471  0.99983271571728416     
         472  0.99983271571728416     
         473  0.99983271571728416     
         474  0.99983271571728416     
         475  0.99983271571728416     
         476  0.99983271571728416     
         477  0.99983271571728416     
         478  0.99983271571728416     
         479  0.99983271571728416     
         480  0.99983271571728416     
         481  0.99983271571728416     
         482  0.99983271571728416     
         483  0.99983271571728416     
         484  0.99983271571728416     
         485  0.99983271571728416     
         486  0.99983271571728416     
         487  0.99983271571728416     
         488  0.99983271571728416     
         489  0.99983271571728416     
         490  0.99983271571728416     
         491  0.99983271571728416     
         492  0.99983271571728416     
         493  0.99983271571728416     
         494  0.99983271571728416     
         495  0.99983271571728416     
         496  0.99983271571728416     
         497  0.99983271571728416     
         498  0.99983271571728416     
         499  0.99983271571728416     
         500  0.99983271571728416     
         501  0.99983271571728416     
         502  0.99983271571728416     
         503  0.99983271571728416     
         504  0.99983271571728416     
         505  0.99983271571728416     
         506  0.99983271571728416     
         507  0.99983271571728416     
         508  0.99983271571728416     
         509  0.99983271571728416     
         510  0.99983271571728416     
         511  0.99983271571728416     
         512  0.99983271571728416     
         513  0.99983271571728416     
         514  0.99983271571728416     
         515  0.99983271571728416     
         516  0.99983271571728416     
         517  0.99983271571728416     
         518  0.99983271571728416     
         519  0.99983271571728416     
         520  0.99983271571728416     
         521  0.99983271571728416     
         522  0.99983271571728416     
         523  0.99983271571728416     
         524  0.99983271571728416     
         525  0.99983271571728416     
         526  0.99983271571728416     
         527  0.99983271571728416     
         528  0.99983271571728416     
         529  0.99983271571728416     
         530  0.99983271571728416     
         531  0.99983271571728416     
         532  0.99983271571728416     
         533  0.99983271571728416     
         534  0.99983271571728416     
         535  0.99983271571728416     
         536  0.99983271571728416     
         537  0.99983271571728416     
         538  0.99983271571728416     
         539  0.99983271571728416     
         540  0.99983271571728416     
         541  0.99983271571728416     
         542  0.99983271571728416     
         543  0.99983271571728416     
         544  0.99983271571728416     
         545  0.99983271571728416     
         546  0.99983271571728416     
         547  0.99983271571728416     
         548  0.99983271571728416     
         549  0.99983271571728416     
         550  0.99983271571728416     
         551  0.99983271571728416     
         552  0.99983271571728416     
         553  0.99983271571728416     
         554  0.99983271571728416     
         555  0.99983271571728416     
         556  0.99983271571728416     
         557  0.99983271571728416     
         558  0.99983271571728416     
         559  0.99983271571728416     
         560  0.99983271571728416     
         561  0.99983271571728416     
         562  0.99983271571728416     
         563  0.99983271571728416     
         564   1.9832715717283733E-002
         565   1.9832715717283733E-002
         566   1.9832715717283733E-002
         567   1.9832715717283733E-002
         568   1.9832715717283733E-002
         569   1.9832715717283733E-002
         570   1.9832715717283733E-002
         571   1.9832715717283733E-002
         572   1.9832715717283733E-002
         573   1.9832715717283733E-002
         574   1.9832715717283733E-002
         575   1.9832715717283733E-002
         576   1.9832715717283733E-002
         577   1.9832715717283733E-002
         578   1.9832715717283733E-002
         579   1.9832715717283733E-002
         580   1.9832715717283733E-002
         581   1.9832715717283733E-002
         582   1.9832715717283733E-002
         583   1.9832715717283733E-002
         584   1.9832715717283733E-002
         585   1.9832715717283733E-002
         586   1.9832715717283733E-002
         587   1.9832715717283733E-002
         588   1.9832715717283733E-002
         589   1.9832715717283733E-002
         590   1.9832715717283733E-002
         591   1.9832715717283733E-002
         592   1.9832715717283733E-002
         593   1.9832715717283733E-002
         594   1.9832715717283733E-002
         595   1.9832715717283733E-002
         596   1.9832715717283733E-002
         597   1.9832715717283733E-002
         598   1.9832715717283733E-002
         599   1.9832715717283733E-002
         600   1.9832715717283733E-002
         601   1.9832715717283733E-002
         602   1.9832715717283733E-002
         603   1.9832715717283733E-002
         604   1.9832715717283733E-002
         605   1.9832715717283733E-002
         606   1.9832715717283733E-002
         607   1.9832715717283733E-002
         608   1.9832715717283733E-002
         609   1.9832715717283733E-002
         610   1.9832715717283733E-002
         611   1.9832715717283733E-002
         612   1.9832715717283733E-002
         613   1.9832715717283733E-002
         614   1.9832715717283733E-002
         615   1.9832715717283733E-002
         616   1.9832715717283733E-002
         617   1.9832715717283733E-002
         618   1.9832715717283733E-002
         619   1.9832715717283733E-002
         620   1.9832715717283733E-002
         621   1.9832715717283733E-002
         622   1.9832715717283733E-002
         623   1.9832715717283733E-002
         624   1.9832715717283733E-002
         625   1.9832715717283733E-002
         626   1.9832715717283733E-002
         627   1.9832715717283733E-002
         628   1.9832715717283733E-002
         629   1.9832715717283733E-002
         630   1.9832715717283733E-002
         631   1.9832715717283733E-002
         632   1.9832715717283733E-002
         633   1.9832715717283733E-002
         634   1.9832715717283733E-002
         635   1.9832715717283733E-002
         636   1.9832715717283733E-002
         637   1.9832715717283733E-002
         638   1.9832715717283733E-002
         639   1.9832715717283733E-002
         640   1.9832715717283733E-002
         641   1.9832715717283733E-002
         642   1.9832715717283733E-002
         643   1.9832715717283733E-002
         644   1.9832715717283733E-002
         645   1.9832715717283733E-002
         646   1.9832715717283733E-002
         647   1.9832715717283733E-002
         648   1.9832715717283733E-002
         649   1.9832715717283733E-002
         650   1.9832715717283733E-002
         651   1.9832715717283733E-002
         652   1.9832715717283733E-002
         653   1.9832715717283733E-002
         654   1.9832715717283733E-002
         655   1.9832715717283733E-002
         656   1.9832715717283733E-002
         657   1.9832715717283733E-002
         658   1.9832715717283733E-002
         659   1.9832715717283733E-002
         660   1.9832715717283733E-002
         661   1.9832715717283733E-002
         662   1.9832715717283733E-002
         663   1.9832715717283733E-002
         664   1.9832715717283733E-002
         665   1.9832715717283733E-002
         666   1.9832715717283733E-002
         667   1.9832715717283733E-002
         668   1.9832715717283733E-002
         669   1.9832715717283733E-002
         670   1.9832715717283733E-002
         671   1.9832715717283733E-002
         672   1.9832715717283733E-002
         673   1.9832715717283733E-002
         674   1.9832715717283733E-002
         675   1.9832715717283733E-002
         676   1.9832715717283733E-002
         677   1.9832715717283733E-002
         678   1.9832715717283733E-002
         679   1.9832715717283733E-002
         680   1.9832715717283733E-002
         681   1.9832715717283733E-002
         682   1.9832715717283733E-002
         683   1.9832715717283733E-002
         684   1.9832715717283733E-002
         685   1.9832715717283733E-002
         686   1.9832715717283733E-002
         687   1.9832715717283733E-002
         688   1.9832715717283733E-002
         689   1.9832715717283733E-002
         690   1.9832715717283733E-002
         691   1.9832715717283733E-002
         692   1.9832715717283733E-002
         693   1.9832715717283733E-002
         694   1.9832715717283733E-002
         695   1.9832715717283733E-002
         696   1.9832715717283733E-002
         697   1.9832715717283733E-002
         698   1.9832715717283733E-002
         699   1.9832715717283733E-002
         700   1.9832715717283733E-002
         701   1.9832715717283733E-002
         702   1.9832715717283733E-002
         703   1.9832715717283733E-002
         704   1.9832715717283733E-002
         705   1.9832715717283733E-002
         706   1.9832715717283733E-002
         707   1.9832715717283733E-002
         708   1.9832715717283733E-002
         709   1.9832715717283733E-002
         710   1.9832715717283733E-002
         711   1.9832715717283733E-002
         712   1.9832715717283733E-002
         713   1.9832715717283733E-002
         714   1.9832715717283733E-002
         715   1.9832715717283733E-002
         716   1.9832715717283733E-002
         717   1.9832715717283733E-002
         718   1.9832715717283733E-002
         719   1.9832715717283733E-002
         720   1.9832715717283733E-002
         721   1.9832715717283733E-002
         722   1.9832715717283733E-002
         723   1.9832715717283733E-002
         724   1.9832715717283733E-002
         725   1.9832715717283733E-002
         726   1.9832715717283733E-002
         727   1.9832715717283733E-002
         728   1.9832715717283733E-002
         729   1.9832715717283733E-002
         730   1.9832715717283733E-002
         731   1.9832715717283733E-002
         732   1.9832715717283733E-002
         733   1.9832715717283733E-002
         734   1.9832715717283733E-002
         735   1.9832715717283733E-002
         736   1.9832715717283733E-002
         737   1.9832715717283733E-002
         738   1.9832715717283733E-002
         739   1.9832715717283733E-002
         740   1.9832715717283733E-002
         741   1.9832715717283733E-002
         742   1.9832715717283733E-002
         743   1.9832715717283733E-002
         744   1.9832715717283733E-002
         745   1.9832715717283733E-002
         746   1.9832715717283733E-002
         747   1.9832715717283733E-002
         748   1.9832715717283733E-002
         749   1.9832715717283733E-002
         750   1.9832715717283733E-002
         751   1.9832715717283733E-002
         752   1.9832715717283733E-002
         753   1.9832715717283733E-002
         754   1.9832715717283733E-002
         755   1.9832715717283733E-002
         756   1.9832715717283733E-002
         757   1.9832715717283733E-002
         758   1.9832715717283733E-002
         759   1.9832715717283733E-002
         760   1.9832715717283733E-002
         761   1.9832715717283733E-002
         762   1.9832715717283733E-002
         763   1.9832715717283733E-002
         764   1.9832715717283733E-002
         765   1.9832715717283733E-002
         766   1.9832715717283733E-002
         767   1.9832715717283733E-002
         768   1.9832715717283733E-002
         769   1.9832715717283733E-002
         770   1.9832715717283733E-002
         771   1.9832715717283733E-002
         772   1.9832715717283733E-002
         773   1.9832715717283733E-002
         774   1.9832715717283733E-002
         775   1.9832715717283733E-002
         776   1.9832715717283733E-002
         777   1.9832715717283733E-002
         778   1.9832715717283733E-002
         779   1.9832715717283733E-002
         780   1.9832715717283733E-002
         781   1.9832715717283733E-002
         782   1.9832715717283733E-002
         783   1.9832715717283733E-002
         784   1.9832715717283733E-002
         785   1.9832715717283733E-002
         786   1.9832715717283733E-002
         787   1.9832715717283733E-002
         788   1.9832715717283733E-002
         789   1.9832715717283733E-002
         790   1.9832715717283733E-002
         791   1.9832715717283733E-002
         792   1.9832715717283733E-002
         793   1.9832715717283733E-002
         794   1.9832715717283733E-002
         795   1.9832715717283733E-002
         796   1.9832715717283733E-002
         797   1.9832715717283733E-002
         798   1.9832715717283733E-002
         799   1.9832715717283733E-002
         800   1.9832715717283733E-002
         801   1.9832715717283733E-002
         802   1.9832715717283733E-002
         803   1.9832715717283733E-002
         804   1.9832715717283733E-002
         805   1.9832715717283733E-002
         806   1.9832715717283733E-002
         807   1.9832715717283733E-002
         808   1.9832715717283733E-002
         809   1.9832715717283733E-002
         810   1.9832715717283733E-002
         811   1.9832715717283733E-002
         812   1.9832715717283733E-002
         813   1.9832715717283733E-002
         814   1.9832715717283733E-002
         815   1.9832715717283733E-002
         816   1.9832715717283733E-002
         817   1.9832715717283733E-002
         818   1.9832715717283733E-002
         819   1.9832715717283733E-002
         820   1.9832715717283733E-002
         821   1.9832715717283733E-002
         822   1.9832715717283733E-002
         823   1.9832715717283733E-002
         824   1.9832715717283733E-002
         825   1.9832715717283733E-002
         826   1.9832715717283733E-002
         827   1.9832715717283733E-002
         828   1.9832715717283733E-002
         829   1.9832715717283733E-002
         830   1.9832715717283733E-002
         831   1.9832715717283733E-002
         832   1.9832715717283733E-002
         833   1.9832715717283733E-002
         834   1.9832715717283733E-002
         835   1.9832715717283733E-002
         836   1.9832715717283733E-002
         837   1.9832715717283733E-002
         838   1.9832715717283733E-002
         839   1.9832715717283733E-002
         840   1.9832715717283733E-002
         841   1.9832715717283733E-002
         842   1.9832715717283733E-002
         843   0.0000000000000000     
