           1   5.6246534606971270     
           2   5.6246534606971270     
           3   5.6246534606971270     
           4   5.6246534606971270     
           5   5.6246534606971270     
           6   3.5056651973679926     
           7   3.5056651973679926     
           8   3.5056651973679926     
           9   2.6046534606971292     
          10   2.6046534606971292     
          11   1.9964621910570948     
          12   1.9964621910570948     
          13   1.9964621910570948     
          14   1.9964621910570948     
          15   1.9564621910570956     
          16   1.9564621910570956     
          17   1.9564621910570956     
          18   1.9564621910570956     
          19   1.0596654314345670     
          20   1.0596654314345670     
          21   1.0596654314345670     
          22   1.0596654314345670     
          23   1.0596654314345670     
          24   1.0596654314345670     
          25   1.0596654314345670     
          26   1.0596654314345670     
          27   1.0596654314345670     
          28   1.0596654314345670     
          29   1.0596654314345670     
          30   1.0596654314345670     
          31   1.0596654314345670     
          32   1.0596654314345670     
          33   1.0596654314345670     
          34   1.0596654314345670     
          35   1.0596654314345670     
          36   1.0596654314345670     
          37   1.0596654314345670     
          38   1.0596654314345670     
          39   1.0596654314345670     
          40   1.0596654314345670     
          41   1.0596654314345670     
          42   1.0596654314345670     
          43   1.0596654314345670     
          44   1.0596654314345670     
          45   1.0596654314345670     
          46   1.0596654314345670     
          47   1.0596654314345670     
          48   1.0596654314345670     
          49   1.0596654314345670     
          50   1.0596654314345670     
          51   1.0596654314345670     
          52   1.0596654314345670     
          53   1.0596654314345670     
          54   1.0596654314345670     
          55   1.0596654314345670     
          56   1.0596654314345670     
          57   1.0596654314345670     
          58   1.0596654314345670     
          59   1.0596654314345670     
          60   1.0596654314345670     
          61   1.0596654314345670     
          62   1.0596654314345670     
          63   1.0596654314345670     
          64   1.0596654314345670     
          65   1.0596654314345670     
          66   1.0596654314345670     
          67   1.0596654314345670     
          68   1.0596654314345670     
          69   1.0596654314345670     
          70   1.0596654314345670     
          71   1.0596654314345670     
          72   1.0596654314345670     
          73   1.0596654314345670     
          74   1.0596654314345670     
          75   1.0596654314345670     
          76   1.0596654314345670     
          77   1.0596654314345670     
          78   1.0596654314345670     
          79   1.0596654314345670     
          80   1.0596654314345670     
          81   1.0596654314345670     
          82   1.0596654314345670     
          83   1.0596654314345670     
          84   1.0596654314345670     
          85   1.0596654314345670     
          86   1.0596654314345670     
          87   1.0596654314345670     
          88   1.0596654314345670     
          89   1.0596654314345670     
          90   1.0596654314345670     
          91   1.0596654314345670     
          92   1.0596654314345670     
          93   1.0596654314345670     
          94   1.0596654314345670     
          95   1.0596654314345670     
          96   1.0596654314345670     
          97   1.0596654314345670     
          98   1.0596654314345670     
          99   1.0596654314345670     
         100   1.0596654314345670     
         101   1.0596654314345670     
         102   1.0596654314345670     
         103   1.0596654314345670     
         104   1.0596654314345670     
         105   1.0596654314345670     
         106   1.0596654314345670     
         107   1.0596654314345670     
         108   1.0596654314345670     
         109   1.0596654314345670     
         110   1.0596654314345670     
         111   1.0596654314345670     
         112   1.0596654314345670     
         113   1.0596654314345670     
         114   1.0596654314345670     
         115   1.0596654314345670     
         116   1.0596654314345670     
         117   1.0596654314345670     
         118   1.0596654314345670     
         119   1.0596654314345670     
         120   1.0596654314345670     
         121   1.0596654314345670     
         122   1.0596654314345670     
         123   1.0596654314345670     
         124   1.0596654314345670     
         125   1.0596654314345670     
         126   1.0596654314345670     
         127   1.0596654314345670     
         128   1.0596654314345670     
         129   1.0596654314345670     
         130   1.0596654314345670     
         131   1.0398327157172833     
         132   1.0398327157172833     
         133   1.0398327157172833     
         134   1.0398327157172833     
         135   1.0398327157172833     
         136   1.0398327157172833     
         137   1.0398327157172833     
         138   1.0398327157172833     
         139   1.0398327157172833     
         140   1.0398327157172833     
         141   1.0398327157172833     
         142   1.0398327157172833     
         143   1.0398327157172833     
         144   1.0398327157172833     
         145   1.0398327157172833     
         146   1.0398327157172833     
         147   1.0398327157172833     
         148   1.0398327157172833     
         149   1.0398327157172833     
         150   1.0398327157172833     
         151   1.0398327157172833     
         152   1.0398327157172833     
         153   1.0398327157172833     
         154   1.0398327157172833     
         155   1.0398327157172833     
         156   1.0398327157172833     
         157   1.0398327157172833     
         158   1.0398327157172833     
         159   1.0398327157172833     
         160  0.33560110443097280     
         161  0.33560110443097280     
         162  0.33560110443097280     
         163  0.33560110443097280     
         164  0.33560110443097280     
         165  0.33560110443097280     
         166  0.33560110443097280     
         167  0.33560110443097280     
         168  0.33560110443097280     
         169  0.33560110443097280     
         170  0.33560110443097280     
         171  0.33560110443097280     
         172  0.33560110443097280     
         173  0.33560110443097280     
         174  0.33560110443097280     
         175  0.33560110443097280     
         176  0.33560110443097280     
         177  0.33560110443097280     
         178  0.33560110443097280     
         179  0.33560110443097280     
         180  0.33560110443097280     
         181  0.33560110443097280     
         182  0.33560110443097280     
         183  0.33560110443097280     
         184  0.33560110443097280     
         185  0.33560110443097280     
         186  0.33560110443097280     
         187  0.33560110443097280     
         188  0.33560110443097280     
         189  0.33560110443097280     
         190  0.33560110443097280     
         191  0.33560110443097280     
         192  0.33560110443097280     
         193  0.33560110443097280     
         194  0.33560110443097280     
         195   3.9665431434567466E-002
         196   1.9832715717283733E-002
         197   1.9832715717283733E-002
         198   1.9832715717283733E-002
         199   1.9832715717283733E-002
         200   1.9832715717283733E-002
         201   1.9832715717283733E-002
         202   1.9832715717283733E-002
         203   0.0000000000000000     
