           1   8.3517675527657413     
           2   5.1185059737104472     
           3   4.1596627719677919     
           4   4.1596627719677919     
           5   4.1596627719677919     
           6   4.1596627719677919     
           7   1.5537958814268045     
           8   1.5537958814268045     
           9   1.5537958814268045     
          10   1.5537958814268045     
          11   1.5537958814268045     
          12   1.5537958814268045     
          13   1.5537958814268045     
          14   1.5537958814268045     
          15   1.5537958814268045     
          16   1.5537958814268045     
          17   1.5537958814268045     
          18   1.5537958814268045     
          19   1.5537958814268045     
          20   1.5537958814268045     
          21   1.5537958814268045     
          22   1.5537958814268045     
          23   1.5537958814268045     
          24   1.5537958814268045     
          25   1.5537958814268045     
          26   1.5537958814268045     
          27   1.5537958814268045     
          28   1.5537958814268045     
          29   1.5537958814268045     
          30   1.5537958814268045     
          31   1.5537958814268045     
          32   1.5537958814268045     
          33   1.5537958814268045     
          34   1.5537958814268045     
          35   1.5537958814268045     
          36   1.5537958814268045     
          37   1.5537958814268045     
          38   1.5537958814268045     
          39   1.5537958814268045     
          40   1.5537958814268045     
          41   1.5537958814268045     
          42   1.5537958814268045     
          43   1.5537958814268045     
          44   1.5537958814268045     
          45   1.5537958814268045     
          46   1.5537958814268045     
          47   1.5537958814268045     
          48   1.5537958814268045     
          49   1.5537958814268045     
          50   1.5537958814268045     
          51   1.5537958814268045     
          52   1.5537958814268045     
          53   1.5537958814268045     
          54   1.5537958814268045     
          55   1.5537958814268045     
          56   1.5537958814268045     
          57   1.5537958814268045     
          58   1.5537958814268045     
          59   1.5537958814268045     
          60   1.5537958814268045     
          61   1.5537958814268045     
          62   1.5537958814268045     
          63   1.5537958814268045     
          64   1.5537958814268045     
          65   1.5537958814268045     
          66   1.5537958814268045     
          67   1.5537958814268045     
          68   1.5537958814268045     
          69   1.5537958814268045     
          70   1.5537958814268045     
          71   1.5537958814268045     
          72   1.5537958814268045     
          73   1.5537958814268045     
          74   1.5537958814268045     
          75   1.5537958814268045     
          76   1.5537958814268045     
          77   1.5537958814268045     
          78   1.5537958814268045     
          79   1.5537958814268045     
          80   1.5537958814268045     
          81   1.5537958814268045     
          82   1.5537958814268045     
          83   1.5537958814268045     
          84   1.5537958814268045     
          85   1.5537958814268045     
          86   1.5537958814268045     
          87   1.5537958814268045     
          88   1.5537958814268045     
          89   1.5537958814268045     
          90   1.5537958814268045     
          91   1.5537958814268045     
          92   1.5537958814268045     
          93   1.5537958814268045     
          94   1.5537958814268045     
          95   1.5537958814268045     
          96   1.5537958814268045     
          97   1.5537958814268045     
          98   1.5537958814268045     
          99   1.5537958814268045     
         100   1.5537958814268045     
         101   1.5537958814268045     
         102   1.5537958814268045     
         103   1.5537958814268045     
         104   1.5537958814268045     
         105   1.5537958814268045     
         106   1.5537958814268045     
         107   1.5537958814268045     
         108   1.5537958814268045     
         109   1.5537958814268045     
         110   1.5537958814268045     
         111   1.5537958814268045     
         112   1.5537958814268045     
         113   1.5537958814268045     
         114   1.5537958814268045     
         115   1.5537958814268045     
         116   1.5537958814268045     
         117   1.5537958814268045     
         118   1.5537958814268045     
         119   1.5537958814268045     
         120   1.5537958814268045     
         121   1.5537958814268045     
         122   1.5537958814268045     
         123   1.5537958814268045     
         124   1.5537958814268045     
         125   1.5537958814268045     
         126   1.5537958814268045     
         127   1.5537958814268045     
         128   1.5537958814268045     
         129   1.5537958814268045     
         130   1.5537958814268045     
         131   1.0590857025725047     
         132   1.0590857025725047     
         133   1.0590857025725047     
         134   1.0590857025725047     
         135   1.0590857025725047     
         136   1.0590857025725047     
         137   1.0590857025725047     
         138   1.0590857025725047     
         139   1.0590857025725047     
         140   1.0590857025725047     
         141   1.0590857025725047     
         142   1.0590857025725047     
         143   1.0590857025725047     
         144   1.0590857025725047     
         145   1.0392529868552209     
         146   1.0392529868552209     
         147   1.0392529868552209     
         148   1.0392529868552209     
         149   1.0392529868552209     
         150   1.0392529868552209     
         151   1.0392529868552209     
         152   1.0392529868552209     
         153   1.0392529868552209     
         154   1.0392529868552209     
         155   1.0000000000000000     
         156   1.0000000000000000     
         157   1.0000000000000000     
         158   1.0000000000000000     
         159   1.0000000000000000     
         160   1.0000000000000000     
         161   1.0000000000000000     
         162   1.0000000000000000     
         163   1.0000000000000000     
         164   1.0000000000000000     
         165   1.0000000000000000     
         166   1.0000000000000000     
         167   1.0000000000000000     
         168   1.0000000000000000     
         169   1.0000000000000000     
         170   1.0000000000000000     
         171   1.0000000000000000     
         172   1.0000000000000000     
         173   1.0000000000000000     
         174   1.0000000000000000     
         175   1.0000000000000000     
         176   1.0000000000000000     
         177   1.0000000000000000     
         178   1.0000000000000000     
         179   1.0000000000000000     
         180   1.0000000000000000     
         181   1.0000000000000000     
         182   1.0000000000000000     
         183   1.0000000000000000     
         184   1.0000000000000000     
         185   1.0000000000000000     
         186   1.0000000000000000     
         187   1.0000000000000000     
         188   1.0000000000000000     
         189   1.0000000000000000     
         190   1.0000000000000000     
         191   1.0000000000000000     
         192   1.0000000000000000     
         193   1.0000000000000000     
         194   1.0000000000000000     
         195   1.0000000000000000     
         196   1.0000000000000000     
         197   1.0000000000000000     
         198   1.0000000000000000     
         199   1.0000000000000000     
         200   1.0000000000000000     
         201   1.0000000000000000     
         202   1.0000000000000000     
         203   1.0000000000000000     
         204   1.0000000000000000     
         205   1.0000000000000000     
         206   1.0000000000000000     
         207   1.0000000000000000     
         208   1.0000000000000000     
         209   1.0000000000000000     
         210   1.0000000000000000     
         211   1.0000000000000000     
         212   1.0000000000000000     
         213   1.0000000000000000     
         214   1.0000000000000000     
         215   1.0000000000000000     
         216   1.0000000000000000     
         217   1.0000000000000000     
         218   1.0000000000000000     
         219   1.0000000000000000     
         220  0.99983271571728416     
         221  0.99983271571728416     
         222  0.99983271571728416     
         223  0.99983271571728416     
         224  0.99983271571728416     
         225  0.99983271571728416     
         226  0.99983271571728416     
         227  0.99983271571728416     
         228  0.99983271571728416     
         229  0.99983271571728416     
         230  0.99983271571728416     
         231  0.99983271571728416     
         232  0.99983271571728416     
         233  0.99983271571728416     
         234  0.99983271571728416     
         235  0.99983271571728416     
         236  0.99983271571728416     
         237  0.99983271571728416     
         238  0.99983271571728416     
         239  0.99983271571728416     
         240  0.99983271571728416     
         241  0.99983271571728416     
         242  0.99983271571728416     
         243  0.99983271571728416     
         244  0.99983271571728416     
         245  0.99983271571728416     
         246  0.99983271571728416     
         247  0.99983271571728416     
         248  0.99983271571728416     
         249  0.99983271571728416     
         250  0.99983271571728416     
         251  0.99983271571728416     
         252  0.99983271571728416     
         253  0.99983271571728416     
         254  0.99983271571728416     
         255  0.99983271571728416     
         256  0.99983271571728416     
         257  0.99983271571728416     
         258  0.99983271571728416     
         259  0.99983271571728416     
         260  0.99983271571728416     
         261  0.99983271571728416     
         262  0.99983271571728416     
         263  0.99983271571728416     
         264  0.99983271571728416     
         265  0.99983271571728416     
         266  0.99983271571728416     
         267  0.99983271571728416     
         268  0.99983271571728416     
         269  0.99983271571728416     
         270  0.99983271571728416     
         271  0.99983271571728416     
         272  0.99983271571728416     
         273  0.99983271571728416     
         274  0.99983271571728416     
         275  0.99983271571728416     
         276  0.99983271571728416     
         277  0.99983271571728416     
         278  0.99983271571728416     
         279  0.99983271571728416     
         280  0.99983271571728416     
         281  0.99983271571728416     
         282  0.99983271571728416     
         283  0.99983271571728416     
         284  0.99983271571728416     
         285  0.99983271571728416     
         286  0.99983271571728416     
         287  0.99983271571728416     
         288  0.99983271571728416     
         289  0.99983271571728416     
         290  0.99983271571728416     
         291  0.99983271571728416     
         292  0.17802749271311491     
         293  0.17802749271311491     
         294  0.17802749271311491     
         295  0.17802749271311491     
         296  0.17802749271311491     
         297  0.17802749271311491     
         298  0.17802749271311491     
         299  0.17802749271311491     
         300  0.17802749271311491     
         301  0.17802749271311491     
         302  0.17802749271311491     
         303  0.17802749271311491     
         304  0.17802749271311491     
         305  0.17802749271311491     
         306  0.17802749271311491     
         307  0.17802749271311491     
         308  0.17802749271311491     
         309  0.17802749271311491     
         310  0.17802749271311491     
         311  0.17802749271311491     
         312  0.17802749271311491     
         313  0.17802749271311491     
         314  0.17802749271311491     
         315  0.17802749271311491     
         316  0.17802749271311491     
         317  0.17802749271311491     
         318  0.17802749271311491     
         319  0.17802749271311491     
         320  0.17802749271311491     
         321  0.17802749271311491     
         322  0.17802749271311491     
         323  0.17802749271311491     
         324  0.17802749271311491     
         325  0.17802749271311491     
         326  0.17802749271311491     
         327  0.17802749271311491     
         328  0.17802749271311491     
         329  0.17802749271311491     
         330  0.17802749271311491     
         331  0.17802749271311491     
         332  0.17802749271311491     
         333  0.17802749271311491     
         334  0.17802749271311491     
         335  0.17802749271311491     
         336  0.17802749271311491     
         337  0.17802749271311491     
         338  0.17802749271311491     
         339  0.17802749271311491     
         340  0.17802749271311491     
         341  0.17802749271311491     
         342  0.17802749271311491     
         343  0.17802749271311491     
         344  0.17802749271311491     
         345  0.17802749271311491     
         346  0.17802749271311491     
         347  0.17802749271311491     
         348  0.17802749271311491     
         349  0.17802749271311491     
         350  0.17802749271311491     
         351  0.17802749271311491     
         352  0.17802749271311491     
         353  0.17802749271311491     
         354  0.17802749271311491     
         355  0.17802749271311491     
         356  0.17802749271311491     
         357  0.17802749271311491     
         358  0.17802749271311491     
         359  0.17802749271311491     
         360  0.17802749271311491     
         361  0.17802749271311491     
         362  0.17802749271311491     
         363  0.17802749271311491     
         364  0.17802749271311491     
         365  0.17802749271311491     
         366  0.17802749271311491     
         367  0.17802749271311491     
         368  0.17802749271311491     
         369  0.17802749271311491     
         370  0.17802749271311491     
         371  0.17802749271311491     
         372  0.17802749271311491     
         373  0.17802749271311491     
         374  0.17802749271311491     
         375  0.17802749271311491     
         376  0.17802749271311491     
         377  0.17802749271311491     
         378  0.17802749271311491     
         379  0.17802749271311491     
         380  0.17802749271311491     
         381  0.17802749271311491     
         382  0.17802749271311491     
         383  0.17802749271311491     
         384  0.17802749271311491     
         385  0.17802749271311491     
         386  0.17802749271311491     
         387  0.17802749271311491     
         388  0.17802749271311491     
         389  0.17802749271311491     
         390  0.17802749271311491     
         391  0.17802749271311491     
         392  0.17802749271311491     
         393  0.17802749271311491     
         394  0.17802749271311491     
         395  0.17802749271311491     
         396  0.17802749271311491     
         397  0.17802749271311491     
         398  0.17802749271311491     
         399  0.17802749271311491     
         400  0.17802749271311491     
         401  0.17802749271311491     
         402  0.17802749271311491     
         403  0.17802749271311491     
         404  0.17802749271311491     
         405  0.17802749271311491     
         406  0.17802749271311491     
         407  0.17802749271311491     
         408  0.17802749271311491     
         409  0.17802749271311491     
         410  0.17802749271311491     
         411  0.17802749271311491     
         412  0.17802749271311491     
         413  0.17802749271311491     
         414  0.17802749271311491     
         415  0.17802749271311491     
         416  0.17802749271311491     
         417  0.17802749271311491     
         418  0.17802749271311491     
         419  0.17802749271311491     
         420  0.17802749271311491     
         421  0.17802749271311491     
         422  0.17802749271311491     
         423  0.17802749271311491     
         424  0.17802749271311491     
         425  0.17802749271311491     
         426  0.17802749271311491     
         427  0.17802749271311491     
         428  0.17802749271311491     
         429  0.17802749271311491     
         430  0.17802749271311491     
         431  0.17802749271311491     
         432  0.17802749271311491     
         433  0.17802749271311491     
         434  0.17802749271311491     
         435  0.17802749271311491     
         436  0.17802749271311491     
         437  0.17802749271311491     
         438  0.17802749271311491     
         439  0.17802749271311491     
         440  0.17802749271311491     
         441  0.17802749271311491     
         442  0.17802749271311491     
         443  0.17802749271311491     
         444  0.17802749271311491     
         445  0.17802749271311491     
         446  0.17802749271311491     
         447  0.17802749271311491     
         448  0.17802749271311491     
         449  0.17802749271311491     
         450  0.17802749271311491     
         451  0.17802749271311491     
         452  0.17802749271311491     
         453  0.17802749271311491     
         454  0.17802749271311491     
         455  0.17802749271311491     
         456  0.17802749271311491     
         457  0.17802749271311491     
         458  0.17802749271311491     
         459  0.17802749271311491     
         460  0.17802749271311491     
         461  0.17802749271311491     
         462  0.17802749271311491     
         463  0.17802749271311491     
         464  0.17802749271311491     
         465  0.17802749271311491     
         466  0.17802749271311491     
         467  0.17802749271311491     
         468  0.17802749271311491     
         469  0.17802749271311491     
         470  0.17802749271311491     
         471  0.17802749271311491     
         472  0.17802749271311491     
         473  0.17802749271311491     
         474  0.17802749271311491     
         475  0.17802749271311491     
         476  0.17802749271311491     
         477  0.17802749271311491     
         478  0.17802749271311491     
         479  0.17802749271311491     
         480  0.17802749271311491     
         481  0.17802749271311491     
         482  0.17802749271311491     
         483  0.17802749271311491     
         484  0.17802749271311491     
         485  0.17802749271311491     
         486  0.17802749271311491     
         487  0.17802749271311491     
         488  0.17802749271311491     
         489  0.17802749271311491     
         490  0.17802749271311491     
         491  0.17802749271311491     
         492  0.17802749271311491     
         493  0.17802749271311491     
         494  0.17802749271311491     
         495  0.17802749271311491     
         496  0.17802749271311491     
         497  0.17802749271311491     
         498  0.17802749271311491     
         499  0.17802749271311491     
         500  0.17802749271311491     
         501  0.17802749271311491     
         502  0.17802749271311491     
         503  0.17802749271311491     
         504  0.17802749271311491     
         505  0.17802749271311491     
         506  0.17802749271311491     
         507  0.17802749271311491     
         508  0.17802749271311491     
         509  0.17802749271311491     
         510  0.17802749271311491     
         511  0.17802749271311491     
         512  0.17802749271311491     
         513  0.17802749271311491     
         514  0.17802749271311491     
         515  0.17802749271311491     
         516  0.17802749271311491     
         517  0.17802749271311491     
         518  0.17802749271311491     
         519  0.17802749271311491     
         520  0.17802749271311491     
         521  0.17802749271311491     
         522  0.17802749271311491     
         523  0.17802749271311491     
         524  0.17802749271311491     
         525  0.17802749271311491     
         526  0.17802749271311491     
         527  0.17802749271311491     
         528  0.17802749271311491     
         529  0.17802749271311491     
         530  0.17802749271311491     
         531  0.17802749271311491     
         532  0.17802749271311491     
         533  0.17802749271311491     
         534  0.17802749271311491     
         535  0.17802749271311491     
         536  0.17802749271311491     
         537  0.17802749271311491     
         538  0.17802749271311491     
         539  0.17802749271311491     
         540  0.17802749271311491     
         541  0.17802749271311491     
         542  0.17802749271311491     
         543  0.17802749271311491     
         544  0.17802749271311491     
         545  0.17802749271311491     
         546  0.17802749271311491     
         547  0.17802749271311491     
         548  0.17802749271311491     
         549  0.17802749271311491     
         550  0.17802749271311491     
         551  0.17802749271311491     
         552  0.17802749271311491     
         553  0.17802749271311491     
         554  0.17802749271311491     
         555  0.17802749271311491     
         556  0.17802749271311491     
         557  0.17802749271311491     
         558  0.17802749271311491     
         559  0.17802749271311491     
         560  0.17802749271311491     
         561  0.17802749271311491     
         562  0.17802749271311491     
         563  0.17802749271311491     
         564  0.17802749271311491     
         565  0.17802749271311491     
         566  0.17802749271311491     
         567  0.17802749271311491     
         568  0.17802749271311491     
         569  0.17802749271311491     
         570  0.17802749271311491     
         571  0.17802749271311491     
         572  0.17802749271311491     
         573  0.17802749271311491     
         574  0.17802749271311491     
         575  0.17802749271311491     
         576  0.17802749271311491     
         577  0.17802749271311491     
         578  0.17802749271311491     
         579  0.17802749271311491     
         580  0.17802749271311491     
         581  0.17802749271311491     
         582  0.17802749271311491     
         583  0.17802749271311491     
         584  0.17802749271311491     
         585  0.17802749271311491     
         586  0.17802749271311491     
         587  0.17802749271311491     
         588  0.17802749271311491     
         589  0.17802749271311491     
         590  0.17802749271311491     
         591  0.17802749271311491     
         592  0.17802749271311491     
         593  0.17802749271311491     
         594  0.17802749271311491     
         595  0.17802749271311491     
         596  0.17802749271311491     
         597  0.17802749271311491     
         598  0.17802749271311491     
         599  0.17802749271311491     
         600  0.17802749271311491     
         601  0.17802749271311491     
         602  0.17802749271311491     
         603  0.17802749271311491     
         604  0.17802749271311491     
         605  0.17802749271311491     
         606  0.17802749271311491     
         607  0.17802749271311491     
         608  0.17802749271311491     
         609  0.17802749271311491     
         610  0.17802749271311491     
         611  0.17802749271311491     
         612  0.17802749271311491     
         613  0.17802749271311491     
         614  0.17802749271311491     
         615  0.17802749271311491     
         616  0.17802749271311491     
         617  0.17802749271311491     
         618  0.17802749271311491     
         619  0.17802749271311491     
         620  0.17802749271311491     
         621  0.17802749271311491     
         622  0.17802749271311491     
         623  0.17802749271311491     
         624  0.17802749271311491     
         625  0.17802749271311491     
         626  0.17802749271311491     
         627  0.17802749271311491     
         628  0.17802749271311491     
         629  0.17802749271311491     
         630  0.17802749271311491     
         631  0.17802749271311491     
         632  0.17802749271311491     
         633  0.17802749271311491     
         634  0.17802749271311491     
         635  0.17802749271311491     
         636  0.17802749271311491     
         637  0.17802749271311491     
         638  0.17802749271311491     
         639  0.17802749271311491     
         640  0.17802749271311491     
         641  0.17802749271311491     
         642  0.17802749271311491     
         643  0.17802749271311491     
         644  0.17802749271311491     
         645  0.17802749271311491     
         646  0.17802749271311491     
         647  0.17802749271311491     
         648  0.17802749271311491     
         649  0.17802749271311491     
         650  0.17802749271311491     
         651  0.17802749271311491     
         652  0.17802749271311491     
         653  0.17802749271311491     
         654  0.17802749271311491     
         655  0.17802749271311491     
         656  0.17802749271311491     
         657  0.17802749271311491     
         658  0.17802749271311491     
         659  0.17802749271311491     
         660  0.17802749271311491     
         661  0.17802749271311491     
         662  0.17802749271311491     
         663  0.17802749271311491     
         664  0.17802749271311491     
         665  0.17802749271311491     
         666  0.17802749271311491     
         667  0.17802749271311491     
         668  0.17802749271311491     
         669  0.17802749271311491     
         670  0.17802749271311491     
         671  0.17802749271311491     
         672  0.17802749271311491     
         673  0.17802749271311491     
         674  0.17802749271311491     
         675  0.17802749271311491     
         676  0.17802749271311491     
         677  0.17802749271311491     
         678  0.17802749271311491     
         679  0.17802749271311491     
         680  0.17802749271311491     
         681  0.17802749271311491     
         682  0.17802749271311491     
         683  0.17802749271311491     
         684  0.17802749271311491     
         685  0.17802749271311491     
         686  0.17802749271311491     
         687  0.17802749271311491     
         688  0.17802749271311491     
         689  0.17802749271311491     
         690  0.17802749271311491     
         691  0.17802749271311491     
         692  0.17802749271311491     
         693  0.17802749271311491     
         694  0.17802749271311491     
         695  0.17802749271311491     
         696  0.17802749271311491     
         697  0.17802749271311491     
         698  0.17802749271311491     
         699  0.17802749271311491     
         700  0.17802749271311491     
         701  0.17802749271311491     
         702  0.17802749271311491     
         703  0.17802749271311491     
         704  0.17802749271311491     
         705  0.17802749271311491     
         706  0.17802749271311491     
         707  0.17802749271311491     
         708  0.17802749271311491     
         709  0.17802749271311491     
         710  0.17802749271311491     
         711  0.17802749271311491     
         712  0.17802749271311491     
         713  0.17802749271311491     
         714  0.17802749271311491     
         715  0.17802749271311491     
         716  0.17802749271311491     
         717  0.17802749271311491     
         718  0.17802749271311491     
         719  0.17802749271311491     
         720  0.17802749271311491     
         721  0.17802749271311491     
         722  0.17802749271311491     
         723  0.17802749271311491     
         724  0.17802749271311491     
         725  0.17802749271311491     
         726  0.17802749271311491     
         727  0.17802749271311491     
         728  0.17802749271311491     
         729  0.17802749271311491     
         730  0.17802749271311491     
         731  0.17802749271311491     
         732  0.17802749271311491     
         733  0.17802749271311491     
         734  0.17802749271311491     
         735  0.17802749271311491     
         736  0.17802749271311491     
         737  0.17802749271311491     
         738  0.17802749271311491     
         739  0.17802749271311491     
         740  0.17802749271311491     
         741  0.17802749271311491     
         742  0.17802749271311491     
         743  0.17802749271311491     
         744  0.17802749271311491     
         745  0.17802749271311491     
         746  0.17802749271311491     
         747  0.17802749271311491     
         748  0.17802749271311491     
         749  0.17802749271311491     
         750  0.17802749271311491     
         751  0.17802749271311491     
         752  0.17802749271311491     
         753  0.17802749271311491     
         754  0.17802749271311491     
         755  0.17802749271311491     
         756  0.17802749271311491     
         757  0.17802749271311491     
         758  0.17802749271311491     
         759  0.17802749271311491     
         760  0.17802749271311491     
         761  0.17802749271311491     
         762  0.17802749271311491     
         763  0.17802749271311491     
         764  0.17802749271311491     
         765  0.17802749271311491     
         766  0.17802749271311491     
         767  0.17802749271311491     
         768  0.17802749271311491     
         769  0.17802749271311491     
         770  0.17802749271311491     
         771  0.17802749271311491     
         772  0.17802749271311491     
         773  0.17802749271311491     
         774  0.17802749271311491     
         775  0.17802749271311491     
         776  0.17802749271311491     
         777  0.17802749271311491     
         778  0.17802749271311491     
         779  0.17802749271311491     
         780  0.17802749271311491     
         781  0.17802749271311491     
         782  0.17802749271311491     
         783  0.17802749271311491     
         784  0.17802749271311491     
         785  0.17802749271311491     
         786  0.17802749271311491     
         787  0.17802749271311491     
         788  0.17802749271311491     
         789  0.17802749271311491     
         790  0.17802749271311491     
         791  0.17802749271311491     
         792  0.17802749271311491     
         793  0.17802749271311491     
         794  0.17802749271311491     
         795  0.17802749271311491     
         796  0.17802749271311491     
         797  0.17802749271311491     
         798  0.17802749271311491     
         799  0.17802749271311491     
         800  0.17802749271311491     
         801  0.17802749271311491     
         802  0.17802749271311491     
         803  0.17802749271311491     
         804  0.17802749271311491     
         805  0.17802749271311491     
         806  0.17802749271311491     
         807  0.17802749271311491     
         808  0.17802749271311491     
         809  0.17802749271311491     
         810  0.17802749271311491     
         811  0.17802749271311491     
         812  0.17802749271311491     
         813  0.17802749271311491     
         814  0.17802749271311491     
         815  0.17802749271311491     
         816  0.17802749271311491     
         817  0.17802749271311491     
         818  0.17802749271311491     
         819  0.17802749271311491     
         820  0.17802749271311491     
         821  0.17802749271311491     
         822  0.17802749271311491     
         823  0.17802749271311491     
         824  0.17802749271311491     
         825  0.17802749271311491     
         826  0.17802749271311491     
         827  0.17802749271311491     
         828  0.17802749271311491     
         829  0.17802749271311491     
         830  0.17802749271311491     
         831  0.17802749271311491     
         832  0.17802749271311491     
         833  0.17802749271311491     
         834  0.17802749271311491     
         835  0.17802749271311491     
         836  0.17802749271311491     
         837  0.17802749271311491     
         838  0.17802749271311491     
         839  0.17802749271311491     
         840  0.17802749271311491     
         841  0.17802749271311491     
         842  0.17802749271311491     
         843  0.17802749271311491     
         844  0.17802749271311491     
         845  0.17802749271311491     
         846  0.17802749271311491     
         847  0.17802749271311491     
         848  0.17802749271311491     
         849  0.17802749271311491     
         850  0.17802749271311491     
         851  0.17802749271311491     
         852  0.17802749271311491     
         853  0.17802749271311491     
         854  0.17802749271311491     
         855  0.17802749271311491     
         856  0.17802749271311491     
         857  0.17802749271311491     
         858  0.17802749271311491     
         859  0.17802749271311491     
         860  0.17802749271311491     
         861  0.17802749271311491     
         862  0.17802749271311491     
         863  0.17802749271311491     
         864  0.17802749271311491     
         865  0.17802749271311491     
         866  0.17802749271311491     
         867  0.17802749271311491     
         868  0.17802749271311491     
         869  0.17802749271311491     
         870  0.17802749271311491     
         871  0.17802749271311491     
         872  0.17802749271311491     
         873  0.17802749271311491     
         874  0.17802749271311491     
         875  0.17802749271311491     
         876  0.17802749271311491     
         877  0.17802749271311491     
         878  0.17802749271311491     
         879  0.17802749271311491     
         880  0.17802749271311491     
         881  0.17802749271311491     
         882  0.17802749271311491     
         883  0.17802749271311491     
         884  0.17802749271311491     
         885  0.17802749271311491     
         886  0.17802749271311491     
         887  0.17802749271311491     
         888  0.17802749271311491     
         889  0.17802749271311491     
         890  0.17802749271311491     
         891  0.17802749271311491     
         892  0.17802749271311491     
         893  0.17802749271311491     
         894  0.17802749271311491     
         895  0.17802749271311491     
         896  0.17802749271311491     
         897  0.17802749271311491     
         898  0.17802749271311491     
         899  0.17802749271311491     
         900  0.17802749271311491     
         901  0.17802749271311491     
         902  0.17802749271311491     
         903  0.17802749271311491     
         904  0.17802749271311491     
         905  0.17802749271311491     
         906  0.17802749271311491     
         907  0.17802749271311491     
         908  0.17802749271311491     
         909  0.17802749271311491     
         910  0.17802749271311491     
         911  0.17802749271311491     
         912  0.17802749271311491     
         913  0.17802749271311491     
         914  0.17802749271311491     
         915  0.17802749271311491     
         916  0.17802749271311491     
         917  0.17802749271311491     
         918  0.17802749271311491     
         919  0.17802749271311491     
         920  0.17802749271311491     
         921  0.17802749271311491     
         922  0.17802749271311491     
         923  0.17802749271311491     
         924  0.17802749271311491     
         925  0.17802749271311491     
         926  0.17802749271311491     
         927  0.17802749271311491     
         928  0.17802749271311491     
         929  0.17802749271311491     
         930  0.17802749271311491     
         931  0.17802749271311491     
         932  0.17802749271311491     
         933  0.17802749271311491     
         934  0.17802749271311491     
         935  0.17802749271311491     
         936  0.17802749271311491     
         937  0.17802749271311491     
         938  0.17802749271311491     
         939  0.17802749271311491     
         940  0.17802749271311491     
         941  0.17802749271311491     
         942  0.17802749271311491     
         943  0.17802749271311491     
         944  0.17802749271311491     
         945  0.17802749271311491     
         946  0.17802749271311491     
         947  0.17802749271311491     
         948  0.17802749271311491     
         949  0.17802749271311491     
         950  0.17802749271311491     
         951  0.17802749271311491     
         952  0.17802749271311491     
         953  0.17802749271311491     
         954  0.17802749271311491     
         955  0.17802749271311491     
         956  0.17802749271311491     
         957  0.17802749271311491     
         958  0.17802749271311491     
         959  0.17802749271311491     
         960  0.17802749271311491     
         961  0.17802749271311491     
         962  0.17802749271311491     
         963  0.17802749271311491     
         964  0.17802749271311491     
         965  0.17802749271311491     
         966  0.17802749271311491     
         967  0.17802749271311491     
         968  0.17802749271311491     
         969  0.17802749271311491     
         970  0.17802749271311491     
         971  0.17802749271311491     
         972  0.17802749271311491     
         973  0.17802749271311491     
         974  0.17802749271311491     
         975  0.17802749271311491     
         976  0.17802749271311491     
         977  0.17802749271311491     
         978  0.17802749271311491     
         979  0.17802749271311491     
         980  0.17802749271311491     
         981  0.17802749271311491     
         982  0.17802749271311491     
         983  0.17802749271311491     
         984  0.17802749271311491     
         985  0.17802749271311491     
         986  0.17802749271311491     
         987  0.17802749271311491     
         988  0.17802749271311491     
         989  0.17802749271311491     
         990  0.17802749271311491     
         991  0.17802749271311491     
         992  0.17802749271311491     
         993  0.17802749271311491     
         994  0.17802749271311491     
         995  0.17802749271311491     
         996  0.17802749271311491     
         997  0.17802749271311491     
         998  0.17802749271311491     
         999  0.17802749271311491     
        1000  0.17802749271311491     
        1001  0.17802749271311491     
        1002  0.17802749271311491     
        1003  0.17802749271311491     
        1004  0.17802749271311491     
        1005  0.17802749271311491     
        1006  0.17802749271311491     
        1007  0.17802749271311491     
        1008  0.17802749271311491     
        1009  0.17802749271311491     
        1010  0.17802749271311491     
        1011  0.17802749271311491     
        1012  0.17802749271311491     
        1013  0.17802749271311491     
        1014  0.17802749271311491     
        1015  0.17802749271311491     
        1016  0.17802749271311491     
        1017  0.17802749271311491     
        1018  0.17802749271311491     
        1019  0.17802749271311491     
        1020  0.17802749271311491     
        1021  0.17802749271311491     
        1022  0.17802749271311491     
        1023  0.17802749271311491     
        1024  0.17802749271311491     
        1025  0.17802749271311491     
        1026  0.17802749271311491     
        1027  0.17802749271311491     
        1028  0.17802749271311491     
        1029  0.17802749271311491     
        1030  0.17802749271311491     
        1031  0.17802749271311491     
        1032  0.17802749271311491     
        1033  0.17802749271311491     
        1034  0.17802749271311491     
        1035  0.17802749271311491     
        1036  0.17802749271311491     
        1037  0.17802749271311491     
        1038  0.17802749271311491     
        1039  0.17802749271311491     
        1040  0.17802749271311491     
        1041  0.17802749271311491     
        1042  0.17802749271311491     
        1043  0.17802749271311491     
        1044  0.17802749271311491     
        1045  0.17802749271311491     
        1046  0.17802749271311491     
        1047  0.17802749271311491     
        1048  0.17802749271311491     
        1049  0.17802749271311491     
        1050  0.17802749271311491     
        1051  0.17802749271311491     
        1052  0.17802749271311491     
        1053  0.17802749271311491     
        1054  0.17802749271311491     
        1055  0.17802749271311491     
        1056  0.17802749271311491     
        1057  0.17802749271311491     
        1058  0.17802749271311491     
        1059  0.17802749271311491     
        1060  0.17802749271311491     
        1061  0.17802749271311491     
        1062  0.17802749271311491     
        1063  0.17802749271311491     
        1064  0.17802749271311491     
        1065  0.17802749271311491     
        1066  0.17802749271311491     
        1067  0.17802749271311491     
        1068  0.17802749271311491     
        1069  0.17802749271311491     
        1070  0.17802749271311491     
        1071  0.17802749271311491     
        1072  0.17802749271311491     
        1073  0.17802749271311491     
        1074  0.17802749271311491     
        1075  0.17802749271311491     
        1076  0.17802749271311491     
        1077  0.17802749271311491     
        1078  0.17802749271311491     
        1079  0.17802749271311491     
        1080  0.17802749271311491     
        1081  0.17802749271311491     
        1082  0.17802749271311491     
        1083  0.17802749271311491     
        1084  0.17802749271311491     
        1085  0.17802749271311491     
        1086  0.17802749271311491     
        1087  0.17802749271311491     
        1088  0.17802749271311491     
        1089  0.17802749271311491     
        1090  0.17802749271311491     
        1091  0.17802749271311491     
        1092  0.17802749271311491     
        1093  0.17802749271311491     
        1094  0.17802749271311491     
        1095  0.17802749271311491     
        1096  0.17802749271311491     
        1097  0.17802749271311491     
        1098  0.17802749271311491     
        1099  0.17802749271311491     
        1100  0.17802749271311491     
        1101  0.17802749271311491     
        1102  0.17802749271311491     
        1103  0.17802749271311491     
        1104  0.17802749271311491     
        1105  0.17802749271311491     
        1106  0.17802749271311491     
        1107  0.17802749271311491     
        1108  0.17802749271311491     
        1109  0.17802749271311491     
        1110  0.17802749271311491     
        1111  0.17802749271311491     
        1112  0.17802749271311491     
        1113  0.17802749271311491     
        1114  0.17802749271311491     
        1115  0.17802749271311491     
        1116  0.17802749271311491     
        1117  0.17802749271311491     
        1118  0.17802749271311491     
        1119  0.17802749271311491     
        1120  0.17802749271311491     
        1121  0.17802749271311491     
        1122  0.17802749271311491     
        1123  0.17802749271311491     
        1124  0.17802749271311491     
        1125  0.17802749271311491     
        1126  0.17802749271311491     
        1127  0.17802749271311491     
        1128  0.17802749271311491     
        1129  0.17802749271311491     
        1130  0.17802749271311491     
        1131  0.17802749271311491     
        1132  0.17802749271311491     
        1133  0.17802749271311491     
        1134  0.17802749271311491     
        1135  0.17802749271311491     
        1136  0.17802749271311491     
        1137  0.17802749271311491     
        1138  0.17802749271311491     
        1139  0.17802749271311491     
        1140  0.17802749271311491     
        1141  0.17802749271311491     
        1142  0.17802749271311491     
        1143  0.17802749271311491     
        1144  0.17802749271311491     
        1145  0.17802749271311491     
        1146  0.17802749271311491     
        1147  0.17802749271311491     
        1148  0.17802749271311491     
        1149  0.17802749271311491     
        1150  0.17802749271311491     
        1151  0.17802749271311491     
        1152  0.17802749271311491     
        1153  0.17802749271311491     
        1154  0.17802749271311491     
        1155  0.17802749271311491     
        1156  0.17802749271311491     
        1157  0.17802749271311491     
        1158  0.17802749271311491     
        1159  0.17802749271311491     
        1160  0.17802749271311491     
        1161  0.17802749271311491     
        1162  0.17802749271311491     
        1163  0.17802749271311491     
        1164  0.17802749271311491     
        1165  0.17802749271311491     
        1166  0.17802749271311491     
        1167  0.17802749271311491     
        1168  0.17802749271311491     
        1169  0.17802749271311491     
        1170  0.17802749271311491     
        1171  0.17802749271311491     
        1172  0.17802749271311491     
        1173  0.17802749271311491     
        1174  0.17802749271311491     
        1175  0.17802749271311491     
        1176  0.17802749271311491     
        1177  0.17802749271311491     
        1178  0.17802749271311491     
        1179  0.17802749271311491     
        1180  0.17802749271311491     
        1181  0.17802749271311491     
        1182  0.17802749271311491     
        1183  0.17802749271311491     
        1184  0.17802749271311491     
        1185  0.17802749271311491     
        1186  0.17802749271311491     
        1187  0.17802749271311491     
        1188  0.17802749271311491     
        1189  0.17802749271311491     
        1190  0.17802749271311491     
        1191  0.17802749271311491     
        1192  0.17802749271311491     
        1193  0.17802749271311491     
        1194  0.17802749271311491     
        1195  0.17802749271311491     
        1196  0.17802749271311491     
        1197  0.17802749271311491     
        1198  0.17802749271311491     
        1199  0.17802749271311491     
        1200  0.17802749271311491     
        1201  0.17802749271311491     
        1202  0.17802749271311491     
        1203  0.17802749271311491     
        1204  0.17802749271311491     
        1205  0.17802749271311491     
        1206  0.17802749271311491     
        1207  0.17802749271311491     
        1208  0.17802749271311491     
        1209  0.17802749271311491     
        1210  0.17802749271311491     
        1211  0.17802749271311491     
        1212  0.17802749271311491     
        1213  0.17802749271311491     
        1214  0.17802749271311491     
        1215  0.17802749271311491     
        1216  0.17802749271311491     
        1217  0.17802749271311491     
        1218  0.17802749271311491     
        1219  0.17802749271311491     
        1220  0.17802749271311491     
        1221  0.17802749271311491     
        1222  0.17802749271311491     
        1223  0.17802749271311491     
        1224  0.17802749271311491     
        1225  0.17802749271311491     
        1226  0.17802749271311491     
        1227  0.17802749271311491     
        1228  0.17802749271311491     
        1229  0.17802749271311491     
        1230  0.17802749271311491     
        1231  0.17802749271311491     
        1232  0.17802749271311491     
        1233  0.17802749271311491     
        1234  0.17802749271311491     
        1235  0.17802749271311491     
        1236  0.17802749271311491     
        1237  0.17802749271311491     
        1238  0.17802749271311491     
        1239  0.17802749271311491     
        1240  0.17802749271311491     
        1241  0.17802749271311491     
        1242  0.17802749271311491     
        1243  0.17802749271311491     
        1244  0.17802749271311491     
        1245  0.17802749271311491     
        1246  0.17802749271311491     
        1247  0.17802749271311491     
        1248  0.17802749271311491     
        1249  0.17802749271311491     
        1250  0.17802749271311491     
        1251  0.17802749271311491     
        1252  0.17802749271311491     
        1253  0.17802749271311491     
        1254  0.17802749271311491     
        1255  0.17802749271311491     
        1256  0.17802749271311491     
        1257  0.17802749271311491     
        1258  0.17802749271311491     
        1259  0.17802749271311491     
        1260  0.17802749271311491     
        1261  0.17802749271311491     
        1262  0.17802749271311491     
        1263  0.17802749271311491     
        1264  0.17802749271311491     
        1265  0.17802749271311491     
        1266  0.17802749271311491     
        1267  0.17802749271311491     
        1268  0.17802749271311491     
        1269  0.17802749271311491     
        1270  0.17802749271311491     
        1271  0.17802749271311491     
        1272  0.17802749271311491     
        1273  0.17802749271311491     
        1274  0.17802749271311491     
        1275  0.17802749271311491     
        1276  0.17802749271311491     
        1277  0.17802749271311491     
        1278  0.17802749271311491     
        1279  0.17802749271311491     
        1280  0.17802749271311491     
        1281  0.17802749271311491     
        1282  0.17802749271311491     
        1283  0.17802749271311491     
        1284  0.17802749271311491     
        1285  0.17802749271311491     
        1286  0.17802749271311491     
        1287  0.17802749271311491     
        1288  0.17802749271311491     
        1289  0.17802749271311491     
        1290  0.17802749271311491     
        1291  0.17802749271311491     
        1292  0.17802749271311491     
        1293  0.17802749271311491     
        1294  0.17802749271311491     
        1295  0.17802749271311491     
        1296  0.17802749271311491     
        1297  0.17802749271311491     
        1298  0.17802749271311491     
        1299  0.17802749271311491     
        1300  0.17802749271311491     
        1301  0.17802749271311491     
        1302  0.17802749271311491     
        1303  0.17802749271311491     
        1304  0.17802749271311491     
        1305  0.17802749271311491     
        1306  0.17802749271311491     
        1307  0.17802749271311491     
        1308  0.17802749271311491     
        1309  0.17802749271311491     
        1310  0.17802749271311491     
        1311  0.17802749271311491     
        1312  0.17802749271311491     
        1313  0.17802749271311491     
        1314  0.17802749271311491     
        1315  0.17802749271311491     
        1316  0.17802749271311491     
        1317  0.17802749271311491     
        1318  0.17802749271311491     
        1319  0.17802749271311491     
        1320  0.17802749271311491     
        1321  0.17802749271311491     
        1322  0.17802749271311491     
        1323  0.17802749271311491     
        1324  0.17802749271311491     
        1325  0.17802749271311491     
        1326  0.17802749271311491     
        1327  0.17802749271311491     
        1328  0.17802749271311491     
        1329  0.17802749271311491     
        1330  0.17802749271311491     
        1331  0.17802749271311491     
        1332  0.17802749271311491     
        1333  0.17802749271311491     
        1334  0.17802749271311491     
        1335  0.17802749271311491     
        1336  0.17802749271311491     
        1337  0.17802749271311491     
        1338  0.17802749271311491     
        1339  0.17802749271311491     
        1340  0.17802749271311491     
        1341  0.17802749271311491     
        1342  0.17802749271311491     
        1343  0.17802749271311491     
        1344  0.17802749271311491     
        1345  0.17802749271311491     
        1346  0.17802749271311491     
        1347  0.17802749271311491     
        1348  0.17802749271311491     
        1349  0.17802749271311491     
        1350  0.17802749271311491     
        1351  0.17802749271311491     
        1352  0.17802749271311491     
        1353  0.17802749271311491     
        1354  0.17802749271311491     
        1355   1.9832715717283733E-002
        1356   1.9832715717283733E-002
        1357   1.9832715717283733E-002
        1358   1.9832715717283733E-002
        1359   1.9832715717283733E-002
        1360   1.9832715717283733E-002
        1361   1.9832715717283733E-002
        1362   1.9832715717283733E-002
        1363   1.9832715717283733E-002
        1364   1.9832715717283733E-002
        1365   1.9832715717283733E-002
        1366   1.9832715717283733E-002
        1367   1.9832715717283733E-002
        1368   1.9832715717283733E-002
        1369   1.9832715717283733E-002
        1370   1.9832715717283733E-002
        1371   1.9832715717283733E-002
        1372   1.9832715717283733E-002
        1373   1.9832715717283733E-002
        1374   1.9832715717283733E-002
        1375   1.9832715717283733E-002
        1376   1.9832715717283733E-002
        1377   1.9832715717283733E-002
        1378   1.9832715717283733E-002
        1379   1.9832715717283733E-002
        1380   1.9832715717283733E-002
        1381   1.9832715717283733E-002
        1382   1.9832715717283733E-002
        1383   1.9832715717283733E-002
        1384   1.9832715717283733E-002
        1385   1.9832715717283733E-002
        1386   1.9832715717283733E-002
        1387   1.9832715717283733E-002
        1388   1.9832715717283733E-002
        1389   1.9832715717283733E-002
        1390   1.9832715717283733E-002
        1391   1.9832715717283733E-002
        1392   1.9832715717283733E-002
        1393   1.9832715717283733E-002
        1394   1.9832715717283733E-002
        1395   1.9832715717283733E-002
        1396   1.9832715717283733E-002
        1397   1.9832715717283733E-002
        1398   1.9832715717283733E-002
        1399   1.9832715717283733E-002
        1400   1.9832715717283733E-002
        1401   1.9832715717283733E-002
        1402   1.9832715717283733E-002
        1403   1.9832715717283733E-002
        1404   1.9832715717283733E-002
        1405   1.9832715717283733E-002
        1406   1.9832715717283733E-002
        1407   1.9832715717283733E-002
        1408   1.9832715717283733E-002
        1409   1.9832715717283733E-002
        1410   1.9832715717283733E-002
        1411   1.9832715717283733E-002
        1412   1.9832715717283733E-002
        1413   1.9832715717283733E-002
        1414   1.9832715717283733E-002
        1415   1.9832715717283733E-002
        1416   1.9832715717283733E-002
        1417   1.9832715717283733E-002
        1418   1.9832715717283733E-002
        1419   1.9832715717283733E-002
        1420   1.9832715717283733E-002
        1421   1.9832715717283733E-002
        1422   1.9832715717283733E-002
        1423   1.9832715717283733E-002
        1424   1.9832715717283733E-002
        1425   1.9832715717283733E-002
        1426   1.9832715717283733E-002
        1427   1.9832715717283733E-002
        1428   1.9832715717283733E-002
        1429   1.9832715717283733E-002
        1430   1.9832715717283733E-002
        1431   1.9832715717283733E-002
        1432   1.9832715717283733E-002
        1433   1.9832715717283733E-002
        1434   1.9832715717283733E-002
        1435   1.9832715717283733E-002
        1436   1.9832715717283733E-002
        1437   1.9832715717283733E-002
        1438   1.9832715717283733E-002
        1439   1.9832715717283733E-002
        1440   1.9832715717283733E-002
        1441   1.9832715717283733E-002
        1442   1.9832715717283733E-002
        1443   1.9832715717283733E-002
        1444   1.9832715717283733E-002
        1445   1.9832715717283733E-002
        1446   1.9832715717283733E-002
        1447   1.9832715717283733E-002
        1448   1.9832715717283733E-002
        1449   1.9832715717283733E-002
        1450   1.9832715717283733E-002
        1451   1.9832715717283733E-002
        1452   1.9832715717283733E-002
        1453   1.9832715717283733E-002
        1454   1.9832715717283733E-002
        1455   1.9832715717283733E-002
        1456   1.9832715717283733E-002
        1457   1.9832715717283733E-002
        1458   1.9832715717283733E-002
        1459   1.9832715717283733E-002
        1460   1.9832715717283733E-002
        1461   1.9832715717283733E-002
        1462   1.9832715717283733E-002
        1463   1.9832715717283733E-002
        1464   1.9832715717283733E-002
        1465   1.9832715717283733E-002
        1466   1.9832715717283733E-002
        1467   1.9832715717283733E-002
        1468   1.9832715717283733E-002
        1469   1.9832715717283733E-002
        1470   1.9832715717283733E-002
        1471   1.9832715717283733E-002
        1472   1.9832715717283733E-002
        1473   1.9832715717283733E-002
        1474   1.9832715717283733E-002
        1475   1.9832715717283733E-002
        1476   1.9832715717283733E-002
        1477   1.9832715717283733E-002
        1478   1.9832715717283733E-002
        1479   1.9832715717283733E-002
        1480   1.9832715717283733E-002
        1481   1.9832715717283733E-002
        1482   1.9832715717283733E-002
        1483   1.9832715717283733E-002
        1484   1.9832715717283733E-002
        1485   1.9832715717283733E-002
        1486   1.9832715717283733E-002
        1487   1.9832715717283733E-002
        1488   1.9832715717283733E-002
        1489   1.9832715717283733E-002
        1490   1.9832715717283733E-002
        1491   1.9832715717283733E-002
        1492   1.9832715717283733E-002
        1493   1.9832715717283733E-002
        1494   1.9832715717283733E-002
        1495   1.9832715717283733E-002
        1496   1.9832715717283733E-002
        1497   1.9832715717283733E-002
        1498   1.9832715717283733E-002
        1499   1.9832715717283733E-002
        1500   1.9832715717283733E-002
        1501   1.9832715717283733E-002
        1502   1.9832715717283733E-002
        1503   1.9832715717283733E-002
        1504   1.9832715717283733E-002
        1505   1.9832715717283733E-002
        1506   1.9832715717283733E-002
        1507   1.9832715717283733E-002
        1508   1.9832715717283733E-002
        1509   1.9832715717283733E-002
        1510   1.9832715717283733E-002
        1511   1.9832715717283733E-002
        1512   1.9832715717283733E-002
        1513   1.9832715717283733E-002
        1514   1.9832715717283733E-002
        1515   1.9832715717283733E-002
        1516   1.9832715717283733E-002
        1517   1.9832715717283733E-002
        1518   1.9832715717283733E-002
        1519   1.9832715717283733E-002
        1520   1.9832715717283733E-002
        1521   1.9832715717283733E-002
        1522   1.9832715717283733E-002
        1523   1.9832715717283733E-002
        1524   1.9832715717283733E-002
        1525   1.9832715717283733E-002
        1526   1.9832715717283733E-002
        1527   1.9832715717283733E-002
        1528   1.9832715717283733E-002
        1529   1.9832715717283733E-002
        1530   1.9832715717283733E-002
        1531   1.9832715717283733E-002
        1532   1.9832715717283733E-002
        1533   1.9832715717283733E-002
        1534   1.9832715717283733E-002
        1535   1.9832715717283733E-002
        1536   1.9832715717283733E-002
        1537   1.9832715717283733E-002
        1538   1.9832715717283733E-002
        1539   1.9832715717283733E-002
        1540   1.9832715717283733E-002
        1541   1.9832715717283733E-002
        1542   1.9832715717283733E-002
        1543   1.9832715717283733E-002
        1544   1.9832715717283733E-002
        1545   1.9832715717283733E-002
        1546   1.9832715717283733E-002
        1547   1.9832715717283733E-002
        1548   1.9832715717283733E-002
        1549   1.9832715717283733E-002
        1550   1.9832715717283733E-002
        1551   1.9832715717283733E-002
        1552   1.9832715717283733E-002
        1553   1.9832715717283733E-002
        1554   1.9832715717283733E-002
        1555   1.9832715717283733E-002
        1556   1.9832715717283733E-002
        1557   1.9832715717283733E-002
        1558   1.9832715717283733E-002
        1559   1.9832715717283733E-002
        1560   1.9832715717283733E-002
        1561   1.9832715717283733E-002
        1562   1.9832715717283733E-002
        1563   1.9832715717283733E-002
        1564   1.9832715717283733E-002
        1565   1.9832715717283733E-002
        1566   1.9832715717283733E-002
        1567   1.9832715717283733E-002
        1568   1.9832715717283733E-002
        1569   1.9832715717283733E-002
        1570   1.9832715717283733E-002
        1571   1.9832715717283733E-002
        1572   1.9832715717283733E-002
        1573   1.9832715717283733E-002
        1574   1.9832715717283733E-002
        1575   1.9832715717283733E-002
        1576   1.9832715717283733E-002
        1577   1.9832715717283733E-002
        1578   1.9832715717283733E-002
        1579   1.9832715717283733E-002
        1580   1.9832715717283733E-002
        1581   1.9832715717283733E-002
        1582   1.9832715717283733E-002
        1583   1.9832715717283733E-002
        1584   1.9832715717283733E-002
        1585   1.9832715717283733E-002
        1586   1.9832715717283733E-002
        1587   1.9832715717283733E-002
        1588   1.9832715717283733E-002
        1589   1.9832715717283733E-002
        1590   1.9832715717283733E-002
        1591   1.9832715717283733E-002
        1592   1.9832715717283733E-002
        1593   1.9832715717283733E-002
        1594   1.9832715717283733E-002
        1595   1.9832715717283733E-002
        1596   1.9832715717283733E-002
        1597   1.9832715717283733E-002
        1598   1.9832715717283733E-002
        1599   1.9832715717283733E-002
        1600   1.9832715717283733E-002
        1601   1.9832715717283733E-002
        1602   1.9832715717283733E-002
        1603   1.9832715717283733E-002
        1604   1.9832715717283733E-002
        1605   1.9832715717283733E-002
        1606   1.9832715717283733E-002
        1607   1.9832715717283733E-002
        1608   1.9832715717283733E-002
        1609   1.9832715717283733E-002
        1610   1.9832715717283733E-002
        1611   1.9832715717283733E-002
        1612   1.9832715717283733E-002
        1613   1.9832715717283733E-002
        1614   1.9832715717283733E-002
        1615   1.9832715717283733E-002
        1616   1.9832715717283733E-002
        1617   1.9832715717283733E-002
        1618   1.9832715717283733E-002
        1619   1.9832715717283733E-002
        1620   1.9832715717283733E-002
        1621   1.9832715717283733E-002
        1622   1.9832715717283733E-002
        1623   1.9832715717283733E-002
        1624   1.9832715717283733E-002
        1625   1.9832715717283733E-002
        1626   1.9832715717283733E-002
        1627   1.9832715717283733E-002
        1628   1.9832715717283733E-002
        1629   1.9832715717283733E-002
        1630   1.9832715717283733E-002
        1631   1.9832715717283733E-002
        1632   1.9832715717283733E-002
        1633   1.9832715717283733E-002
        1634   1.9832715717283733E-002
        1635   1.9832715717283733E-002
        1636   1.9832715717283733E-002
        1637   1.9832715717283733E-002
        1638   1.9832715717283733E-002
        1639   1.9832715717283733E-002
        1640   1.9832715717283733E-002
        1641   1.9832715717283733E-002
        1642   1.9832715717283733E-002
        1643   1.9832715717283733E-002
        1644   1.9832715717283733E-002
        1645   1.9832715717283733E-002
        1646   1.9832715717283733E-002
        1647   1.9832715717283733E-002
        1648   1.9832715717283733E-002
        1649   1.9832715717283733E-002
        1650   1.9832715717283733E-002
        1651   1.9832715717283733E-002
        1652   1.9832715717283733E-002
        1653   1.9832715717283733E-002
        1654   1.9832715717283733E-002
        1655   1.9832715717283733E-002
        1656   1.9832715717283733E-002
        1657   1.9832715717283733E-002
        1658   1.9832715717283733E-002
        1659   1.9832715717283733E-002
        1660   1.9832715717283733E-002
        1661   1.9832715717283733E-002
        1662   1.9832715717283733E-002
        1663   1.9832715717283733E-002
        1664   1.9832715717283733E-002
        1665   1.9832715717283733E-002
        1666   1.9832715717283733E-002
        1667   1.9832715717283733E-002
        1668   1.9832715717283733E-002
        1669   1.9832715717283733E-002
        1670   1.9832715717283733E-002
        1671   1.9832715717283733E-002
        1672   1.9832715717283733E-002
        1673   1.9832715717283733E-002
        1674   1.9832715717283733E-002
        1675   1.9832715717283733E-002
        1676   1.9832715717283733E-002
        1677   1.9832715717283733E-002
        1678   1.9832715717283733E-002
        1679   1.9832715717283733E-002
        1680   1.9832715717283733E-002
        1681   1.9832715717283733E-002
        1682   1.9832715717283733E-002
        1683   1.9832715717283733E-002
        1684   1.9832715717283733E-002
        1685   1.9832715717283733E-002
        1686   1.9832715717283733E-002
        1687   1.9832715717283733E-002
        1688   1.9832715717283733E-002
        1689   1.9832715717283733E-002
        1690   1.9832715717283733E-002
        1691   1.9832715717283733E-002
        1692   1.9832715717283733E-002
        1693   1.9832715717283733E-002
        1694   1.9832715717283733E-002
        1695   1.9832715717283733E-002
        1696   1.9832715717283733E-002
        1697   1.9832715717283733E-002
        1698   1.9832715717283733E-002
        1699   1.9832715717283733E-002
        1700   1.9832715717283733E-002
        1701   1.9832715717283733E-002
        1702   1.9832715717283733E-002
        1703   1.9832715717283733E-002
        1704   1.9832715717283733E-002
        1705   1.9832715717283733E-002
        1706   1.9832715717283733E-002
        1707   1.9832715717283733E-002
        1708   1.9832715717283733E-002
        1709   1.9832715717283733E-002
        1710   1.9832715717283733E-002
        1711   1.9832715717283733E-002
        1712   1.9832715717283733E-002
        1713   1.9832715717283733E-002
        1714   1.9832715717283733E-002
        1715   1.9832715717283733E-002
        1716   1.9832715717283733E-002
        1717   1.9832715717283733E-002
        1718   1.9832715717283733E-002
        1719   1.9832715717283733E-002
        1720   1.9832715717283733E-002
        1721   1.9832715717283733E-002
        1722   1.9832715717283733E-002
        1723   1.9832715717283733E-002
        1724   1.9832715717283733E-002
        1725   1.9832715717283733E-002
        1726   1.9832715717283733E-002
        1727   1.9832715717283733E-002
        1728   1.9832715717283733E-002
        1729   1.9832715717283733E-002
        1730   1.9832715717283733E-002
        1731   1.9832715717283733E-002
        1732   1.9832715717283733E-002
        1733   1.9832715717283733E-002
        1734   1.9832715717283733E-002
        1735   1.9832715717283733E-002
        1736   1.9832715717283733E-002
        1737   1.9832715717283733E-002
        1738   1.9832715717283733E-002
        1739   1.9832715717283733E-002
        1740   1.9832715717283733E-002
        1741   1.9832715717283733E-002
        1742   1.9832715717283733E-002
        1743   1.9832715717283733E-002
        1744   1.9832715717283733E-002
        1745   1.9832715717283733E-002
        1746   1.9832715717283733E-002
        1747   1.9832715717283733E-002
        1748   1.9832715717283733E-002
        1749   1.9832715717283733E-002
        1750   1.9832715717283733E-002
        1751   1.9832715717283733E-002
        1752   1.9832715717283733E-002
        1753   1.9832715717283733E-002
        1754   1.9832715717283733E-002
        1755   1.9832715717283733E-002
        1756   1.9832715717283733E-002
        1757   1.9832715717283733E-002
        1758   1.9832715717283733E-002
        1759   1.9832715717283733E-002
        1760   1.9832715717283733E-002
        1761   1.9832715717283733E-002
        1762   1.9832715717283733E-002
        1763   1.9832715717283733E-002
        1764   1.9832715717283733E-002
        1765   1.9832715717283733E-002
        1766   1.9832715717283733E-002
        1767   1.9832715717283733E-002
        1768   1.9832715717283733E-002
        1769   1.9832715717283733E-002
        1770   1.9832715717283733E-002
        1771   1.9832715717283733E-002
        1772   1.9832715717283733E-002
        1773   1.9832715717283733E-002
        1774   1.9832715717283733E-002
        1775   1.9832715717283733E-002
        1776   1.9832715717283733E-002
        1777   1.9832715717283733E-002
        1778   1.9832715717283733E-002
        1779   1.9832715717283733E-002
        1780   1.9832715717283733E-002
        1781   1.9832715717283733E-002
        1782   1.9832715717283733E-002
        1783   1.9832715717283733E-002
        1784   1.9832715717283733E-002
        1785   1.9832715717283733E-002
        1786   1.9832715717283733E-002
        1787   1.9832715717283733E-002
        1788   1.9832715717283733E-002
        1789   1.9832715717283733E-002
        1790   1.9832715717283733E-002
        1791   1.9832715717283733E-002
        1792   1.9832715717283733E-002
        1793   1.9832715717283733E-002
        1794   1.9832715717283733E-002
        1795   1.9832715717283733E-002
        1796   1.9832715717283733E-002
        1797   1.9832715717283733E-002
        1798   1.9832715717283733E-002
        1799   1.9832715717283733E-002
        1800   1.9832715717283733E-002
        1801   1.9832715717283733E-002
        1802   1.9832715717283733E-002
        1803   1.9832715717283733E-002
        1804   1.9832715717283733E-002
        1805   1.9832715717283733E-002
        1806   1.9832715717283733E-002
        1807   1.9832715717283733E-002
        1808   1.9832715717283733E-002
        1809   1.9832715717283733E-002
        1810   1.9832715717283733E-002
        1811   1.9832715717283733E-002
        1812   1.9832715717283733E-002
        1813   1.9832715717283733E-002
        1814   1.9832715717283733E-002
        1815   1.9832715717283733E-002
        1816   1.9832715717283733E-002
        1817   1.9832715717283733E-002
        1818   1.9832715717283733E-002
        1819   1.9832715717283733E-002
        1820   1.9832715717283733E-002
        1821   1.9832715717283733E-002
        1822   1.9832715717283733E-002
        1823   1.9832715717283733E-002
        1824   1.9832715717283733E-002
        1825   1.9832715717283733E-002
        1826   1.9832715717283733E-002
        1827   1.9832715717283733E-002
        1828   1.9832715717283733E-002
        1829   1.9832715717283733E-002
        1830   1.9832715717283733E-002
        1831   1.9832715717283733E-002
        1832   1.9832715717283733E-002
        1833   1.9832715717283733E-002
        1834   1.9832715717283733E-002
        1835   1.9832715717283733E-002
        1836   1.9832715717283733E-002
        1837   1.9832715717283733E-002
        1838   1.9832715717283733E-002
        1839   1.9832715717283733E-002
        1840   1.9832715717283733E-002
        1841   1.9832715717283733E-002
        1842   1.9832715717283733E-002
        1843   1.9832715717283733E-002
        1844   1.9832715717283733E-002
        1845   1.9832715717283733E-002
        1846   1.9832715717283733E-002
        1847   1.9832715717283733E-002
        1848   1.9832715717283733E-002
        1849   1.9832715717283733E-002
        1850   1.9832715717283733E-002
        1851   1.9832715717283733E-002
        1852   1.9832715717283733E-002
        1853   1.9832715717283733E-002
        1854   1.9832715717283733E-002
        1855   1.9832715717283733E-002
        1856   1.9832715717283733E-002
        1857   1.9832715717283733E-002
        1858   1.9832715717283733E-002
        1859   1.9832715717283733E-002
        1860   1.9832715717283733E-002
        1861   1.9832715717283733E-002
        1862   1.9832715717283733E-002
        1863   0.0000000000000000     
