           1   1.3919348370484617     
           2   1.3919348370484617     
           3   1.3919348370484617     
           4   1.3919348370484617     
           5   1.3919348370484617     
           6   1.3919348370484617     
           7   1.3919348370484617     
           8   1.3919348370484617     
           9   1.3919348370484617     
          10   1.3919348370484617     
          11   1.3919348370484617     
          12   1.3919348370484617     
          13   1.3919348370484617     
          14   1.3919348370484617     
          15   1.3919348370484617     
          16   1.3919348370484617     
          17   1.3919348370484617     
          18   1.3919348370484617     
          19   1.3919348370484617     
          20   1.3919348370484617     
          21   1.3919348370484617     
          22   1.3919348370484617     
          23   1.3919348370484617     
          24   1.3919348370484617     
          25   1.3919348370484617     
          26   1.3919348370484617     
          27   1.3919348370484617     
          28   1.3919348370484617     
          29   1.3919348370484617     
          30   1.3919348370484617     
          31   1.3919348370484617     
          32   1.3919348370484617     
          33   1.3919348370484617     
          34   1.3919348370484617     
          35   1.3919348370484617     
          36   1.3919348370484617     
          37   1.3919348370484617     
          38   1.3919348370484617     
          39   1.3919348370484617     
          40   1.3919348370484617     
          41   1.3919348370484617     
          42   1.3919348370484617     
          43   1.3919348370484617     
          44   1.0196654314345679     
          45   1.0196654314345679     
          46   1.0196654314345679     
          47   1.0196654314345679     
          48   1.0196654314345679     
          49   1.0196654314345679     
          50   1.0196654314345679     
          51   1.0196654314345679     
          52   1.0196654314345679     
          53   1.0196654314345679     
          54   1.0196654314345679     
          55   1.0196654314345679     
          56   1.0196654314345679     
          57   1.0196654314345679     
          58   1.0196654314345679     
          59   1.0196654314345679     
          60   1.0196654314345679     
          61   1.0196654314345679     
          62   1.0196654314345679     
          63   1.0196654314345679     
          64   1.0196654314345679     
          65   1.0196654314345679     
          66   1.0196654314345679     
          67   1.0196654314345679     
          68   1.0196654314345679     
          69   1.0196654314345679     
          70   1.0196654314345679     
          71   1.0196654314345679     
          72   1.0196654314345679     
          73   1.0196654314345679     
          74   1.0196654314345679     
          75   1.0196654314345679     
          76   1.0196654314345679     
          77   1.0196654314345679     
          78   1.0196654314345679     
          79   1.0196654314345679     
          80   1.0196654314345679     
          81   1.0196654314345679     
          82   1.0196654314345679     
          83   1.0196654314345679     
          84   1.0196654314345679     
          85   1.0196654314345679     
          86   1.0196654314345679     
          87   1.0196654314345679     
          88   1.0196654314345679     
          89   1.0196654314345679     
          90   1.0196654314345679     
          91   1.0196654314345679     
          92   1.0196654314345679     
          93   1.0196654314345679     
          94   1.0196654314345679     
          95   1.0196654314345679     
          96   1.0196654314345679     
          97   1.0196654314345679     
          98   1.0196654314345679     
          99   1.0196654314345679     
         100   1.0196654314345679     
         101   1.0196654314345679     
         102   1.0196654314345679     
         103   1.0196654314345679     
         104   1.0196654314345679     
         105   1.0196654314345679     
         106   1.0196654314345679     
         107   1.0196654314345679     
         108   1.0196654314345679     
         109   1.0196654314345679     
         110   1.0196654314345679     
         111   1.0196654314345679     
         112   1.0196654314345679     
         113   1.0196654314345679     
         114   1.0196654314345679     
         115   1.0196654314345679     
         116   1.0196654314345679     
         117   1.0196654314345679     
         118   1.0196654314345679     
         119   1.0196654314345679     
         120   1.0196654314345679     
         121   1.0196654314345679     
         122   1.0196654314345679     
         123   1.0196654314345679     
         124   1.0196654314345679     
         125   1.0196654314345679     
         126   1.0196654314345679     
         127   1.0196654314345679     
         128   1.0196654314345679     
         129   1.0196654314345679     
         130   1.0196654314345679     
         131   1.0196654314345679     
         132   1.0196654314345679     
         133   1.0196654314345679     
         134  0.99983271571728416     
         135  0.99983271571728416     
         136  0.99983271571728416     
         137  0.99983271571728416     
         138  0.99983271571728416     
         139  0.99983271571728416     
         140  0.99983271571728416     
         141  0.99983271571728416     
         142  0.99983271571728416     
         143  0.99983271571728416     
         144  0.99983271571728416     
         145  0.99983271571728416     
         146  0.99983271571728416     
         147  0.99983271571728416     
         148  0.99983271571728416     
         149  0.99983271571728416     
         150  0.99983271571728416     
         151  0.99983271571728416     
         152  0.99983271571728416     
         153  0.99983271571728416     
         154  0.99983271571728416     
         155  0.99983271571728416     
         156  0.99983271571728416     
         157  0.99983271571728416     
         158  0.99983271571728416     
         159  0.99983271571728416     
         160  0.99983271571728416     
         161  0.99983271571728416     
         162  0.99983271571728416     
         163  0.99983271571728416     
         164  0.99983271571728416     
         165  0.99983271571728416     
         166  0.99983271571728416     
         167  0.99983271571728416     
         168  0.99983271571728416     
         169  0.99983271571728416     
         170  0.99983271571728416     
         171  0.99983271571728416     
         172  0.99983271571728416     
         173  0.99983271571728416     
         174  0.99983271571728416     
         175  0.99983271571728416     
         176  0.99983271571728416     
         177  0.99983271571728416     
         178  0.99983271571728416     
         179  0.99983271571728416     
         180  0.99983271571728416     
         181  0.72566785683476098     
         182  0.72566785683476098     
         183  0.72566785683476098     
         184  0.72566785683476098     
         185  0.72566785683476098     
         186  0.72566785683476098     
         187  0.72566785683476098     
         188  0.72566785683476098     
         189  0.72566785683476098     
         190  0.72566785683476098     
         191  0.72566785683476098     
         192  0.72566785683476098     
         193  0.72566785683476098     
         194  0.72566785683476098     
         195  0.72566785683476098     
         196  0.72566785683476098     
         197  0.72566785683476098     
         198  0.72566785683476098     
         199  0.72566785683476098     
         200  0.72566785683476098     
         201  0.72566785683476098     
         202  0.72566785683476098     
         203  0.72566785683476098     
         204  0.72566785683476098     
         205  0.72566785683476098     
         206  0.72566785683476098     
         207  0.72566785683476098     
         208  0.72566785683476098     
         209  0.72566785683476098     
         210  0.72566785683476098     
         211  0.72566785683476098     
         212  0.72566785683476098     
         213  0.72566785683476098     
         214  0.72566785683476098     
         215  0.72566785683476098     
         216  0.72566785683476098     
         217  0.72566785683476098     
         218  0.72566785683476098     
         219  0.72566785683476098     
         220  0.72566785683476098     
         221  0.72566785683476098     
         222  0.72566785683476098     
         223  0.72566785683476098     
         224  0.72566785683476098     
         225  0.72566785683476098     
         226  0.72566785683476098     
         227  0.72566785683476098     
         228  0.72566785683476098     
         229  0.72566785683476098     
         230  0.72566785683476098     
         231  0.72566785683476098     
         232  0.72566785683476098     
         233  0.72566785683476098     
         234  0.72566785683476098     
         235  0.72566785683476098     
         236  0.72566785683476098     
         237  0.72566785683476098     
         238  0.72566785683476098     
         239  0.72566785683476098     
         240  0.72566785683476098     
         241  0.72566785683476098     
         242  0.72566785683476098     
         243  0.72566785683476098     
         244  0.72566785683476098     
         245  0.72566785683476098     
         246  0.72566785683476098     
         247  0.72566785683476098     
         248  0.72566785683476098     
         249  0.72566785683476098     
         250  0.72566785683476098     
         251  0.72566785683476098     
         252  0.72566785683476098     
         253  0.72566785683476098     
         254  0.72566785683476098     
         255  0.72566785683476098     
         256  0.72566785683476098     
         257  0.72566785683476098     
         258  0.72566785683476098     
         259  0.72566785683476098     
         260  0.72566785683476098     
         261  0.72566785683476098     
         262  0.72566785683476098     
         263  0.72566785683476098     
         264  0.72566785683476098     
         265  0.72566785683476098     
         266  0.72566785683476098     
         267  0.72566785683476098     
         268  0.72566785683476098     
         269  0.72566785683476098     
         270  0.72566785683476098     
         271  0.72566785683476098     
         272  0.72566785683476098     
         273  0.72566785683476098     
         274  0.72566785683476098     
         275  0.72566785683476098     
         276  0.72566785683476098     
         277  0.72566785683476098     
         278  0.72566785683476098     
         279  0.72566785683476098     
         280  0.72566785683476098     
         281  0.72566785683476098     
         282  0.72566785683476098     
         283  0.72566785683476098     
         284  0.72566785683476098     
         285  0.72566785683476098     
         286  0.72566785683476098     
         287  0.72566785683476098     
         288  0.72566785683476098     
         289  0.72566785683476098     
         290  0.72566785683476098     
         291  0.72566785683476098     
         292  0.72566785683476098     
         293  0.72566785683476098     
         294  0.72566785683476098     
         295  0.72566785683476098     
         296  0.72566785683476098     
         297   1.9832715717283733E-002
         298   1.9832715717283733E-002
         299   1.9832715717283733E-002
         300   1.9832715717283733E-002
         301   1.9832715717283733E-002
         302   1.9832715717283733E-002
         303   1.9832715717283733E-002
         304   1.9832715717283733E-002
         305   1.9832715717283733E-002
         306   1.9832715717283733E-002
         307   1.9832715717283733E-002
         308   1.9832715717283733E-002
         309   1.9832715717283733E-002
         310   1.9832715717283733E-002
         311   1.9832715717283733E-002
         312   1.9832715717283733E-002
         313   1.9832715717283733E-002
         314   1.9832715717283733E-002
         315   1.9832715717283733E-002
         316   1.9832715717283733E-002
         317   1.9832715717283733E-002
         318   1.9832715717283733E-002
         319   1.9832715717283733E-002
         320   1.9832715717283733E-002
         321   1.9832715717283733E-002
         322   1.9832715717283733E-002
         323   1.9832715717283733E-002
         324   1.9832715717283733E-002
         325   1.9832715717283733E-002
         326   1.9832715717283733E-002
         327   1.9832715717283733E-002
         328   1.9832715717283733E-002
         329   1.9832715717283733E-002
         330   1.9832715717283733E-002
         331   1.9832715717283733E-002
         332   1.9832715717283733E-002
         333   1.9832715717283733E-002
         334   1.9832715717283733E-002
         335   1.9832715717283733E-002
         336   1.9832715717283733E-002
         337   1.9832715717283733E-002
         338   1.9832715717283733E-002
         339   1.9832715717283733E-002
         340   1.9832715717283733E-002
         341   1.9832715717283733E-002
         342   1.9832715717283733E-002
         343   1.9832715717283733E-002
         344   1.9832715717283733E-002
         345   1.9832715717283733E-002
         346   1.9832715717283733E-002
         347   1.9832715717283733E-002
         348   1.9832715717283733E-002
         349   1.9832715717283733E-002
         350   1.9832715717283733E-002
         351   1.9832715717283733E-002
         352   1.9832715717283733E-002
         353   1.9832715717283733E-002
         354   1.9832715717283733E-002
         355   1.9832715717283733E-002
         356   1.9832715717283733E-002
         357   1.9832715717283733E-002
         358   1.9832715717283733E-002
         359   1.9832715717283733E-002
         360   1.9832715717283733E-002
         361   1.9832715717283733E-002
         362   1.9832715717283733E-002
         363   1.9832715717283733E-002
         364   1.9832715717283733E-002
         365   1.9832715717283733E-002
         366   1.9832715717283733E-002
         367   1.9832715717283733E-002
         368   1.9832715717283733E-002
         369   1.9832715717283733E-002
         370   1.9832715717283733E-002
         371   1.9832715717283733E-002
         372   1.9832715717283733E-002
         373   1.9832715717283733E-002
         374   1.9832715717283733E-002
         375   1.9832715717283733E-002
         376   1.9832715717283733E-002
         377   1.9832715717283733E-002
         378   1.9832715717283733E-002
         379   1.9832715717283733E-002
         380   1.9832715717283733E-002
         381   1.9832715717283733E-002
         382   1.9832715717283733E-002
         383   1.9832715717283733E-002
         384   1.9832715717283733E-002
         385   1.9832715717283733E-002
         386   1.9832715717283733E-002
         387   1.9832715717283733E-002
         388   1.9832715717283733E-002
         389   1.9832715717283733E-002
         390   1.9832715717283733E-002
         391   1.9832715717283733E-002
         392   1.9832715717283733E-002
         393   1.9832715717283733E-002
         394   1.9832715717283733E-002
         395   1.9832715717283733E-002
         396   1.9832715717283733E-002
         397   1.9832715717283733E-002
         398   1.9832715717283733E-002
         399   1.9832715717283733E-002
         400   1.9832715717283733E-002
         401   1.9832715717283733E-002
         402   1.9832715717283733E-002
         403   1.9832715717283733E-002
         404   1.9832715717283733E-002
         405   1.9832715717283733E-002
         406   1.9832715717283733E-002
         407   1.9832715717283733E-002
         408   1.9832715717283733E-002
         409   1.9832715717283733E-002
         410   1.9832715717283733E-002
         411   1.9832715717283733E-002
         412   1.9832715717283733E-002
         413   1.9832715717283733E-002
         414   1.9832715717283733E-002
         415   1.9832715717283733E-002
         416   1.9832715717283733E-002
         417   1.9832715717283733E-002
         418   1.9832715717283733E-002
         419   1.9832715717283733E-002
         420   1.9832715717283733E-002
         421   1.9832715717283733E-002
         422   1.9832715717283733E-002
         423   1.9832715717283733E-002
         424   1.9832715717283733E-002
         425   1.9832715717283733E-002
         426   1.9832715717283733E-002
         427   1.9832715717283733E-002
         428   1.9832715717283733E-002
         429   1.9832715717283733E-002
         430   1.9832715717283733E-002
         431   1.9832715717283733E-002
         432   1.9832715717283733E-002
         433   1.9832715717283733E-002
         434   0.0000000000000000     
