           1   5.3977699781659334     
           2   3.4027359609558125     
           3   3.0605891336935338     
           4   3.0605891336935338     
           5   3.0605891336935338     
           6   3.0605891336935338     
           7   2.9605891336935350     
           8   2.9605891336935350     
           9   1.8877032257621504     
          10   1.8877032257621504     
          11   1.8877032257621504     
          12   1.8877032257621504     
          13   1.8877032257621504     
          14   1.8877032257621504     
          15   1.8877032257621504     
          16   1.7299623297615767     
          17   1.2578602084303991     
          18   1.2578602084303991     
          19   1.2578602084303991     
          20   1.0196654314345679     
          21   1.0196654314345679     
          22   1.0196654314345679     
          23   1.0196654314345679     
          24   1.0196654314345679     
          25   1.0196654314345679     
          26   1.0196654314345679     
          27   1.0196654314345679     
          28   1.0196654314345679     
          29   1.0196654314345679     
          30   1.0196654314345679     
          31   1.0196654314345679     
          32   1.0196654314345679     
          33   1.0196654314345679     
          34   1.0196654314345679     
          35   1.0196654314345679     
          36   1.0196654314345679     
          37   1.0196654314345679     
          38   1.0196654314345679     
          39   1.0196654314345679     
          40   1.0196654314345679     
          41   1.0196654314345679     
          42   1.0196654314345679     
          43   1.0196654314345679     
          44   1.0196654314345679     
          45   1.0196654314345679     
          46   1.0196654314345679     
          47   1.0196654314345679     
          48   1.0196654314345679     
          49   1.0196654314345679     
          50   1.0196654314345679     
          51   1.0196654314345679     
          52   1.0196654314345679     
          53   1.0196654314345679     
          54   1.0196654314345679     
          55   1.0196654314345679     
          56   1.0196654314345679     
          57   1.0196654314345679     
          58   1.0196654314345679     
          59   1.0196654314345679     
          60   1.0196654314345679     
          61   1.0196654314345679     
          62   1.0196654314345679     
          63   1.0196654314345679     
          64   1.0196654314345679     
          65   1.0196654314345679     
          66   1.0196654314345679     
          67   1.0196654314345679     
          68   1.0196654314345679     
          69   1.0196654314345679     
          70   1.0196654314345679     
          71   1.0196654314345679     
          72   1.0196654314345679     
          73   1.0196654314345679     
          74   1.0196654314345679     
          75   1.0196654314345679     
          76   1.0196654314345679     
          77   1.0196654314345679     
          78   1.0196654314345679     
          79   1.0196654314345679     
          80   1.0196654314345679     
          81   1.0196654314345679     
          82   1.0196654314345679     
          83   1.0196654314345679     
          84   1.0196654314345679     
          85   1.0196654314345679     
          86   1.0196654314345679     
          87   1.0196654314345679     
          88   1.0196654314345679     
          89   1.0196654314345679     
          90   1.0196654314345679     
          91   1.0196654314345679     
          92   1.0196654314345679     
          93   1.0196654314345679     
          94   1.0196654314345679     
          95   1.0196654314345679     
          96   1.0196654314345679     
          97   1.0196654314345679     
          98   1.0196654314345679     
          99   1.0196654314345679     
         100   1.0196654314345679     
         101   1.0196654314345679     
         102   1.0196654314345679     
         103   1.0196654314345679     
         104   1.0196654314345679     
         105   1.0196654314345679     
         106   1.0196654314345679     
         107   1.0196654314345679     
         108   1.0196654314345679     
         109   1.0196654314345679     
         110   1.0196654314345679     
         111   1.0196654314345679     
         112   1.0196654314345679     
         113   1.0196654314345679     
         114   1.0196654314345679     
         115   1.0196654314345679     
         116   1.0196654314345679     
         117   1.0196654314345679     
         118   1.0196654314345679     
         119   1.0196654314345679     
         120   1.0196654314345679     
         121   1.0196654314345679     
         122   1.0196654314345679     
         123   1.0196654314345679     
         124   1.0196654314345679     
         125   1.0196654314345679     
         126   1.0196654314345679     
         127   1.0196654314345679     
         128   1.0196654314345679     
         129   1.0196654314345679     
         130   1.0196654314345679     
         131   1.0196654314345679     
         132   1.0196654314345679     
         133   1.0196654314345679     
         134   1.0196654314345679     
         135   1.0196654314345679     
         136   1.0196654314345679     
         137   1.0196654314345679     
         138   1.0196654314345679     
         139   1.0196654314345679     
         140   1.0196654314345679     
         141   1.0196654314345679     
         142   1.0196654314345679     
         143   1.0196654314345679     
         144   1.0196654314345679     
         145   1.0196654314345679     
         146   1.0196654314345679     
         147   1.0196654314345679     
         148   1.0196654314345679     
         149   1.0196654314345679     
         150   1.0196654314345679     
         151   1.0196654314345679     
         152   1.0196654314345679     
         153   1.0196654314345679     
         154   1.0196654314345679     
         155   1.0196654314345679     
         156   1.0196654314345679     
         157   1.0196654314345679     
         158   1.0196654314345679     
         159   1.0196654314345679     
         160   1.0196654314345679     
         161   1.0196654314345679     
         162   1.0196654314345679     
         163   1.0196654314345679     
         164   1.0196654314345679     
         165   1.0196654314345679     
         166   1.0196654314345679     
         167   1.0196654314345679     
         168   1.0196654314345679     
         169   1.0000000000000000     
         170   1.0000000000000000     
         171   1.0000000000000000     
         172   1.0000000000000000     
         173   1.0000000000000000     
         174   1.0000000000000000     
         175   1.0000000000000000     
         176   1.0000000000000000     
         177   1.0000000000000000     
         178   1.0000000000000000     
         179   1.0000000000000000     
         180   1.0000000000000000     
         181   1.0000000000000000     
         182   1.0000000000000000     
         183   1.0000000000000000     
         184   1.0000000000000000     
         185   1.0000000000000000     
         186   1.0000000000000000     
         187   1.0000000000000000     
         188  0.99983271571728416     
         189  0.99983271571728416     
         190  0.99983271571728416     
         191  0.99983271571728416     
         192  0.99983271571728416     
         193  0.99983271571728416     
         194  0.99983271571728416     
         195  0.99983271571728416     
         196  0.99983271571728416     
         197  0.99983271571728416     
         198  0.99983271571728416     
         199  0.99983271571728416     
         200  0.99983271571728416     
         201  0.99983271571728416     
         202  0.99983271571728416     
         203  0.99983271571728416     
         204  0.99983271571728416     
         205  0.99983271571728416     
         206  0.99983271571728416     
         207  0.99983271571728416     
         208  0.99983271571728416     
         209  0.99983271571728416     
         210  0.99983271571728416     
         211  0.99983271571728416     
         212  0.99983271571728416     
         213  0.99983271571728416     
         214  0.99983271571728416     
         215  0.99983271571728416     
         216  0.99983271571728416     
         217  0.99983271571728416     
         218  0.99983271571728416     
         219  0.99983271571728416     
         220  0.99983271571728416     
         221  0.99983271571728416     
         222  0.99983271571728416     
         223  0.99983271571728416     
         224  0.99983271571728416     
         225  0.99983271571728416     
         226  0.99983271571728416     
         227  0.99983271571728416     
         228  0.99983271571728416     
         229  0.99983271571728416     
         230  0.99983271571728416     
         231  0.99983271571728416     
         232  0.99983271571728416     
         233  0.99983271571728416     
         234  0.99983271571728416     
         235  0.99983271571728416     
         236  0.99983271571728416     
         237  0.99983271571728416     
         238  0.99983271571728416     
         239  0.99983271571728416     
         240  0.99983271571728416     
         241  0.99983271571728416     
         242  0.99983271571728416     
         243  0.99983271571728416     
         244  0.99983271571728416     
         245  0.99983271571728416     
         246  0.99983271571728416     
         247  0.99983271571728416     
         248  0.99983271571728416     
         249  0.99983271571728416     
         250  0.99983271571728416     
         251  0.99983271571728416     
         252  0.99983271571728416     
         253  0.99983271571728416     
         254  0.99983271571728416     
         255  0.99983271571728416     
         256  0.99983271571728416     
         257  0.99983271571728416     
         258  0.99983271571728416     
         259  0.99983271571728416     
         260  0.99983271571728416     
         261  0.99983271571728416     
         262  0.99983271571728416     
         263  0.99983271571728416     
         264  0.99983271571728416     
         265  0.99983271571728416     
         266  0.99983271571728416     
         267  0.99983271571728416     
         268  0.99983271571728416     
         269  0.99983271571728416     
         270  0.99983271571728416     
         271  0.99983271571728416     
         272  0.99983271571728416     
         273  0.99983271571728416     
         274  0.99983271571728416     
         275  0.99983271571728416     
         276  0.99983271571728416     
         277  0.99983271571728416     
         278  0.99983271571728416     
         279  0.99983271571728416     
         280  0.99983271571728416     
         281  0.99983271571728416     
         282  0.99983271571728416     
         283  0.99983271571728416     
         284  0.99983271571728416     
         285  0.99983271571728416     
         286  0.99983271571728416     
         287  0.99983271571728416     
         288  0.99983271571728416     
         289  0.99983271571728416     
         290  0.99983271571728416     
         291  0.99983271571728416     
         292  0.99983271571728416     
         293  0.99983271571728416     
         294  0.99983271571728416     
         295  0.99983271571728416     
         296  0.99983271571728416     
         297  0.99983271571728416     
         298  0.99983271571728416     
         299  0.99983271571728416     
         300  0.99983271571728416     
         301  0.99983271571728416     
         302  0.99983271571728416     
         303  0.99983271571728416     
         304  0.99983271571728416     
         305  0.99983271571728416     
         306  0.99983271571728416     
         307  0.99983271571728416     
         308  0.99983271571728416     
         309  0.99983271571728416     
         310  0.99983271571728416     
         311  0.99983271571728416     
         312  0.99983271571728416     
         313  0.99983271571728416     
         314  0.99983271571728416     
         315  0.99983271571728416     
         316  0.99983271571728416     
         317  0.99983271571728416     
         318  0.99983271571728416     
         319  0.99983271571728416     
         320  0.99983271571728416     
         321  0.99983271571728416     
         322  0.99983271571728416     
         323  0.99983271571728416     
         324  0.99983271571728416     
         325  0.99983271571728416     
         326  0.99983271571728416     
         327  0.99983271571728416     
         328  0.99983271571728416     
         329  0.99983271571728416     
         330  0.99983271571728416     
         331  0.99983271571728416     
         332  0.99983271571728416     
         333  0.99983271571728416     
         334  0.99983271571728416     
         335  0.99983271571728416     
         336  0.99983271571728416     
         337  0.99983271571728416     
         338  0.99983271571728416     
         339  0.99983271571728416     
         340  0.99983271571728416     
         341  0.99983271571728416     
         342  0.99983271571728416     
         343  0.99983271571728416     
         344  0.99983271571728416     
         345  0.99983271571728416     
         346  0.99983271571728416     
         347  0.99983271571728416     
         348  0.99983271571728416     
         349  0.99983271571728416     
         350  0.99983271571728416     
         351  0.99983271571728416     
         352  0.99983271571728416     
         353  0.99983271571728416     
         354  0.99983271571728416     
         355  0.99983271571728416     
         356  0.99983271571728416     
         357  0.99983271571728416     
         358  0.99983271571728416     
         359  0.99983271571728416     
         360  0.99983271571728416     
         361  0.99983271571728416     
         362  0.99983271571728416     
         363  0.99983271571728416     
         364  0.99983271571728416     
         365  0.99983271571728416     
         366  0.99983271571728416     
         367  0.99983271571728416     
         368  0.99983271571728416     
         369  0.99983271571728416     
         370  0.99983271571728416     
         371  0.99983271571728416     
         372  0.99983271571728416     
         373  0.99983271571728416     
         374  0.99983271571728416     
         375  0.99983271571728416     
         376  0.99983271571728416     
         377  0.99983271571728416     
         378  0.99983271571728416     
         379  0.99983271571728416     
         380  0.99983271571728416     
         381  0.99983271571728416     
         382  0.99983271571728416     
         383  0.99983271571728416     
         384  0.99983271571728416     
         385  0.66996232976157621     
         386  0.66996232976157621     
         387  0.66996232976157621     
         388  0.35605498542622982     
         389  0.35605498542622982     
         390  0.35605498542622982     
         391  0.35605498542622982     
         392  0.35605498542622982     
         393  0.35605498542622982     
         394  0.35605498542622982     
         395  0.35605498542622982     
         396  0.35605498542622982     
         397  0.35605498542622982     
         398  0.35605498542622982     
         399  0.35605498542622982     
         400  0.35605498542622982     
         401  0.35605498542622982     
         402  0.35605498542622982     
         403  0.35605498542622982     
         404  0.35605498542622982     
         405  0.35605498542622982     
         406  0.35605498542622982     
         407  0.35605498542622982     
         408  0.35605498542622982     
         409  0.35605498542622982     
         410  0.35605498542622982     
         411  0.35605498542622982     
         412  0.35605498542622982     
         413  0.35605498542622982     
         414  0.35605498542622982     
         415  0.35605498542622982     
         416  0.35605498542622982     
         417  0.35605498542622982     
         418  0.35605498542622982     
         419  0.35605498542622982     
         420  0.35605498542622982     
         421  0.35605498542622982     
         422  0.35605498542622982     
         423  0.35605498542622982     
         424  0.35605498542622982     
         425  0.35605498542622982     
         426  0.35605498542622982     
         427  0.35605498542622982     
         428  0.35605498542622982     
         429  0.35605498542622982     
         430  0.35605498542622982     
         431  0.35605498542622982     
         432  0.35605498542622982     
         433  0.35605498542622982     
         434  0.35605498542622982     
         435  0.35605498542622982     
         436  0.35605498542622982     
         437  0.35605498542622982     
         438  0.35605498542622982     
         439  0.35605498542622982     
         440  0.35605498542622982     
         441  0.35605498542622982     
         442  0.35605498542622982     
         443  0.35605498542622982     
         444  0.35605498542622982     
         445  0.35605498542622982     
         446  0.35605498542622982     
         447  0.35605498542622982     
         448  0.35605498542622982     
         449  0.35605498542622982     
         450  0.35605498542622982     
         451  0.35605498542622982     
         452  0.35605498542622982     
         453  0.35605498542622982     
         454  0.35605498542622982     
         455  0.35605498542622982     
         456  0.35605498542622982     
         457  0.35605498542622982     
         458  0.35605498542622982     
         459  0.35605498542622982     
         460  0.35605498542622982     
         461  0.35605498542622982     
         462  0.35605498542622982     
         463  0.35605498542622982     
         464  0.35605498542622982     
         465  0.35605498542622982     
         466  0.35605498542622982     
         467  0.35605498542622982     
         468  0.35605498542622982     
         469  0.35605498542622982     
         470  0.35605498542622982     
         471  0.35605498542622982     
         472  0.35605498542622982     
         473  0.35605498542622982     
         474  0.35605498542622982     
         475  0.35605498542622982     
         476  0.35605498542622982     
         477  0.35605498542622982     
         478  0.35605498542622982     
         479  0.35605498542622982     
         480  0.35605498542622982     
         481  0.35605498542622982     
         482  0.35605498542622982     
         483  0.35605498542622982     
         484  0.35605498542622982     
         485  0.35605498542622982     
         486  0.35605498542622982     
         487  0.35605498542622982     
         488  0.35605498542622982     
         489  0.35605498542622982     
         490  0.35605498542622982     
         491  0.35605498542622982     
         492  0.35605498542622982     
         493  0.35605498542622982     
         494  0.35605498542622982     
         495  0.35605498542622982     
         496  0.35605498542622982     
         497  0.35605498542622982     
         498  0.35605498542622982     
         499  0.35605498542622982     
         500  0.35605498542622982     
         501  0.35605498542622982     
         502  0.35605498542622982     
         503  0.35605498542622982     
         504  0.35605498542622982     
         505  0.35605498542622982     
         506  0.35605498542622982     
         507  0.35605498542622982     
         508  0.35605498542622982     
         509  0.35605498542622982     
         510  0.35605498542622982     
         511  0.35605498542622982     
         512  0.35605498542622982     
         513  0.35605498542622982     
         514  0.35605498542622982     
         515  0.35605498542622982     
         516  0.35605498542622982     
         517  0.35605498542622982     
         518  0.35605498542622982     
         519  0.35605498542622982     
         520  0.35605498542622982     
         521  0.35605498542622982     
         522  0.35605498542622982     
         523  0.35605498542622982     
         524  0.35605498542622982     
         525  0.35605498542622982     
         526  0.35605498542622982     
         527  0.35605498542622982     
         528  0.35605498542622982     
         529  0.35605498542622982     
         530  0.35605498542622982     
         531  0.35605498542622982     
         532  0.35605498542622982     
         533  0.35605498542622982     
         534  0.35605498542622982     
         535  0.35605498542622982     
         536  0.35605498542622982     
         537  0.35605498542622982     
         538  0.35605498542622982     
         539  0.35605498542622982     
         540  0.35605498542622982     
         541  0.35605498542622982     
         542  0.35605498542622982     
         543  0.35605498542622982     
         544  0.35605498542622982     
         545  0.35605498542622982     
         546  0.35605498542622982     
         547  0.35605498542622982     
         548  0.35605498542622982     
         549  0.35605498542622982     
         550  0.35605498542622982     
         551  0.35605498542622982     
         552  0.35605498542622982     
         553  0.35605498542622982     
         554  0.35605498542622982     
         555  0.35605498542622982     
         556  0.35605498542622982     
         557  0.35605498542622982     
         558  0.35605498542622982     
         559  0.35605498542622982     
         560  0.35605498542622982     
         561  0.35605498542622982     
         562  0.35605498542622982     
         563  0.35605498542622982     
         564  0.35605498542622982     
         565  0.35605498542622982     
         566  0.35605498542622982     
         567  0.35605498542622982     
         568  0.35605498542622982     
         569  0.35605498542622982     
         570  0.35605498542622982     
         571  0.35605498542622982     
         572  0.35605498542622982     
         573  0.35605498542622982     
         574  0.35605498542622982     
         575  0.35605498542622982     
         576  0.35605498542622982     
         577  0.35605498542622982     
         578  0.35605498542622982     
         579  0.35605498542622982     
         580  0.35605498542622982     
         581  0.35605498542622982     
         582  0.35605498542622982     
         583  0.35605498542622982     
         584  0.35605498542622982     
         585  0.35605498542622982     
         586  0.35605498542622982     
         587  0.35605498542622982     
         588  0.35605498542622982     
         589  0.35605498542622982     
         590  0.35605498542622982     
         591  0.35605498542622982     
         592  0.35605498542622982     
         593  0.35605498542622982     
         594  0.35605498542622982     
         595  0.35605498542622982     
         596  0.35605498542622982     
         597  0.35605498542622982     
         598  0.35605498542622982     
         599  0.35605498542622982     
         600  0.35605498542622982     
         601  0.35605498542622982     
         602  0.35605498542622982     
         603  0.35605498542622982     
         604  0.35605498542622982     
         605  0.35605498542622982     
         606  0.19786020843039864     
         607  0.19786020843039864     
         608  0.19786020843039864     
         609  0.19786020843039864     
         610  0.19786020843039864     
         611  0.19786020843039864     
         612  0.19786020843039864     
         613  0.19786020843039864     
         614  0.19786020843039864     
         615  0.19786020843039864     
         616  0.19786020843039864     
         617  0.19786020843039864     
         618  0.19786020843039864     
         619  0.19786020843039864     
         620  0.19786020843039864     
         621  0.19786020843039864     
         622  0.19786020843039864     
         623  0.19786020843039864     
         624  0.19786020843039864     
         625  0.19786020843039864     
         626  0.19786020843039864     
         627  0.19786020843039864     
         628  0.19786020843039864     
         629  0.19786020843039864     
         630  0.19786020843039864     
         631  0.19786020843039864     
         632  0.19786020843039864     
         633  0.19786020843039864     
         634  0.19786020843039864     
         635  0.19786020843039864     
         636  0.19786020843039864     
         637  0.19786020843039864     
         638  0.19786020843039864     
         639  0.19786020843039864     
         640  0.19786020843039864     
         641  0.19786020843039864     
         642  0.19786020843039864     
         643  0.19786020843039864     
         644  0.19786020843039864     
         645  0.19786020843039864     
         646  0.19786020843039864     
         647  0.19786020843039864     
         648  0.19786020843039864     
         649  0.19786020843039864     
         650  0.19786020843039864     
         651  0.19786020843039864     
         652  0.19786020843039864     
         653  0.19786020843039864     
         654  0.19786020843039864     
         655  0.19786020843039864     
         656  0.19786020843039864     
         657  0.19786020843039864     
         658  0.19786020843039864     
         659  0.19786020843039864     
         660  0.19786020843039864     
         661  0.19786020843039864     
         662  0.19786020843039864     
         663  0.19786020843039864     
         664  0.19786020843039864     
         665  0.19786020843039864     
         666  0.19786020843039864     
         667  0.19786020843039864     
         668  0.19786020843039864     
         669  0.19786020843039864     
         670  0.19786020843039864     
         671  0.19786020843039864     
         672  0.19786020843039864     
         673  0.19786020843039864     
         674  0.19786020843039864     
         675  0.19786020843039864     
         676  0.19786020843039864     
         677  0.19786020843039864     
         678  0.19786020843039864     
         679  0.19786020843039864     
         680  0.19786020843039864     
         681  0.19786020843039864     
         682  0.19786020843039864     
         683  0.19786020843039864     
         684  0.19786020843039864     
         685  0.19786020843039864     
         686  0.19786020843039864     
         687  0.19786020843039864     
         688  0.19786020843039864     
         689  0.19786020843039864     
         690  0.19786020843039864     
         691  0.19786020843039864     
         692  0.19786020843039864     
         693  0.19786020843039864     
         694  0.19786020843039864     
         695  0.19786020843039864     
         696  0.19786020843039864     
         697  0.19786020843039864     
         698  0.19786020843039864     
         699  0.19786020843039864     
         700  0.19786020843039864     
         701  0.19786020843039864     
         702  0.19786020843039864     
         703  0.19786020843039864     
         704  0.19786020843039864     
         705  0.19786020843039864     
         706  0.19786020843039864     
         707  0.19786020843039864     
         708  0.19786020843039864     
         709  0.19786020843039864     
         710  0.19786020843039864     
         711  0.19786020843039864     
         712  0.19786020843039864     
         713  0.19786020843039864     
         714  0.19786020843039864     
         715  0.19786020843039864     
         716  0.19786020843039864     
         717  0.19786020843039864     
         718  0.19786020843039864     
         719  0.19786020843039864     
         720  0.19786020843039864     
         721  0.19786020843039864     
         722  0.19786020843039864     
         723  0.19786020843039864     
         724  0.19786020843039864     
         725  0.19786020843039864     
         726  0.19786020843039864     
         727  0.19786020843039864     
         728  0.19786020843039864     
         729  0.19786020843039864     
         730  0.19786020843039864     
         731  0.19786020843039864     
         732  0.19786020843039864     
         733  0.19786020843039864     
         734  0.19786020843039864     
         735  0.19786020843039864     
         736  0.19786020843039864     
         737  0.19786020843039864     
         738  0.19786020843039864     
         739  0.19786020843039864     
         740  0.19786020843039864     
         741  0.19786020843039864     
         742  0.19786020843039864     
         743  0.19786020843039864     
         744  0.19786020843039864     
         745  0.19786020843039864     
         746  0.19786020843039864     
         747  0.19786020843039864     
         748  0.19786020843039864     
         749  0.19786020843039864     
         750  0.19786020843039864     
         751  0.19786020843039864     
         752  0.19786020843039864     
         753  0.19786020843039864     
         754  0.19786020843039864     
         755  0.19786020843039864     
         756  0.19786020843039864     
         757  0.19786020843039864     
         758  0.19786020843039864     
         759  0.19786020843039864     
         760  0.19786020843039864     
         761  0.19786020843039864     
         762  0.19786020843039864     
         763  0.19786020843039864     
         764  0.19786020843039864     
         765  0.19786020843039864     
         766  0.19786020843039864     
         767  0.19786020843039864     
         768  0.19786020843039864     
         769  0.19786020843039864     
         770  0.19786020843039864     
         771  0.19786020843039864     
         772  0.19786020843039864     
         773  0.19786020843039864     
         774  0.19786020843039864     
         775  0.19786020843039864     
         776  0.19786020843039864     
         777  0.19786020843039864     
         778  0.19786020843039864     
         779  0.19786020843039864     
         780  0.19786020843039864     
         781  0.19786020843039864     
         782  0.19786020843039864     
         783  0.19786020843039864     
         784  0.19786020843039864     
         785  0.19786020843039864     
         786  0.19786020843039864     
         787  0.19786020843039864     
         788  0.19786020843039864     
         789  0.19786020843039864     
         790  0.19786020843039864     
         791  0.19786020843039864     
         792  0.19786020843039864     
         793  0.19786020843039864     
         794  0.19786020843039864     
         795  0.19786020843039864     
         796  0.19786020843039864     
         797  0.19786020843039864     
         798  0.19786020843039864     
         799  0.19786020843039864     
         800  0.19786020843039864     
         801  0.19786020843039864     
         802  0.19786020843039864     
         803  0.19786020843039864     
         804  0.19786020843039864     
         805  0.19786020843039864     
         806  0.19786020843039864     
         807  0.19786020843039864     
         808  0.19786020843039864     
         809  0.19786020843039864     
         810  0.19786020843039864     
         811  0.19786020843039864     
         812  0.19786020843039864     
         813  0.19786020843039864     
         814  0.19786020843039864     
         815  0.19786020843039864     
         816  0.19786020843039864     
         817  0.19786020843039864     
         818  0.19786020843039864     
         819  0.19786020843039864     
         820  0.19786020843039864     
         821  0.19786020843039864     
         822  0.19786020843039864     
         823  0.19786020843039864     
         824  0.19786020843039864     
         825  0.19786020843039864     
         826  0.19786020843039864     
         827  0.19786020843039864     
         828  0.19786020843039864     
         829  0.19786020843039864     
         830  0.19786020843039864     
         831  0.19786020843039864     
         832  0.19786020843039864     
         833  0.19786020843039864     
         834  0.19786020843039864     
         835  0.19786020843039864     
         836   3.9665431434567466E-002
         837   3.9665431434567466E-002
         838   3.9665431434567466E-002
         839   3.9665431434567466E-002
         840   3.9665431434567466E-002
         841   3.9665431434567466E-002
         842   3.9665431434567466E-002
         843   3.9665431434567466E-002
         844   3.9665431434567466E-002
         845   3.9665431434567466E-002
         846   3.9665431434567466E-002
         847   3.9665431434567466E-002
         848   3.9665431434567466E-002
         849   3.9665431434567466E-002
         850   3.9665431434567466E-002
         851   3.9665431434567466E-002
         852   3.9665431434567466E-002
         853   3.9665431434567466E-002
         854   3.9665431434567466E-002
         855   3.9665431434567466E-002
         856   3.9665431434567466E-002
         857   3.9665431434567466E-002
         858   3.9665431434567466E-002
         859   3.9665431434567466E-002
         860   3.9665431434567466E-002
         861   3.9665431434567466E-002
         862   3.9665431434567466E-002
         863   3.9665431434567466E-002
         864   3.9665431434567466E-002
         865   3.9665431434567466E-002
         866   3.9665431434567466E-002
         867   3.9665431434567466E-002
         868   3.9665431434567466E-002
         869   3.9665431434567466E-002
         870   3.9665431434567466E-002
         871   3.9665431434567466E-002
         872   3.9665431434567466E-002
         873   3.9665431434567466E-002
         874   3.9665431434567466E-002
         875   3.9665431434567466E-002
         876   3.9665431434567466E-002
         877   3.9665431434567466E-002
         878   3.9665431434567466E-002
         879   3.9665431434567466E-002
         880   3.9665431434567466E-002
         881   3.9665431434567466E-002
         882   3.9665431434567466E-002
         883   3.9665431434567466E-002
         884   3.9665431434567466E-002
         885   3.9665431434567466E-002
         886   3.9665431434567466E-002
         887   3.9665431434567466E-002
         888   3.9665431434567466E-002
         889   3.9665431434567466E-002
         890   3.9665431434567466E-002
         891   3.9665431434567466E-002
         892   3.9665431434567466E-002
         893   3.9665431434567466E-002
         894   3.9665431434567466E-002
         895   3.9665431434567466E-002
         896   3.9665431434567466E-002
         897   3.9665431434567466E-002
         898   3.9665431434567466E-002
         899   3.9665431434567466E-002
         900   3.9665431434567466E-002
         901   3.9665431434567466E-002
         902   3.9665431434567466E-002
         903   3.9665431434567466E-002
         904   3.9665431434567466E-002
         905   3.9665431434567466E-002
         906   3.9665431434567466E-002
         907   3.9665431434567466E-002
         908   3.9665431434567466E-002
         909   3.9665431434567466E-002
         910   3.9665431434567466E-002
         911   3.9665431434567466E-002
         912   3.9665431434567466E-002
         913   3.9665431434567466E-002
         914   3.9665431434567466E-002
         915   3.9665431434567466E-002
         916   3.9665431434567466E-002
         917   3.9665431434567466E-002
         918   3.9665431434567466E-002
         919   3.9665431434567466E-002
         920   3.9665431434567466E-002
         921   3.9665431434567466E-002
         922   3.9665431434567466E-002
         923   3.9665431434567466E-002
         924   3.9665431434567466E-002
         925   3.9665431434567466E-002
         926   3.9665431434567466E-002
         927   3.9665431434567466E-002
         928   3.9665431434567466E-002
         929   3.9665431434567466E-002
         930   3.9665431434567466E-002
         931   3.9665431434567466E-002
         932   3.9665431434567466E-002
         933   3.9665431434567466E-002
         934   3.9665431434567466E-002
         935   3.9665431434567466E-002
         936   3.9665431434567466E-002
         937   3.9665431434567466E-002
         938   3.9665431434567466E-002
         939   3.9665431434567466E-002
         940   3.9665431434567466E-002
         941   3.9665431434567466E-002
         942   3.9665431434567466E-002
         943   3.9665431434567466E-002
         944   3.9665431434567466E-002
         945   3.9665431434567466E-002
         946   3.9665431434567466E-002
         947   3.9665431434567466E-002
         948   3.9665431434567466E-002
         949   3.9665431434567466E-002
         950   3.9665431434567466E-002
         951   3.9665431434567466E-002
         952   3.9665431434567466E-002
         953   3.9665431434567466E-002
         954   3.9665431434567466E-002
         955   3.9665431434567466E-002
         956   3.9665431434567466E-002
         957   3.9665431434567466E-002
         958   3.9665431434567466E-002
         959   3.9665431434567466E-002
         960   3.9665431434567466E-002
         961   3.9665431434567466E-002
         962   3.9665431434567466E-002
         963   3.9665431434567466E-002
         964   3.9665431434567466E-002
         965   3.9665431434567466E-002
         966   3.9665431434567466E-002
         967   3.9665431434567466E-002
         968   3.9665431434567466E-002
         969   3.9665431434567466E-002
         970   3.9665431434567466E-002
         971   3.9665431434567466E-002
         972   3.9665431434567466E-002
         973   3.9665431434567466E-002
         974   3.9665431434567466E-002
         975   3.9665431434567466E-002
         976   3.9665431434567466E-002
         977   3.9665431434567466E-002
         978   3.9665431434567466E-002
         979   3.9665431434567466E-002
         980   3.9665431434567466E-002
         981   3.9665431434567466E-002
         982   3.9665431434567466E-002
         983   3.9665431434567466E-002
         984   3.9665431434567466E-002
         985   3.9665431434567466E-002
         986   3.9665431434567466E-002
         987   3.9665431434567466E-002
         988   3.9665431434567466E-002
         989   3.9665431434567466E-002
         990   3.9665431434567466E-002
         991   3.9665431434567466E-002
         992   3.9665431434567466E-002
         993   3.9665431434567466E-002
         994   3.9665431434567466E-002
         995   3.9665431434567466E-002
         996   3.9665431434567466E-002
         997   3.9665431434567466E-002
         998   3.9665431434567466E-002
         999   3.9665431434567466E-002
        1000   3.9665431434567466E-002
        1001   3.9665431434567466E-002
        1002   3.9665431434567466E-002
        1003   3.9665431434567466E-002
        1004   3.9665431434567466E-002
        1005   3.9665431434567466E-002
        1006   3.9665431434567466E-002
        1007   3.9665431434567466E-002
        1008   3.9665431434567466E-002
        1009   3.9665431434567466E-002
        1010   3.9665431434567466E-002
        1011   3.9665431434567466E-002
        1012   3.9665431434567466E-002
        1013   3.9665431434567466E-002
        1014   3.9665431434567466E-002
        1015   3.9665431434567466E-002
        1016   3.9665431434567466E-002
        1017   3.9665431434567466E-002
        1018   3.9665431434567466E-002
        1019   3.9665431434567466E-002
        1020   3.9665431434567466E-002
        1021   3.9665431434567466E-002
        1022   3.9665431434567466E-002
        1023   3.9665431434567466E-002
        1024   3.9665431434567466E-002
        1025   3.9665431434567466E-002
        1026   3.9665431434567466E-002
        1027   3.9665431434567466E-002
        1028   3.9665431434567466E-002
        1029   3.9665431434567466E-002
        1030   3.9665431434567466E-002
        1031   3.9665431434567466E-002
        1032   3.9665431434567466E-002
        1033   3.9665431434567466E-002
        1034   3.9665431434567466E-002
        1035   3.9665431434567466E-002
        1036   3.9665431434567466E-002
        1037   3.9665431434567466E-002
        1038   3.9665431434567466E-002
        1039   3.9665431434567466E-002
        1040   3.9665431434567466E-002
        1041   3.9665431434567466E-002
        1042   3.9665431434567466E-002
        1043   3.9665431434567466E-002
        1044   3.9665431434567466E-002
        1045   3.9665431434567466E-002
        1046   3.9665431434567466E-002
        1047   3.9665431434567466E-002
        1048   3.9665431434567466E-002
        1049   3.9665431434567466E-002
        1050   3.9665431434567466E-002
        1051   3.9665431434567466E-002
        1052   3.9665431434567466E-002
        1053   3.9665431434567466E-002
        1054   3.9665431434567466E-002
        1055   3.9665431434567466E-002
        1056   3.9665431434567466E-002
        1057   3.9665431434567466E-002
        1058   3.9665431434567466E-002
        1059   3.9665431434567466E-002
        1060   3.9665431434567466E-002
        1061   3.9665431434567466E-002
        1062   3.9665431434567466E-002
        1063   3.9665431434567466E-002
        1064   3.9665431434567466E-002
        1065   3.9665431434567466E-002
        1066   3.9665431434567466E-002
        1067   3.9665431434567466E-002
        1068   3.9665431434567466E-002
        1069   3.9665431434567466E-002
        1070   3.9665431434567466E-002
        1071   3.9665431434567466E-002
        1072   3.9665431434567466E-002
        1073   3.9665431434567466E-002
        1074   3.9665431434567466E-002
        1075   3.9665431434567466E-002
        1076   3.9665431434567466E-002
        1077   3.9665431434567466E-002
        1078   3.9665431434567466E-002
        1079   3.9665431434567466E-002
        1080   3.9665431434567466E-002
        1081   3.9665431434567466E-002
        1082   3.9665431434567466E-002
        1083   3.9665431434567466E-002
        1084   3.9665431434567466E-002
        1085   3.9665431434567466E-002
        1086   3.9665431434567466E-002
        1087   3.9665431434567466E-002
        1088   3.9665431434567466E-002
        1089   3.9665431434567466E-002
        1090   3.9665431434567466E-002
        1091   3.9665431434567466E-002
        1092   3.9665431434567466E-002
        1093   3.9665431434567466E-002
        1094   3.9665431434567466E-002
        1095   3.9665431434567466E-002
        1096   3.9665431434567466E-002
        1097   3.9665431434567466E-002
        1098   3.9665431434567466E-002
        1099   3.9665431434567466E-002
        1100   3.9665431434567466E-002
        1101   3.9665431434567466E-002
        1102   3.9665431434567466E-002
        1103   3.9665431434567466E-002
        1104   3.9665431434567466E-002
        1105   3.9665431434567466E-002
        1106   3.9665431434567466E-002
        1107   3.9665431434567466E-002
        1108   3.9665431434567466E-002
        1109   3.9665431434567466E-002
        1110   3.9665431434567466E-002
        1111   3.9665431434567466E-002
        1112   3.9665431434567466E-002
        1113   3.9665431434567466E-002
        1114   3.9665431434567466E-002
        1115   3.9665431434567466E-002
        1116   3.9665431434567466E-002
        1117   3.9665431434567466E-002
        1118   3.9665431434567466E-002
        1119   3.9665431434567466E-002
        1120   3.9665431434567466E-002
        1121   3.9665431434567466E-002
        1122   3.9665431434567466E-002
        1123   3.9665431434567466E-002
        1124   3.9665431434567466E-002
        1125   3.9665431434567466E-002
        1126   3.9665431434567466E-002
        1127   3.9665431434567466E-002
        1128   3.9665431434567466E-002
        1129   3.9665431434567466E-002
        1130   3.9665431434567466E-002
        1131   3.9665431434567466E-002
        1132   3.9665431434567466E-002
        1133   3.9665431434567466E-002
        1134   3.9665431434567466E-002
        1135   3.9665431434567466E-002
        1136   3.9665431434567466E-002
        1137   3.9665431434567466E-002
        1138   3.9665431434567466E-002
        1139   3.9665431434567466E-002
        1140   3.9665431434567466E-002
        1141   3.9665431434567466E-002
        1142   3.9665431434567466E-002
        1143   3.9665431434567466E-002
        1144   3.9665431434567466E-002
        1145   3.9665431434567466E-002
        1146   3.9665431434567466E-002
        1147   3.9665431434567466E-002
        1148   3.9665431434567466E-002
        1149   3.9665431434567466E-002
        1150   3.9665431434567466E-002
        1151   3.9665431434567466E-002
        1152   3.9665431434567466E-002
        1153   3.9665431434567466E-002
        1154   3.9665431434567466E-002
        1155   3.9665431434567466E-002
        1156   3.9665431434567466E-002
        1157   3.9665431434567466E-002
        1158   3.9665431434567466E-002
        1159   3.9665431434567466E-002
        1160   3.9665431434567466E-002
        1161   3.9665431434567466E-002
        1162   3.9665431434567466E-002
        1163   3.9665431434567466E-002
        1164   3.9665431434567466E-002
        1165   3.9665431434567466E-002
        1166   3.9665431434567466E-002
        1167   3.9665431434567466E-002
        1168   3.9665431434567466E-002
        1169   3.9665431434567466E-002
        1170   3.9665431434567466E-002
        1171   3.9665431434567466E-002
        1172   3.9665431434567466E-002
        1173   3.9665431434567466E-002
        1174   3.9665431434567466E-002
        1175   3.9665431434567466E-002
        1176   3.9665431434567466E-002
        1177   3.9665431434567466E-002
        1178   3.9665431434567466E-002
        1179   3.9665431434567466E-002
        1180   3.9665431434567466E-002
        1181   3.9665431434567466E-002
        1182   3.9665431434567466E-002
        1183   3.9665431434567466E-002
        1184   3.9665431434567466E-002
        1185   3.9665431434567466E-002
        1186   3.9665431434567466E-002
        1187   3.9665431434567466E-002
        1188   3.9665431434567466E-002
        1189   3.9665431434567466E-002
        1190   3.9665431434567466E-002
        1191   3.9665431434567466E-002
        1192   3.9665431434567466E-002
        1193   3.9665431434567466E-002
        1194   3.9665431434567466E-002
        1195   3.9665431434567466E-002
        1196   3.9665431434567466E-002
        1197   3.9665431434567466E-002
        1198   3.9665431434567466E-002
        1199   3.9665431434567466E-002
        1200   3.9665431434567466E-002
        1201   3.9665431434567466E-002
        1202   3.9665431434567466E-002
        1203   3.9665431434567466E-002
        1204   3.9665431434567466E-002
        1205   3.9665431434567466E-002
        1206   3.9665431434567466E-002
        1207   3.9665431434567466E-002
        1208   3.9665431434567466E-002
        1209   3.9665431434567466E-002
        1210   3.9665431434567466E-002
        1211   3.9665431434567466E-002
        1212   3.9665431434567466E-002
        1213   3.9665431434567466E-002
        1214   3.9665431434567466E-002
        1215   3.9665431434567466E-002
        1216   3.9665431434567466E-002
        1217   3.9665431434567466E-002
        1218   3.9665431434567466E-002
        1219   3.9665431434567466E-002
        1220   3.9665431434567466E-002
        1221   3.9665431434567466E-002
        1222   3.9665431434567466E-002
        1223   3.9665431434567466E-002
        1224   3.9665431434567466E-002
        1225   3.9665431434567466E-002
        1226   3.9665431434567466E-002
        1227   3.9665431434567466E-002
        1228   3.9665431434567466E-002
        1229   3.9665431434567466E-002
        1230   3.9665431434567466E-002
        1231   3.9665431434567466E-002
        1232   3.9665431434567466E-002
        1233   3.9665431434567466E-002
        1234   3.9665431434567466E-002
        1235   3.9665431434567466E-002
        1236   3.9665431434567466E-002
        1237   3.9665431434567466E-002
        1238   3.9665431434567466E-002
        1239   3.9665431434567466E-002
        1240   3.9665431434567466E-002
        1241   3.9665431434567466E-002
        1242   3.9665431434567466E-002
        1243   3.9665431434567466E-002
        1244   3.9665431434567466E-002
        1245   3.9665431434567466E-002
        1246   3.9665431434567466E-002
        1247   3.9665431434567466E-002
        1248   3.9665431434567466E-002
        1249   3.9665431434567466E-002
        1250   3.9665431434567466E-002
        1251   3.9665431434567466E-002
        1252   3.9665431434567466E-002
        1253   3.9665431434567466E-002
        1254   3.9665431434567466E-002
        1255   3.9665431434567466E-002
        1256   3.9665431434567466E-002
        1257   3.9665431434567466E-002
        1258   3.9665431434567466E-002
        1259   3.9665431434567466E-002
        1260   3.9665431434567466E-002
        1261   3.9665431434567466E-002
        1262   3.9665431434567466E-002
        1263   3.9665431434567466E-002
        1264   3.9665431434567466E-002
        1265   3.9665431434567466E-002
        1266   3.9665431434567466E-002
        1267   3.9665431434567466E-002
        1268   3.9665431434567466E-002
        1269   3.9665431434567466E-002
        1270   3.9665431434567466E-002
        1271   3.9665431434567466E-002
        1272   3.9665431434567466E-002
        1273   3.9665431434567466E-002
        1274   3.9665431434567466E-002
        1275   3.9665431434567466E-002
        1276   3.9665431434567466E-002
        1277   3.9665431434567466E-002
        1278   3.9665431434567466E-002
        1279   3.9665431434567466E-002
        1280   3.9665431434567466E-002
        1281   3.9665431434567466E-002
        1282   3.9665431434567466E-002
        1283   3.9665431434567466E-002
        1284   3.9665431434567466E-002
        1285   3.9665431434567466E-002
        1286   3.9665431434567466E-002
        1287   3.9665431434567466E-002
        1288   3.9665431434567466E-002
        1289   3.9665431434567466E-002
        1290   3.9665431434567466E-002
        1291   3.9665431434567466E-002
        1292   3.9665431434567466E-002
        1293   3.9665431434567466E-002
        1294   3.9665431434567466E-002
        1295   3.9665431434567466E-002
        1296   3.9665431434567466E-002
        1297   3.9665431434567466E-002
        1298   3.9665431434567466E-002
        1299   3.9665431434567466E-002
        1300   3.9665431434567466E-002
        1301   3.9665431434567466E-002
        1302   3.9665431434567466E-002
        1303   3.9665431434567466E-002
        1304   3.9665431434567466E-002
        1305   3.9665431434567466E-002
        1306   3.9665431434567466E-002
        1307   3.9665431434567466E-002
        1308   3.9665431434567466E-002
        1309   3.9665431434567466E-002
        1310   3.9665431434567466E-002
        1311   3.9665431434567466E-002
        1312   3.9665431434567466E-002
        1313   3.9665431434567466E-002
        1314   3.9665431434567466E-002
        1315   3.9665431434567466E-002
        1316   3.9665431434567466E-002
        1317   3.9665431434567466E-002
        1318   3.9665431434567466E-002
        1319   3.9665431434567466E-002
        1320   3.9665431434567466E-002
        1321   3.9665431434567466E-002
        1322   3.9665431434567466E-002
        1323   3.9665431434567466E-002
        1324   3.9665431434567466E-002
        1325   3.9665431434567466E-002
        1326   3.9665431434567466E-002
        1327   3.9665431434567466E-002
        1328   3.9665431434567466E-002
        1329   3.9665431434567466E-002
        1330   3.9665431434567466E-002
        1331   3.9665431434567466E-002
        1332   3.9665431434567466E-002
        1333   3.9665431434567466E-002
        1334   3.9665431434567466E-002
        1335   3.9665431434567466E-002
        1336   3.9665431434567466E-002
        1337   3.9665431434567466E-002
        1338   3.9665431434567466E-002
        1339   3.9665431434567466E-002
        1340   3.9665431434567466E-002
        1341   3.9665431434567466E-002
        1342   3.9665431434567466E-002
        1343   3.9665431434567466E-002
        1344   3.9665431434567466E-002
        1345   3.9665431434567466E-002
        1346   3.9665431434567466E-002
        1347   3.9665431434567466E-002
        1348   3.9665431434567466E-002
        1349   3.9665431434567466E-002
        1350   3.9665431434567466E-002
        1351   3.9665431434567466E-002
        1352   3.9665431434567466E-002
        1353   3.9665431434567466E-002
        1354   3.9665431434567466E-002
        1355   3.9665431434567466E-002
        1356   3.9665431434567466E-002
        1357   3.9665431434567466E-002
        1358   3.9665431434567466E-002
        1359   3.9665431434567466E-002
        1360   3.9665431434567466E-002
        1361   3.9665431434567466E-002
        1362   3.9665431434567466E-002
        1363   3.9665431434567466E-002
        1364   3.9665431434567466E-002
        1365   3.9665431434567466E-002
        1366   3.9665431434567466E-002
        1367   3.9665431434567466E-002
        1368   3.9665431434567466E-002
        1369   3.9665431434567466E-002
        1370   3.9665431434567466E-002
        1371   3.9665431434567466E-002
        1372   3.9665431434567466E-002
        1373   3.9665431434567466E-002
        1374   3.9665431434567466E-002
        1375   3.9665431434567466E-002
        1376   3.9665431434567466E-002
        1377   3.9665431434567466E-002
        1378   3.9665431434567466E-002
        1379   3.9665431434567466E-002
        1380   3.9665431434567466E-002
        1381   3.9665431434567466E-002
        1382   3.9665431434567466E-002
        1383   3.9665431434567466E-002
        1384   3.9665431434567466E-002
        1385   3.9665431434567466E-002
        1386   3.9665431434567466E-002
        1387   3.9665431434567466E-002
        1388   3.9665431434567466E-002
        1389   3.9665431434567466E-002
        1390   3.9665431434567466E-002
        1391   3.9665431434567466E-002
        1392   3.9665431434567466E-002
        1393   3.9665431434567466E-002
        1394   3.9665431434567466E-002
        1395   3.9665431434567466E-002
        1396   3.9665431434567466E-002
        1397   3.9665431434567466E-002
        1398   3.9665431434567466E-002
        1399   3.9665431434567466E-002
        1400   3.9665431434567466E-002
        1401   3.9665431434567466E-002
        1402   3.9665431434567466E-002
        1403   3.9665431434567466E-002
        1404   3.9665431434567466E-002
        1405   3.9665431434567466E-002
        1406   3.9665431434567466E-002
        1407   3.9665431434567466E-002
        1408   3.9665431434567466E-002
        1409   3.9665431434567466E-002
        1410   3.9665431434567466E-002
        1411   3.9665431434567466E-002
        1412   3.9665431434567466E-002
        1413   3.9665431434567466E-002
        1414   3.9665431434567466E-002
        1415   3.9665431434567466E-002
        1416   3.9665431434567466E-002
        1417   3.9665431434567466E-002
        1418   3.9665431434567466E-002
        1419   3.9665431434567466E-002
        1420   3.9665431434567466E-002
        1421   3.9665431434567466E-002
        1422   3.9665431434567466E-002
        1423   3.9665431434567466E-002
        1424   3.9665431434567466E-002
        1425   3.9665431434567466E-002
        1426   3.9665431434567466E-002
        1427   3.9665431434567466E-002
        1428   3.9665431434567466E-002
        1429   3.9665431434567466E-002
        1430   3.9665431434567466E-002
        1431   3.9665431434567466E-002
        1432   3.9665431434567466E-002
        1433   3.9665431434567466E-002
        1434   3.9665431434567466E-002
        1435   3.9665431434567466E-002
        1436   3.9665431434567466E-002
        1437   3.9665431434567466E-002
        1438   3.9665431434567466E-002
        1439   3.9665431434567466E-002
        1440   3.9665431434567466E-002
        1441   3.9665431434567466E-002
        1442   3.9665431434567466E-002
        1443   3.9665431434567466E-002
        1444   3.9665431434567466E-002
        1445   3.9665431434567466E-002
        1446   3.9665431434567466E-002
        1447   3.9665431434567466E-002
        1448   3.9665431434567466E-002
        1449   3.9665431434567466E-002
        1450   3.9665431434567466E-002
        1451   3.9665431434567466E-002
        1452   3.9665431434567466E-002
        1453   3.9665431434567466E-002
        1454   3.9665431434567466E-002
        1455   3.9665431434567466E-002
        1456   3.9665431434567466E-002
        1457   3.9665431434567466E-002
        1458   3.9665431434567466E-002
        1459   3.9665431434567466E-002
        1460   3.9665431434567466E-002
        1461   3.9665431434567466E-002
        1462   3.9665431434567466E-002
        1463   3.9665431434567466E-002
        1464   3.9665431434567466E-002
        1465   3.9665431434567466E-002
        1466   3.9665431434567466E-002
        1467   3.9665431434567466E-002
        1468   3.9665431434567466E-002
        1469   3.9665431434567466E-002
        1470   3.9665431434567466E-002
        1471   3.9665431434567466E-002
        1472   3.9665431434567466E-002
        1473   3.9665431434567466E-002
        1474   3.9665431434567466E-002
        1475   3.9665431434567466E-002
        1476   3.9665431434567466E-002
        1477   3.9665431434567466E-002
        1478   3.9665431434567466E-002
        1479   3.9665431434567466E-002
        1480   3.9665431434567466E-002
        1481   3.9665431434567466E-002
        1482   3.9665431434567466E-002
        1483   3.9665431434567466E-002
        1484   3.9665431434567466E-002
        1485   3.9665431434567466E-002
        1486   3.9665431434567466E-002
        1487   3.9665431434567466E-002
        1488   3.9665431434567466E-002
        1489   3.9665431434567466E-002
        1490   3.9665431434567466E-002
        1491   3.9665431434567466E-002
        1492   3.9665431434567466E-002
        1493   3.9665431434567466E-002
        1494   3.9665431434567466E-002
        1495   3.9665431434567466E-002
        1496   3.9665431434567466E-002
        1497   3.9665431434567466E-002
        1498   3.9665431434567466E-002
        1499   3.9665431434567466E-002
        1500   3.9665431434567466E-002
        1501   3.9665431434567466E-002
        1502   3.9665431434567466E-002
        1503   3.9665431434567466E-002
        1504   3.9665431434567466E-002
        1505   3.9665431434567466E-002
        1506   3.9665431434567466E-002
        1507   3.9665431434567466E-002
        1508   3.9665431434567466E-002
        1509   3.9665431434567466E-002
        1510   3.9665431434567466E-002
        1511   3.9665431434567466E-002
        1512   3.9665431434567466E-002
        1513   3.9665431434567466E-002
        1514   3.9665431434567466E-002
        1515   3.9665431434567466E-002
        1516   3.9665431434567466E-002
        1517   3.9665431434567466E-002
        1518   3.9665431434567466E-002
        1519   3.9665431434567466E-002
        1520   3.9665431434567466E-002
        1521   3.9665431434567466E-002
        1522   3.9665431434567466E-002
        1523   3.9665431434567466E-002
        1524   3.9665431434567466E-002
        1525   3.9665431434567466E-002
        1526   3.9665431434567466E-002
        1527   3.9665431434567466E-002
        1528   3.9665431434567466E-002
        1529   3.9665431434567466E-002
        1530   3.9665431434567466E-002
        1531   3.9665431434567466E-002
        1532   3.9665431434567466E-002
        1533   3.9665431434567466E-002
        1534   3.9665431434567466E-002
        1535   3.9665431434567466E-002
        1536   3.9665431434567466E-002
        1537   3.9665431434567466E-002
        1538   3.9665431434567466E-002
        1539   3.9665431434567466E-002
        1540   3.9665431434567466E-002
        1541   3.9665431434567466E-002
        1542   3.9665431434567466E-002
        1543   3.9665431434567466E-002
        1544   3.9665431434567466E-002
        1545   3.9665431434567466E-002
        1546   3.9665431434567466E-002
        1547   3.9665431434567466E-002
        1548   3.9665431434567466E-002
        1549   3.9665431434567466E-002
        1550   3.9665431434567466E-002
        1551   3.9665431434567466E-002
        1552   3.9665431434567466E-002
        1553   3.9665431434567466E-002
        1554   3.9665431434567466E-002
        1555   3.9665431434567466E-002
        1556   3.9665431434567466E-002
        1557   3.9665431434567466E-002
        1558   3.9665431434567466E-002
        1559   3.9665431434567466E-002
        1560   3.9665431434567466E-002
        1561   3.9665431434567466E-002
        1562   3.9665431434567466E-002
        1563   3.9665431434567466E-002
        1564   3.9665431434567466E-002
        1565   3.9665431434567466E-002
        1566   3.9665431434567466E-002
        1567   3.9665431434567466E-002
        1568   3.9665431434567466E-002
        1569   3.9665431434567466E-002
        1570   3.9665431434567466E-002
        1571   3.9665431434567466E-002
        1572   3.9665431434567466E-002
        1573   3.9665431434567466E-002
        1574   3.9665431434567466E-002
        1575   3.9665431434567466E-002
        1576   3.9665431434567466E-002
        1577   3.9665431434567466E-002
        1578   3.9665431434567466E-002
        1579   3.9665431434567466E-002
        1580   3.9665431434567466E-002
        1581   3.9665431434567466E-002
        1582   3.9665431434567466E-002
        1583   3.9665431434567466E-002
        1584   3.9665431434567466E-002
        1585   3.9665431434567466E-002
        1586   3.9665431434567466E-002
        1587   3.9665431434567466E-002
        1588   3.9665431434567466E-002
        1589   3.9665431434567466E-002
        1590   3.9665431434567466E-002
        1591   3.9665431434567466E-002
        1592   3.9665431434567466E-002
        1593   3.9665431434567466E-002
        1594   3.9665431434567466E-002
        1595   3.9665431434567466E-002
        1596   3.9665431434567466E-002
        1597   3.9665431434567466E-002
        1598   3.9665431434567466E-002
        1599   3.9665431434567466E-002
        1600   3.9665431434567466E-002
        1601   3.9665431434567466E-002
        1602   3.9665431434567466E-002
        1603   3.9665431434567466E-002
        1604   3.9665431434567466E-002
        1605   3.9665431434567466E-002
        1606   3.9665431434567466E-002
        1607   3.9665431434567466E-002
        1608   3.9665431434567466E-002
        1609   3.9665431434567466E-002
        1610   3.9665431434567466E-002
        1611   3.9665431434567466E-002
        1612   3.9665431434567466E-002
        1613   3.9665431434567466E-002
        1614   3.9665431434567466E-002
        1615   3.9665431434567466E-002
        1616   3.9665431434567466E-002
        1617   3.9665431434567466E-002
        1618   3.9665431434567466E-002
        1619   3.9665431434567466E-002
        1620   3.9665431434567466E-002
        1621   3.9665431434567466E-002
        1622   3.9665431434567466E-002
        1623   3.9665431434567466E-002
        1624   3.9665431434567466E-002
        1625   3.9665431434567466E-002
        1626   3.9665431434567466E-002
        1627   3.9665431434567466E-002
        1628   3.9665431434567466E-002
        1629   3.9665431434567466E-002
        1630   3.9665431434567466E-002
        1631   3.9665431434567466E-002
        1632   3.9665431434567466E-002
        1633   3.9665431434567466E-002
        1634   3.9665431434567466E-002
        1635   3.9665431434567466E-002
        1636   3.9665431434567466E-002
        1637   3.9665431434567466E-002
        1638   3.9665431434567466E-002
        1639   3.9665431434567466E-002
        1640   3.9665431434567466E-002
        1641   3.9665431434567466E-002
        1642   3.9665431434567466E-002
        1643   3.9665431434567466E-002
        1644   3.9665431434567466E-002
        1645   3.9665431434567466E-002
        1646   3.9665431434567466E-002
        1647   3.9665431434567466E-002
        1648   3.9665431434567466E-002
        1649   3.9665431434567466E-002
        1650   3.9665431434567466E-002
        1651   3.9665431434567466E-002
        1652   3.9665431434567466E-002
        1653   3.9665431434567466E-002
        1654   3.9665431434567466E-002
        1655   3.9665431434567466E-002
        1656   3.9665431434567466E-002
        1657   3.9665431434567466E-002
        1658   3.9665431434567466E-002
        1659   3.9665431434567466E-002
        1660   3.9665431434567466E-002
        1661   3.9665431434567466E-002
        1662   3.9665431434567466E-002
        1663   3.9665431434567466E-002
        1664   3.9665431434567466E-002
        1665   3.9665431434567466E-002
        1666   3.9665431434567466E-002
        1667   3.9665431434567466E-002
        1668   3.9665431434567466E-002
        1669   3.9665431434567466E-002
        1670   3.9665431434567466E-002
        1671   3.9665431434567466E-002
        1672   3.9665431434567466E-002
        1673   3.9665431434567466E-002
        1674   3.9665431434567466E-002
        1675   3.9665431434567466E-002
        1676   3.9665431434567466E-002
        1677   3.9665431434567466E-002
        1678   3.9665431434567466E-002
        1679   3.9665431434567466E-002
        1680   3.9665431434567466E-002
        1681   3.9665431434567466E-002
        1682   3.9665431434567466E-002
        1683   3.9665431434567466E-002
        1684   3.9665431434567466E-002
        1685   3.9665431434567466E-002
        1686   3.9665431434567466E-002
        1687   3.9665431434567466E-002
        1688   3.9665431434567466E-002
        1689   3.9665431434567466E-002
        1690   3.9665431434567466E-002
        1691   3.9665431434567466E-002
        1692   3.9665431434567466E-002
        1693   3.9665431434567466E-002
        1694   3.9665431434567466E-002
        1695   3.9665431434567466E-002
        1696   3.9665431434567466E-002
        1697   3.9665431434567466E-002
        1698   3.9665431434567466E-002
        1699   3.9665431434567466E-002
        1700   3.9665431434567466E-002
        1701   3.9665431434567466E-002
        1702   3.9665431434567466E-002
        1703   3.9665431434567466E-002
        1704   3.9665431434567466E-002
        1705   3.9665431434567466E-002
        1706   3.9665431434567466E-002
        1707   3.9665431434567466E-002
        1708   3.9665431434567466E-002
        1709   3.9665431434567466E-002
        1710   3.9665431434567466E-002
        1711   3.9665431434567466E-002
        1712   3.9665431434567466E-002
        1713   3.9665431434567466E-002
        1714   3.9665431434567466E-002
        1715   3.9665431434567466E-002
        1716   3.9665431434567466E-002
        1717   3.9665431434567466E-002
        1718   3.9665431434567466E-002
        1719   3.9665431434567466E-002
        1720   3.9665431434567466E-002
        1721   3.9665431434567466E-002
        1722   3.9665431434567466E-002
        1723   3.9665431434567466E-002
        1724   3.9665431434567466E-002
        1725   3.9665431434567466E-002
        1726   3.9665431434567466E-002
        1727   3.9665431434567466E-002
        1728   3.9665431434567466E-002
        1729   3.9665431434567466E-002
        1730   3.9665431434567466E-002
        1731   3.9665431434567466E-002
        1732   3.9665431434567466E-002
        1733   3.9665431434567466E-002
        1734   3.9665431434567466E-002
        1735   3.9665431434567466E-002
        1736   3.9665431434567466E-002
        1737   3.9665431434567466E-002
        1738   3.9665431434567466E-002
        1739   3.9665431434567466E-002
        1740   3.9665431434567466E-002
        1741   3.9665431434567466E-002
        1742   3.9665431434567466E-002
        1743   3.9665431434567466E-002
        1744   3.9665431434567466E-002
        1745   3.9665431434567466E-002
        1746   3.9665431434567466E-002
        1747   3.9665431434567466E-002
        1748   3.9665431434567466E-002
        1749   3.9665431434567466E-002
        1750   3.9665431434567466E-002
        1751   3.9665431434567466E-002
        1752   3.9665431434567466E-002
        1753   3.9665431434567466E-002
        1754   3.9665431434567466E-002
        1755   3.9665431434567466E-002
        1756   3.9665431434567466E-002
        1757   3.9665431434567466E-002
        1758   3.9665431434567466E-002
        1759   3.9665431434567466E-002
        1760   3.9665431434567466E-002
        1761   3.9665431434567466E-002
        1762   3.9665431434567466E-002
        1763   3.9665431434567466E-002
        1764   3.9665431434567466E-002
        1765   3.9665431434567466E-002
        1766   3.9665431434567466E-002
        1767   3.9665431434567466E-002
        1768   3.9665431434567466E-002
        1769   3.9665431434567466E-002
        1770   3.9665431434567466E-002
        1771   3.9665431434567466E-002
        1772   3.9665431434567466E-002
        1773   3.9665431434567466E-002
        1774   3.9665431434567466E-002
        1775   3.9665431434567466E-002
        1776   3.9665431434567466E-002
        1777   3.9665431434567466E-002
        1778   3.9665431434567466E-002
        1779   3.9665431434567466E-002
        1780   3.9665431434567466E-002
        1781   3.9665431434567466E-002
        1782   3.9665431434567466E-002
        1783   3.9665431434567466E-002
        1784   3.9665431434567466E-002
        1785   3.9665431434567466E-002
        1786   3.9665431434567466E-002
        1787   3.9665431434567466E-002
        1788   3.9665431434567466E-002
        1789   3.9665431434567466E-002
        1790   3.9665431434567466E-002
        1791   3.9665431434567466E-002
        1792   3.9665431434567466E-002
        1793   3.9665431434567466E-002
        1794   3.9665431434567466E-002
        1795   3.9665431434567466E-002
        1796   3.9665431434567466E-002
        1797   3.9665431434567466E-002
        1798   3.9665431434567466E-002
        1799   3.9665431434567466E-002
        1800   3.9665431434567466E-002
        1801   3.9665431434567466E-002
        1802   3.9665431434567466E-002
        1803   3.9665431434567466E-002
        1804   3.9665431434567466E-002
        1805   3.9665431434567466E-002
        1806   3.9665431434567466E-002
        1807   3.9665431434567466E-002
        1808   3.9665431434567466E-002
        1809   3.9665431434567466E-002
        1810   3.9665431434567466E-002
        1811   3.9665431434567466E-002
        1812   3.9665431434567466E-002
        1813   3.9665431434567466E-002
        1814   3.9665431434567466E-002
        1815   3.9665431434567466E-002
        1816   3.9665431434567466E-002
        1817   3.9665431434567466E-002
        1818   3.9665431434567466E-002
        1819   3.9665431434567466E-002
        1820   3.9665431434567466E-002
        1821   3.9665431434567466E-002
        1822   3.9665431434567466E-002
        1823   3.9665431434567466E-002
        1824   3.9665431434567466E-002
        1825   3.9665431434567466E-002
        1826   3.9665431434567466E-002
        1827   3.9665431434567466E-002
        1828   3.9665431434567466E-002
        1829   3.9665431434567466E-002
        1830   3.9665431434567466E-002
        1831   3.9665431434567466E-002
        1832   3.9665431434567466E-002
        1833   3.9665431434567466E-002
        1834   3.9665431434567466E-002
        1835   3.9665431434567466E-002
        1836   3.9665431434567466E-002
        1837   3.9665431434567466E-002
        1838   3.9665431434567466E-002
        1839   3.9665431434567466E-002
        1840   3.9665431434567466E-002
        1841   3.9665431434567466E-002
        1842   3.9665431434567466E-002
        1843   3.9665431434567466E-002
        1844   3.9665431434567466E-002
        1845   3.9665431434567466E-002
        1846   3.9665431434567466E-002
        1847   3.9665431434567466E-002
        1848   3.9665431434567466E-002
        1849   3.9665431434567466E-002
        1850   3.9665431434567466E-002
        1851   3.9665431434567466E-002
        1852   3.9665431434567466E-002
        1853   3.9665431434567466E-002
        1854   3.9665431434567466E-002
        1855   3.9665431434567466E-002
        1856   3.9665431434567466E-002
        1857   3.9665431434567466E-002
        1858   3.9665431434567466E-002
        1859   3.9665431434567466E-002
        1860   3.9665431434567466E-002
        1861   3.9665431434567466E-002
        1862   3.9665431434567466E-002
        1863   3.9665431434567466E-002
        1864   3.9665431434567466E-002
        1865   3.9665431434567466E-002
        1866   3.9665431434567466E-002
        1867   3.9665431434567466E-002
        1868   3.9665431434567466E-002
        1869   3.9665431434567466E-002
        1870   3.9665431434567466E-002
        1871   3.9665431434567466E-002
        1872   3.9665431434567466E-002
        1873   3.9665431434567466E-002
        1874   3.9665431434567466E-002
        1875   3.9665431434567466E-002
        1876   3.9665431434567466E-002
        1877   3.9665431434567466E-002
        1878   3.9665431434567466E-002
        1879   3.9665431434567466E-002
        1880   3.9665431434567466E-002
        1881   3.9665431434567466E-002
        1882   3.9665431434567466E-002
        1883   3.9665431434567466E-002
        1884   3.9665431434567466E-002
        1885   3.9665431434567466E-002
        1886   3.9665431434567466E-002
        1887   3.9665431434567466E-002
        1888   3.9665431434567466E-002
        1889   3.9665431434567466E-002
        1890   3.9665431434567466E-002
        1891   3.9665431434567466E-002
        1892   3.9665431434567466E-002
        1893   3.9665431434567466E-002
        1894   3.9665431434567466E-002
        1895   3.9665431434567466E-002
        1896   3.9665431434567466E-002
        1897   3.9665431434567466E-002
        1898   3.9665431434567466E-002
        1899   3.9665431434567466E-002
        1900   3.9665431434567466E-002
        1901   3.9665431434567466E-002
        1902   3.9665431434567466E-002
        1903   3.9665431434567466E-002
        1904   3.9665431434567466E-002
        1905   3.9665431434567466E-002
        1906   3.9665431434567466E-002
        1907   3.9665431434567466E-002
        1908   3.9665431434567466E-002
        1909   3.9665431434567466E-002
        1910   3.9665431434567466E-002
        1911   3.9665431434567466E-002
        1912   3.9665431434567466E-002
        1913   3.9665431434567466E-002
        1914   3.9665431434567466E-002
        1915   3.9665431434567466E-002
        1916   3.9665431434567466E-002
        1917   3.9665431434567466E-002
        1918   3.9665431434567466E-002
        1919   3.9665431434567466E-002
        1920   3.9665431434567466E-002
        1921   3.9665431434567466E-002
        1922   3.9665431434567466E-002
        1923   3.9665431434567466E-002
        1924   3.9665431434567466E-002
        1925   3.9665431434567466E-002
        1926   3.9665431434567466E-002
        1927   3.9665431434567466E-002
        1928   3.9665431434567466E-002
        1929   3.9665431434567466E-002
        1930   3.9665431434567466E-002
        1931   3.9665431434567466E-002
        1932   3.9665431434567466E-002
        1933   3.9665431434567466E-002
        1934   3.9665431434567466E-002
        1935   3.9665431434567466E-002
        1936   3.9665431434567466E-002
        1937   3.9665431434567466E-002
        1938   3.9665431434567466E-002
        1939   3.9665431434567466E-002
        1940   3.9665431434567466E-002
        1941   3.9665431434567466E-002
        1942   3.9665431434567466E-002
        1943   3.9665431434567466E-002
        1944   3.9665431434567466E-002
        1945   3.9665431434567466E-002
        1946   3.9665431434567466E-002
        1947   3.9665431434567466E-002
        1948   3.9665431434567466E-002
        1949   3.9665431434567466E-002
        1950   3.9665431434567466E-002
        1951   3.9665431434567466E-002
        1952   3.9665431434567466E-002
        1953   3.9665431434567466E-002
        1954   3.9665431434567466E-002
        1955   3.9665431434567466E-002
        1956   3.9665431434567466E-002
        1957   3.9665431434567466E-002
        1958   3.9665431434567466E-002
        1959   3.9665431434567466E-002
        1960   3.9665431434567466E-002
        1961   3.9665431434567466E-002
        1962   3.9665431434567466E-002
        1963   3.9665431434567466E-002
        1964   3.9665431434567466E-002
        1965   3.9665431434567466E-002
        1966   3.9665431434567466E-002
        1967   3.9665431434567466E-002
        1968   3.9665431434567466E-002
        1969   3.9665431434567466E-002
        1970   3.9665431434567466E-002
        1971   3.9665431434567466E-002
        1972   1.9832715717283733E-002
        1973   1.9832715717283733E-002
        1974   1.9832715717283733E-002
        1975   1.9832715717283733E-002
        1976   1.9832715717283733E-002
        1977   1.9832715717283733E-002
        1978   1.9832715717283733E-002
        1979   1.9832715717283733E-002
        1980   1.9832715717283733E-002
        1981   1.9832715717283733E-002
        1982   1.9832715717283733E-002
        1983   1.9832715717283733E-002
        1984   1.9832715717283733E-002
        1985   1.9832715717283733E-002
        1986   1.9832715717283733E-002
        1987   1.9832715717283733E-002
        1988   1.9832715717283733E-002
        1989   1.9832715717283733E-002
        1990   1.9832715717283733E-002
        1991   1.9832715717283733E-002
        1992   1.9832715717283733E-002
        1993   1.9832715717283733E-002
        1994   1.9832715717283733E-002
        1995   1.9832715717283733E-002
        1996   1.9832715717283733E-002
        1997   1.9832715717283733E-002
        1998   1.9832715717283733E-002
        1999   1.9832715717283733E-002
        2000   1.9832715717283733E-002
        2001   1.9832715717283733E-002
        2002   1.9832715717283733E-002
        2003   1.9832715717283733E-002
        2004   1.9832715717283733E-002
        2005   1.9832715717283733E-002
        2006   1.9832715717283733E-002
        2007   1.9832715717283733E-002
        2008   1.9832715717283733E-002
        2009   1.9832715717283733E-002
        2010   1.9832715717283733E-002
        2011   1.9832715717283733E-002
        2012   1.9832715717283733E-002
        2013   1.9832715717283733E-002
        2014   1.9832715717283733E-002
        2015   1.9832715717283733E-002
        2016   1.9832715717283733E-002
        2017   1.9832715717283733E-002
        2018   1.9832715717283733E-002
        2019   1.9832715717283733E-002
        2020   1.9832715717283733E-002
        2021   1.9832715717283733E-002
        2022   1.9832715717283733E-002
        2023   1.9832715717283733E-002
        2024   1.9832715717283733E-002
        2025   1.9832715717283733E-002
        2026   1.9832715717283733E-002
        2027   1.9832715717283733E-002
        2028   0.0000000000000000     
