           1   5.5990830431057468     
           2   5.5990830431057468     
           3   5.5990830431057468     
           4   5.5990830431057468     
           5   5.5990830431057468     
           6   5.5990830431057468     
           7   5.1950213755689116     
           8   5.1950213755689116     
           9   5.1013606922744854     
          10   5.1013606922744854     
          11   5.1013606922744854     
          12   1.1780274927131149     
          13   1.1780274927131149     
          14   1.1780274927131149     
          15   1.1780274927131149     
          16   1.1780274927131149     
          17   1.1780274927131149     
          18   1.1780274927131149     
          19   1.1780274927131149     
          20   1.1780274927131149     
          21   1.1780274927131149     
          22   1.1780274927131149     
          23   1.1780274927131149     
          24   1.1780274927131149     
          25   1.1780274927131149     
          26   1.1780274927131149     
          27   1.1780274927131149     
          28   1.1780274927131149     
          29   1.1780274927131149     
          30   1.1780274927131149     
          31   1.1780274927131149     
          32   1.1780274927131149     
          33   1.1780274927131149     
          34   1.1780274927131149     
          35   1.1780274927131149     
          36   1.1780274927131149     
          37   1.1780274927131149     
          38   1.1780274927131149     
          39   1.1780274927131149     
          40   1.1780274927131149     
          41   1.1780274927131149     
          42   1.1780274927131149     
          43   1.1780274927131149     
          44   1.1780274927131149     
          45   1.1780274927131149     
          46   1.1780274927131149     
          47   1.1780274927131149     
          48   1.1780274927131149     
          49   1.1780274927131149     
          50   1.1780274927131149     
          51   1.1780274927131149     
          52   1.1780274927131149     
          53   1.1780274927131149     
          54   1.1780274927131149     
          55   1.1780274927131149     
          56   1.1780274927131149     
          57   1.1780274927131149     
          58   1.1780274927131149     
          59   1.1780274927131149     
          60   1.1780274927131149     
          61   1.1780274927131149     
          62   1.1780274927131149     
          63   1.1780274927131149     
          64   1.1780274927131149     
          65   1.1780274927131149     
          66   1.1780274927131149     
          67   1.1780274927131149     
          68   1.1780274927131149     
          69   1.1780274927131149     
          70   1.1780274927131149     
          71   1.1780274927131149     
          72   1.1780274927131149     
          73   1.1780274927131149     
          74   1.1780274927131149     
          75   1.1780274927131149     
          76   1.1780274927131149     
          77   1.1780274927131149     
          78   1.1780274927131149     
          79   1.1780274927131149     
          80   1.1780274927131149     
          81   1.1780274927131149     
          82   1.1780274927131149     
          83   1.1780274927131149     
          84   1.1780274927131149     
          85   1.1780274927131149     
          86   1.1780274927131149     
          87   1.1780274927131149     
          88   1.1780274927131149     
          89   1.1780274927131149     
          90   1.1780274927131149     
          91   1.1780274927131149     
          92   1.1780274927131149     
          93   1.1780274927131149     
          94   1.1780274927131149     
          95   1.1780274927131149     
          96   1.1780274927131149     
          97   1.1780274927131149     
          98   1.1780274927131149     
          99   1.1780274927131149     
         100   1.1780274927131149     
         101   1.1780274927131149     
         102   1.1780274927131149     
         103   1.1780274927131149     
         104   1.1780274927131149     
         105   1.1780274927131149     
         106   1.1780274927131149     
         107   1.1780274927131149     
         108   1.1780274927131149     
         109   1.1780274927131149     
         110   1.1780274927131149     
         111   1.1780274927131149     
         112   1.1780274927131149     
         113   1.1780274927131149     
         114   1.1780274927131149     
         115   1.1780274927131149     
         116   1.1780274927131149     
         117   1.1780274927131149     
         118   1.1780274927131149     
         119   1.1780274927131149     
         120   1.0196654314345679     
         121   1.0196654314345679     
         122   1.0196654314345679     
         123   1.0196654314345679     
         124   1.0196654314345679     
         125   1.0196654314345679     
         126   1.0196654314345679     
         127   1.0196654314345679     
         128   1.0196654314345679     
         129   1.0196654314345679     
         130   1.0196654314345679     
         131   1.0196654314345679     
         132   1.0196654314345679     
         133   1.0196654314345679     
         134   1.0196654314345679     
         135   1.0196654314345679     
         136   1.0196654314345679     
         137   1.0196654314345679     
         138   1.0196654314345679     
         139   1.0196654314345679     
         140   1.0196654314345679     
         141   1.0196654314345679     
         142   1.0196654314345679     
         143   1.0196654314345679     
         144   1.0000000000000000     
         145   1.0000000000000000     
         146   1.0000000000000000     
         147   1.0000000000000000     
         148   1.0000000000000000     
         149   1.0000000000000000     
         150   1.0000000000000000     
         151   1.0000000000000000     
         152   1.0000000000000000     
         153   1.0000000000000000     
         154   1.0000000000000000     
         155   1.0000000000000000     
         156   1.0000000000000000     
         157   1.0000000000000000     
         158   1.0000000000000000     
         159   1.0000000000000000     
         160   1.0000000000000000     
         161   1.0000000000000000     
         162   1.0000000000000000     
         163   1.0000000000000000     
         164   1.0000000000000000     
         165   1.0000000000000000     
         166   1.0000000000000000     
         167   1.0000000000000000     
         168   1.0000000000000000     
         169   1.0000000000000000     
         170   1.0000000000000000     
         171   1.0000000000000000     
         172   1.0000000000000000     
         173   1.0000000000000000     
         174   1.0000000000000000     
         175   1.0000000000000000     
         176   1.0000000000000000     
         177  0.99983271571728416     
         178  0.99983271571728416     
         179  0.99983271571728416     
         180  0.99983271571728416     
         181  0.99983271571728416     
         182  0.99983271571728416     
         183  0.99983271571728416     
         184  0.99983271571728416     
         185  0.99983271571728416     
         186  0.99983271571728416     
         187  0.99983271571728416     
         188  0.99983271571728416     
         189  0.99983271571728416     
         190  0.99983271571728416     
         191  0.99983271571728416     
         192  0.99983271571728416     
         193  0.99983271571728416     
         194  0.99983271571728416     
         195  0.99983271571728416     
         196  0.99983271571728416     
         197  0.99983271571728416     
         198  0.99983271571728416     
         199  0.99983271571728416     
         200  0.99983271571728416     
         201  0.99983271571728416     
         202  0.99983271571728416     
         203  0.99983271571728416     
         204  0.99983271571728416     
         205  0.99983271571728416     
         206  0.99983271571728416     
         207  0.99983271571728416     
         208  0.99983271571728416     
         209  0.99983271571728416     
         210  0.99983271571728416     
         211  0.99983271571728416     
         212  0.99983271571728416     
         213  0.99983271571728416     
         214  0.99983271571728416     
         215  0.99983271571728416     
         216  0.99983271571728416     
         217  0.99983271571728416     
         218  0.99983271571728416     
         219  0.99983271571728416     
         220  0.99983271571728416     
         221  0.99983271571728416     
         222  0.99983271571728416     
         223  0.99983271571728416     
         224  0.99983271571728416     
         225  0.99983271571728416     
         226  0.99983271571728416     
         227  0.99983271571728416     
         228  0.99983271571728416     
         229  0.99983271571728416     
         230  0.99983271571728416     
         231  0.99983271571728416     
         232  0.99983271571728416     
         233  0.99983271571728416     
         234  0.99983271571728416     
         235  0.99983271571728416     
         236  0.99983271571728416     
         237  0.99983271571728416     
         238  0.99983271571728416     
         239  0.99983271571728416     
         240  0.99983271571728416     
         241  0.99983271571728416     
         242  0.99983271571728416     
         243  0.99983271571728416     
         244  0.99983271571728416     
         245  0.99983271571728416     
         246  0.99983271571728416     
         247  0.99983271571728416     
         248  0.99983271571728416     
         249  0.99983271571728416     
         250  0.99983271571728416     
         251  0.99983271571728416     
         252  0.99983271571728416     
         253  0.99983271571728416     
         254  0.99983271571728416     
         255  0.99983271571728416     
         256  0.99983271571728416     
         257  0.99983271571728416     
         258  0.99983271571728416     
         259  0.99983271571728416     
         260  0.99983271571728416     
         261  0.99983271571728416     
         262  0.99983271571728416     
         263  0.99983271571728416     
         264  0.99983271571728416     
         265  0.99983271571728416     
         266  0.99983271571728416     
         267  0.99983271571728416     
         268  0.99983271571728416     
         269  0.99983271571728416     
         270  0.99983271571728416     
         271  0.99983271571728416     
         272  0.99983271571728416     
         273  0.99983271571728416     
         274  0.99983271571728416     
         275  0.99983271571728416     
         276  0.99983271571728416     
         277  0.99983271571728416     
         278  0.99983271571728416     
         279  0.99983271571728416     
         280  0.99983271571728416     
         281  0.99983271571728416     
         282  0.99983271571728416     
         283  0.99983271571728416     
         284  0.99983271571728416     
         285  0.99983271571728416     
         286  0.99983271571728416     
         287  0.99983271571728416     
         288  0.99983271571728416     
         289  0.99983271571728416     
         290  0.99983271571728416     
         291  0.99983271571728416     
         292  0.99983271571728416     
         293  0.99983271571728416     
         294  0.99983271571728416     
         295  0.99983271571728416     
         296  0.99983271571728416     
         297  0.99983271571728416     
         298  0.99983271571728416     
         299  0.99983271571728416     
         300  0.99983271571728416     
         301  0.99983271571728416     
         302  0.99983271571728416     
         303  0.99983271571728416     
         304  0.99983271571728416     
         305  0.99983271571728416     
         306  0.99983271571728416     
         307  0.99983271571728416     
         308  0.99983271571728416     
         309  0.99983271571728416     
         310  0.99983271571728416     
         311  0.99983271571728416     
         312  0.99983271571728416     
         313  0.99983271571728416     
         314  0.99983271571728416     
         315  0.99983271571728416     
         316  0.99983271571728416     
         317  0.99983271571728416     
         318  0.99983271571728416     
         319  0.99983271571728416     
         320  0.99983271571728416     
         321  0.99983271571728416     
         322  0.99983271571728416     
         323  0.99983271571728416     
         324  0.99983271571728416     
         325  0.99983271571728416     
         326  0.99983271571728416     
         327  0.99983271571728416     
         328  0.99983271571728416     
         329  0.99983271571728416     
         330  0.99983271571728416     
         331  0.99983271571728416     
         332  0.99983271571728416     
         333  0.99983271571728416     
         334  0.99983271571728416     
         335  0.99983271571728416     
         336  0.99983271571728416     
         337  0.99983271571728416     
         338  0.99983271571728416     
         339  0.99983271571728416     
         340  0.99983271571728416     
         341  0.99983271571728416     
         342  0.99983271571728416     
         343  0.99983271571728416     
         344  0.99983271571728416     
         345  0.99983271571728416     
         346  0.99983271571728416     
         347  0.99983271571728416     
         348  0.99983271571728416     
         349  0.99983271571728416     
         350  0.99983271571728416     
         351  0.99983271571728416     
         352  0.99983271571728416     
         353  0.99983271571728416     
         354  0.99983271571728416     
         355  0.99983271571728416     
         356  0.99983271571728416     
         357  0.99983271571728416     
         358  0.99983271571728416     
         359  0.99983271571728416     
         360  0.99983271571728416     
         361  0.99983271571728416     
         362  0.99983271571728416     
         363  0.99983271571728416     
         364  0.99983271571728416     
         365  0.99983271571728416     
         366  0.99983271571728416     
         367  0.99983271571728416     
         368  0.99983271571728416     
         369  0.99983271571728416     
         370  0.99983271571728416     
         371  0.99983271571728416     
         372  0.99983271571728416     
         373  0.99983271571728416     
         374  0.99983271571728416     
         375  0.99983271571728416     
         376  0.99983271571728416     
         377  0.99983271571728416     
         378  0.99983271571728416     
         379  0.99983271571728416     
         380  0.99983271571728416     
         381  0.99983271571728416     
         382  0.99983271571728416     
         383  0.99983271571728416     
         384  0.99983271571728416     
         385  0.99983271571728416     
         386  0.99983271571728416     
         387  0.99983271571728416     
         388  0.99983271571728416     
         389  0.99983271571728416     
         390  0.99983271571728416     
         391  0.99983271571728416     
         392  0.99983271571728416     
         393  0.99983271571728416     
         394  0.99983271571728416     
         395  0.99983271571728416     
         396  0.99983271571728416     
         397  0.99983271571728416     
         398  0.99983271571728416     
         399  0.99983271571728416     
         400  0.99983271571728416     
         401  0.99983271571728416     
         402  0.99983271571728416     
         403  0.99983271571728416     
         404  0.99983271571728416     
         405  0.99983271571728416     
         406  0.99983271571728416     
         407  0.99983271571728416     
         408  0.99983271571728416     
         409  0.99983271571728416     
         410  0.99983271571728416     
         411  0.99983271571728416     
         412  0.99983271571728416     
         413  0.99983271571728416     
         414  0.99983271571728416     
         415  0.99983271571728416     
         416  0.99983271571728416     
         417  0.99983271571728416     
         418  0.99983271571728416     
         419  0.99983271571728416     
         420  0.99983271571728416     
         421  0.99983271571728416     
         422  0.99983271571728416     
         423  0.99983271571728416     
         424  0.99983271571728416     
         425  0.99983271571728416     
         426  0.99983271571728416     
         427  0.99983271571728416     
         428  0.99983271571728416     
         429  0.99983271571728416     
         430  0.99983271571728416     
         431  0.99983271571728416     
         432  0.99983271571728416     
         433  0.99983271571728416     
         434  0.99983271571728416     
         435  0.99983271571728416     
         436  0.99983271571728416     
         437  0.99983271571728416     
         438  0.99983271571728416     
         439  0.99983271571728416     
         440  0.99983271571728416     
         441  0.99983271571728416     
         442  0.99983271571728416     
         443  0.99983271571728416     
         444  0.99983271571728416     
         445  0.99983271571728416     
         446  0.99983271571728416     
         447  0.99983271571728416     
         448  0.99983271571728416     
         449  0.99983271571728416     
         450  0.99983271571728416     
         451  0.99983271571728416     
         452  0.99983271571728416     
         453  0.99983271571728416     
         454  0.99983271571728416     
         455  0.99983271571728416     
         456  0.99983271571728416     
         457  0.99983271571728416     
         458  0.99983271571728416     
         459  0.99983271571728416     
         460  0.99983271571728416     
         461  0.99983271571728416     
         462  0.39502137556890737     
         463  0.39502137556890737     
         464  0.39502137556890737     
         465  0.39502137556890737     
         466  0.39502137556890737     
         467  0.39502137556890737     
         468  0.39502137556890737     
         469  0.39502137556890737     
         470  0.39502137556890737     
         471  0.39502137556890737     
         472  0.39502137556890737     
         473  0.39502137556890737     
         474   7.9252986855218310E-002
         475   7.9252986855218310E-002
         476   7.9252986855218310E-002
         477   7.9252986855218310E-002
         478   7.9252986855218310E-002
         479   7.9252986855218310E-002
         480   7.9252986855218310E-002
         481   7.9252986855218310E-002
         482   7.9252986855218310E-002
         483   7.9252986855218310E-002
         484   7.9252986855218310E-002
         485   7.9252986855218310E-002
         486   7.9252986855218310E-002
         487   7.9252986855218310E-002
         488   7.9252986855218310E-002
         489   7.9252986855218310E-002
         490   7.9252986855218310E-002
         491   7.9252986855218310E-002
         492   7.9252986855218310E-002
         493   7.9252986855218310E-002
         494   7.9252986855218310E-002
         495   7.9252986855218310E-002
         496   7.9252986855218310E-002
         497   7.9252986855218310E-002
         498   7.9252986855218310E-002
         499   7.9252986855218310E-002
         500   7.9252986855218310E-002
         501   7.9252986855218310E-002
         502   7.9252986855218310E-002
         503   7.9252986855218310E-002
         504   7.9252986855218310E-002
         505   7.9252986855218310E-002
         506   7.9252986855218310E-002
         507   7.9252986855218310E-002
         508   7.9252986855218310E-002
         509   7.9252986855218310E-002
         510   7.9252986855218310E-002
         511   7.9252986855218310E-002
         512   7.9252986855218310E-002
         513   7.9252986855218310E-002
         514   7.9252986855218310E-002
         515   7.9252986855218310E-002
         516   7.9252986855218310E-002
         517   7.9252986855218310E-002
         518   7.9252986855218310E-002
         519   7.9252986855218310E-002
         520   7.9252986855218310E-002
         521   7.9252986855218310E-002
         522   7.9252986855218310E-002
         523   7.9252986855218310E-002
         524   7.9252986855218310E-002
         525   7.9252986855218310E-002
         526   7.9252986855218310E-002
         527   7.9252986855218310E-002
         528   7.9252986855218310E-002
         529   7.9252986855218310E-002
         530   7.9252986855218310E-002
         531   7.9252986855218310E-002
         532   7.9252986855218310E-002
         533   7.9252986855218310E-002
         534   7.9252986855218310E-002
         535   7.9252986855218310E-002
         536   7.9252986855218310E-002
         537   7.9252986855218310E-002
         538   7.9252986855218310E-002
         539   7.9252986855218310E-002
         540   7.9252986855218310E-002
         541   7.9252986855218310E-002
         542   7.9252986855218310E-002
         543   7.9252986855218310E-002
         544   7.9252986855218310E-002
         545   7.9252986855218310E-002
         546   7.9252986855218310E-002
         547   7.9252986855218310E-002
         548   7.9252986855218310E-002
         549   7.9252986855218310E-002
         550   7.9252986855218310E-002
         551   7.9252986855218310E-002
         552   7.9252986855218310E-002
         553   7.9252986855218310E-002
         554   7.9252986855218310E-002
         555   7.9252986855218310E-002
         556   7.9252986855218310E-002
         557   7.9252986855218310E-002
         558   7.9252986855218310E-002
         559   7.9252986855218310E-002
         560   7.9252986855218310E-002
         561   7.9252986855218310E-002
         562   7.9252986855218310E-002
         563   7.9252986855218310E-002
         564   7.9252986855218310E-002
         565   7.9252986855218310E-002
         566   7.9252986855218310E-002
         567   7.9252986855218310E-002
         568   7.9252986855218310E-002
         569   7.9252986855218310E-002
         570   7.9252986855218310E-002
         571   7.9252986855218310E-002
         572   7.9252986855218310E-002
         573   7.9252986855218310E-002
         574   7.9252986855218310E-002
         575   7.9252986855218310E-002
         576   7.9252986855218310E-002
         577   7.9252986855218310E-002
         578   7.9252986855218310E-002
         579   7.9252986855218310E-002
         580   7.9252986855218310E-002
         581   7.9252986855218310E-002
         582   7.9252986855218310E-002
         583   7.9252986855218310E-002
         584   7.9252986855218310E-002
         585   7.9252986855218310E-002
         586   7.9252986855218310E-002
         587   7.9252986855218310E-002
         588   7.9252986855218310E-002
         589   7.9252986855218310E-002
         590   7.9252986855218310E-002
         591   7.9252986855218310E-002
         592   7.9252986855218310E-002
         593   7.9252986855218310E-002
         594   7.9252986855218310E-002
         595   7.9252986855218310E-002
         596   7.9252986855218310E-002
         597   7.9252986855218310E-002
         598   7.9252986855218310E-002
         599   7.9252986855218310E-002
         600   7.9252986855218310E-002
         601   7.9252986855218310E-002
         602   7.9252986855218310E-002
         603   7.9252986855218310E-002
         604   7.9252986855218310E-002
         605   7.9252986855218310E-002
         606   7.9252986855218310E-002
         607   7.9252986855218310E-002
         608   7.9252986855218310E-002
         609   7.9252986855218310E-002
         610   7.9252986855218310E-002
         611   7.9252986855218310E-002
         612   7.9252986855218310E-002
         613   7.9252986855218310E-002
         614   7.9252986855218310E-002
         615   7.9252986855218310E-002
         616   7.9252986855218310E-002
         617   7.9252986855218310E-002
         618   7.9252986855218310E-002
         619   7.9252986855218310E-002
         620   7.9252986855218310E-002
         621   7.9252986855218310E-002
         622   7.9252986855218310E-002
         623   7.9252986855218310E-002
         624   7.9252986855218310E-002
         625   7.9252986855218310E-002
         626   7.9252986855218310E-002
         627   7.9252986855218310E-002
         628   7.9252986855218310E-002
         629   7.9252986855218310E-002
         630   7.9252986855218310E-002
         631   7.9252986855218310E-002
         632   7.9252986855218310E-002
         633   7.9252986855218310E-002
         634   7.9252986855218310E-002
         635   7.9252986855218310E-002
         636   7.9252986855218310E-002
         637   7.9252986855218310E-002
         638   7.9252986855218310E-002
         639   7.9252986855218310E-002
         640   7.9252986855218310E-002
         641   7.9252986855218310E-002
         642   3.9665431434567466E-002
         643   3.9665431434567466E-002
         644   3.9665431434567466E-002
         645   3.9665431434567466E-002
         646   3.9665431434567466E-002
         647   3.9665431434567466E-002
         648   3.9665431434567466E-002
         649   3.9665431434567466E-002
         650   3.9665431434567466E-002
         651   3.9665431434567466E-002
         652   3.9665431434567466E-002
         653   3.9665431434567466E-002
         654   3.9665431434567466E-002
         655   3.9665431434567466E-002
         656   3.9665431434567466E-002
         657   3.9665431434567466E-002
         658   3.9665431434567466E-002
         659   3.9665431434567466E-002
         660   3.9665431434567466E-002
         661   3.9665431434567466E-002
         662   3.9665431434567466E-002
         663   3.9665431434567466E-002
         664   3.9665431434567466E-002
         665   3.9665431434567466E-002
         666   3.9665431434567466E-002
         667   3.9665431434567466E-002
         668   3.9665431434567466E-002
         669   3.9665431434567466E-002
         670   3.9665431434567466E-002
         671   3.9665431434567466E-002
         672   3.9665431434567466E-002
         673   3.9665431434567466E-002
         674   3.9665431434567466E-002
         675   3.9665431434567466E-002
         676   3.9665431434567466E-002
         677   3.9665431434567466E-002
         678   3.9665431434567466E-002
         679   3.9665431434567466E-002
         680   3.9665431434567466E-002
         681   3.9665431434567466E-002
         682   3.9665431434567466E-002
         683   3.9665431434567466E-002
         684   3.9665431434567466E-002
         685   3.9665431434567466E-002
         686   3.9665431434567466E-002
         687   3.9665431434567466E-002
         688   3.9665431434567466E-002
         689   3.9665431434567466E-002
         690   3.9665431434567466E-002
         691   3.9665431434567466E-002
         692   3.9665431434567466E-002
         693   3.9665431434567466E-002
         694   3.9665431434567466E-002
         695   3.9665431434567466E-002
         696   3.9665431434567466E-002
         697   3.9665431434567466E-002
         698   3.9665431434567466E-002
         699   3.9665431434567466E-002
         700   3.9665431434567466E-002
         701   3.9665431434567466E-002
         702   3.9665431434567466E-002
         703   3.9665431434567466E-002
         704   3.9665431434567466E-002
         705   3.9665431434567466E-002
         706   3.9665431434567466E-002
         707   3.9665431434567466E-002
         708   3.9665431434567466E-002
         709   3.9665431434567466E-002
         710   3.9665431434567466E-002
         711   3.9665431434567466E-002
         712   3.9665431434567466E-002
         713   3.9665431434567466E-002
         714   3.9665431434567466E-002
         715   3.9665431434567466E-002
         716   3.9665431434567466E-002
         717   3.9665431434567466E-002
         718   3.9665431434567466E-002
         719   3.9665431434567466E-002
         720   3.9665431434567466E-002
         721   3.9665431434567466E-002
         722   3.9665431434567466E-002
         723   3.9665431434567466E-002
         724   3.9665431434567466E-002
         725   3.9665431434567466E-002
         726   3.9665431434567466E-002
         727   3.9665431434567466E-002
         728   3.9665431434567466E-002
         729   3.9665431434567466E-002
         730   3.9665431434567466E-002
         731   3.9665431434567466E-002
         732   3.9665431434567466E-002
         733   3.9665431434567466E-002
         734   3.9665431434567466E-002
         735   3.9665431434567466E-002
         736   3.9665431434567466E-002
         737   3.9665431434567466E-002
         738   3.9665431434567466E-002
         739   3.9665431434567466E-002
         740   3.9665431434567466E-002
         741   3.9665431434567466E-002
         742   3.9665431434567466E-002
         743   3.9665431434567466E-002
         744   3.9665431434567466E-002
         745   3.9665431434567466E-002
         746   3.9665431434567466E-002
         747   3.9665431434567466E-002
         748   3.9665431434567466E-002
         749   3.9665431434567466E-002
         750   3.9665431434567466E-002
         751   3.9665431434567466E-002
         752   3.9665431434567466E-002
         753   3.9665431434567466E-002
         754   3.9665431434567466E-002
         755   3.9665431434567466E-002
         756   3.9665431434567466E-002
         757   3.9665431434567466E-002
         758   3.9665431434567466E-002
         759   3.9665431434567466E-002
         760   3.9665431434567466E-002
         761   3.9665431434567466E-002
         762   3.9665431434567466E-002
         763   3.9665431434567466E-002
         764   3.9665431434567466E-002
         765   3.9665431434567466E-002
         766   3.9665431434567466E-002
         767   3.9665431434567466E-002
         768   3.9665431434567466E-002
         769   3.9665431434567466E-002
         770   3.9665431434567466E-002
         771   3.9665431434567466E-002
         772   3.9665431434567466E-002
         773   3.9665431434567466E-002
         774   3.9665431434567466E-002
         775   3.9665431434567466E-002
         776   3.9665431434567466E-002
         777   3.9665431434567466E-002
         778   3.9665431434567466E-002
         779   3.9665431434567466E-002
         780   3.9665431434567466E-002
         781   3.9665431434567466E-002
         782   3.9665431434567466E-002
         783   3.9665431434567466E-002
         784   3.9665431434567466E-002
         785   3.9665431434567466E-002
         786   3.9665431434567466E-002
         787   3.9665431434567466E-002
         788   3.9665431434567466E-002
         789   3.9665431434567466E-002
         790   3.9665431434567466E-002
         791   3.9665431434567466E-002
         792   3.9665431434567466E-002
         793   3.9665431434567466E-002
         794   3.9665431434567466E-002
         795   3.9665431434567466E-002
         796   3.9665431434567466E-002
         797   3.9665431434567466E-002
         798   3.9665431434567466E-002
         799   3.9665431434567466E-002
         800   3.9665431434567466E-002
         801   3.9665431434567466E-002
         802   3.9665431434567466E-002
         803   3.9665431434567466E-002
         804   3.9665431434567466E-002
         805   3.9665431434567466E-002
         806   3.9665431434567466E-002
         807   3.9665431434567466E-002
         808   3.9665431434567466E-002
         809   3.9665431434567466E-002
         810   3.9665431434567466E-002
         811   3.9665431434567466E-002
         812   3.9665431434567466E-002
         813   3.9665431434567466E-002
         814   3.9665431434567466E-002
         815   3.9665431434567466E-002
         816   3.9665431434567466E-002
         817   3.9665431434567466E-002
         818   3.9665431434567466E-002
         819   3.9665431434567466E-002
         820   3.9665431434567466E-002
         821   3.9665431434567466E-002
         822   3.9665431434567466E-002
         823   3.9665431434567466E-002
         824   3.9665431434567466E-002
         825   3.9665431434567466E-002
         826   3.9665431434567466E-002
         827   3.9665431434567466E-002
         828   3.9665431434567466E-002
         829   3.9665431434567466E-002
         830   3.9665431434567466E-002
         831   3.9665431434567466E-002
         832   3.9665431434567466E-002
         833   3.9665431434567466E-002
         834   3.9665431434567466E-002
         835   3.9665431434567466E-002
         836   3.9665431434567466E-002
         837   3.9665431434567466E-002
         838   3.9665431434567466E-002
         839   3.9665431434567466E-002
         840   3.9665431434567466E-002
         841   3.9665431434567466E-002
         842   3.9665431434567466E-002
         843   3.9665431434567466E-002
         844   3.9665431434567466E-002
         845   3.9665431434567466E-002
         846   3.9665431434567466E-002
         847   3.9665431434567466E-002
         848   3.9665431434567466E-002
         849   3.9665431434567466E-002
         850   3.9665431434567466E-002
         851   3.9665431434567466E-002
         852   3.9665431434567466E-002
         853   3.9665431434567466E-002
         854   3.9665431434567466E-002
         855   3.9665431434567466E-002
         856   3.9665431434567466E-002
         857   3.9665431434567466E-002
         858   3.9665431434567466E-002
         859   3.9665431434567466E-002
         860   3.9665431434567466E-002
         861   3.9665431434567466E-002
         862   3.9665431434567466E-002
         863   3.9665431434567466E-002
         864   3.9665431434567466E-002
         865   3.9665431434567466E-002
         866   3.9665431434567466E-002
         867   3.9665431434567466E-002
         868   3.9665431434567466E-002
         869   3.9665431434567466E-002
         870   0.0000000000000000     
