           1   14.937940283910653     
           2   2.2380274927131154     
           3   2.2378602084303996     
           4   2.2378602084303996     
           5   2.2378602084303996     
           6   2.2378602084303996     
           7   2.2378602084303996     
           8   2.2378602084303996     
           9   2.2378602084303996     
          10   2.2378602084303996     
          11   2.2378602084303996     
          12   1.8456678568347602     
          13   1.2380274927131154     
          14   1.2380274927131154     
          15   1.2172804795683358     
          16   1.1192529868552263     
          17   1.1192529868552263     
          18  0.99983271571728416     
          19  0.99983271571728416     
          20   1.9832715717283733E-002
          21   1.9832715717283733E-002
          22   1.9832715717283733E-002
          23   1.9832715717283733E-002
          24   1.9832715717283733E-002
          25   1.9832715717283733E-002
          26   1.9832715717283733E-002
          27   1.9832715717283733E-002
          28   1.9832715717283733E-002
          29   1.9832715717283733E-002
          30   1.9832715717283733E-002
          31   1.9832715717283733E-002
          32   1.9832715717283733E-002
          33   1.9832715717283733E-002
          34   1.9832715717283733E-002
          35   1.9832715717283733E-002
          36   1.9832715717283733E-002
          37   1.9832715717283733E-002
          38   1.9832715717283733E-002
          39   1.9832715717283733E-002
          40   1.9832715717283733E-002
          41   1.9832715717283733E-002
          42   1.9832715717283733E-002
          43   1.9832715717283733E-002
          44   1.9832715717283733E-002
          45   1.9832715717283733E-002
          46   1.9832715717283733E-002
          47   1.9832715717283733E-002
          48   1.9832715717283733E-002
          49   1.9832715717283733E-002
          50   1.9832715717283733E-002
          51   1.9832715717283733E-002
          52   1.9832715717283733E-002
          53   1.9832715717283733E-002
          54   1.9832715717283733E-002
          55   1.9832715717283733E-002
          56   1.9832715717283733E-002
          57   1.9832715717283733E-002
          58   1.9832715717283733E-002
          59   1.9832715717283733E-002
          60   1.9832715717283733E-002
          61   1.9832715717283733E-002
          62   1.9832715717283733E-002
          63   1.9832715717283733E-002
          64   1.9832715717283733E-002
          65   1.9832715717283733E-002
          66   1.9832715717283733E-002
          67   1.9832715717283733E-002
          68   1.9832715717283733E-002
          69   1.9832715717283733E-002
          70   1.9832715717283733E-002
          71   1.9832715717283733E-002
          72   1.9832715717283733E-002
          73   1.9832715717283733E-002
          74   1.9832715717283733E-002
          75   1.9832715717283733E-002
          76   1.9832715717283733E-002
          77   1.9832715717283733E-002
          78   1.9832715717283733E-002
          79   1.9832715717283733E-002
          80   1.9832715717283733E-002
          81   1.9832715717283733E-002
          82   1.9832715717283733E-002
          83   1.9832715717283733E-002
          84   1.9832715717283733E-002
          85   1.9832715717283733E-002
          86   1.9832715717283733E-002
          87   1.9832715717283733E-002
          88   1.9832715717283733E-002
          89   1.9832715717283733E-002
          90   1.9832715717283733E-002
          91   1.9832715717283733E-002
          92   1.9832715717283733E-002
          93   1.9832715717283733E-002
          94   1.9832715717283733E-002
          95   1.9832715717283733E-002
          96   1.9832715717283733E-002
          97   1.9832715717283733E-002
          98   1.9832715717283733E-002
          99   1.9832715717283733E-002
         100   1.9832715717283733E-002
         101   1.9832715717283733E-002
         102   1.9832715717283733E-002
         103   1.9832715717283733E-002
         104   1.9832715717283733E-002
         105   1.9832715717283733E-002
         106   1.9832715717283733E-002
         107   1.9832715717283733E-002
         108   1.9832715717283733E-002
         109   1.9832715717283733E-002
         110   1.9832715717283733E-002
         111   1.9832715717283733E-002
         112   1.9832715717283733E-002
         113   1.9832715717283733E-002
         114   1.9832715717283733E-002
         115   1.9832715717283733E-002
         116   1.9832715717283733E-002
         117   1.9832715717283733E-002
         118   1.9832715717283733E-002
         119   1.9832715717283733E-002
         120   1.9832715717283733E-002
         121   1.9832715717283733E-002
         122   1.9832715717283733E-002
         123   1.9832715717283733E-002
         124   1.9832715717283733E-002
         125   1.9832715717283733E-002
         126   1.9832715717283733E-002
         127   1.9832715717283733E-002
         128   1.9832715717283733E-002
         129   1.9832715717283733E-002
         130   1.9832715717283733E-002
         131   1.9832715717283733E-002
         132   1.9832715717283733E-002
         133   1.9832715717283733E-002
         134   1.9832715717283733E-002
         135   1.9832715717283733E-002
         136   1.9832715717283733E-002
         137   1.9832715717283733E-002
         138   1.9832715717283733E-002
         139   1.9832715717283733E-002
         140   1.9832715717283733E-002
         141   1.9832715717283733E-002
         142   1.9832715717283733E-002
         143   1.9832715717283733E-002
         144   1.9832715717283733E-002
         145   1.9832715717283733E-002
         146   1.9832715717283733E-002
         147   1.9832715717283733E-002
         148   1.9832715717283733E-002
         149   1.9832715717283733E-002
         150   1.9832715717283733E-002
         151   1.9832715717283733E-002
         152   1.9832715717283733E-002
         153   1.9832715717283733E-002
         154   1.9832715717283733E-002
         155   1.9832715717283733E-002
         156   1.9832715717283733E-002
         157   1.9832715717283733E-002
         158   1.9832715717283733E-002
         159   1.9832715717283733E-002
         160   1.9832715717283733E-002
         161   1.9832715717283733E-002
         162   1.9832715717283733E-002
         163   1.9832715717283733E-002
         164   1.9832715717283733E-002
         165   1.9832715717283733E-002
         166   1.9832715717283733E-002
         167   1.9832715717283733E-002
         168   1.9832715717283733E-002
         169   1.9832715717283733E-002
         170   1.9832715717283733E-002
         171   1.9832715717283733E-002
         172   1.9832715717283733E-002
         173   1.9832715717283733E-002
         174   1.9832715717283733E-002
         175   1.9832715717283733E-002
         176   1.9832715717283733E-002
         177   1.9832715717283733E-002
         178   1.9832715717283733E-002
         179   1.9832715717283733E-002
         180   1.9832715717283733E-002
         181   1.9832715717283733E-002
         182   1.9832715717283733E-002
         183   1.9832715717283733E-002
         184   1.9832715717283733E-002
         185   1.9832715717283733E-002
         186   1.9832715717283733E-002
         187   1.9832715717283733E-002
         188   1.9832715717283733E-002
         189   1.9832715717283733E-002
         190   1.9832715717283733E-002
         191   1.9832715717283733E-002
         192   1.9832715717283733E-002
         193   1.9832715717283733E-002
         194   1.9832715717283733E-002
         195   1.9832715717283733E-002
         196   1.9832715717283733E-002
         197   1.9832715717283733E-002
         198   1.9832715717283733E-002
         199   1.9832715717283733E-002
         200   1.9832715717283733E-002
         201   1.9832715717283733E-002
         202   1.9832715717283733E-002
         203   1.9832715717283733E-002
         204   1.9832715717283733E-002
         205   1.9832715717283733E-002
         206   1.9832715717283733E-002
         207   1.9832715717283733E-002
         208   1.9832715717283733E-002
         209   1.9832715717283733E-002
         210   1.9832715717283733E-002
         211   1.9832715717283733E-002
         212   1.9832715717283733E-002
         213   1.9832715717283733E-002
         214   1.9832715717283733E-002
         215   1.9832715717283733E-002
         216   1.9832715717283733E-002
         217   1.9832715717283733E-002
         218   1.9832715717283733E-002
         219   1.9832715717283733E-002
         220   1.9832715717283733E-002
         221   1.9832715717283733E-002
         222   1.9832715717283733E-002
         223   1.9832715717283733E-002
         224   1.9832715717283733E-002
         225   1.9832715717283733E-002
         226   1.9832715717283733E-002
         227   1.9832715717283733E-002
         228   1.9832715717283733E-002
         229   1.9832715717283733E-002
         230   1.9832715717283733E-002
         231   1.9832715717283733E-002
         232   1.9832715717283733E-002
         233   1.9832715717283733E-002
         234   1.9832715717283733E-002
         235   1.9832715717283733E-002
         236   1.9832715717283733E-002
         237   1.9832715717283733E-002
         238   1.9832715717283733E-002
         239   1.9832715717283733E-002
         240   1.9832715717283733E-002
         241   1.9832715717283733E-002
         242   1.9832715717283733E-002
         243   1.9832715717283733E-002
         244   1.9832715717283733E-002
         245   1.9832715717283733E-002
         246   1.9832715717283733E-002
         247   1.9832715717283733E-002
         248   1.9832715717283733E-002
         249   1.9832715717283733E-002
         250   1.9832715717283733E-002
         251   1.9832715717283733E-002
         252   1.9832715717283733E-002
         253   1.9832715717283733E-002
         254   1.9832715717283733E-002
         255   1.9832715717283733E-002
         256   1.9832715717283733E-002
         257   1.9832715717283733E-002
         258   1.9832715717283733E-002
         259   1.9832715717283733E-002
         260   1.9832715717283733E-002
         261   1.9832715717283733E-002
         262   1.9832715717283733E-002
         263   1.9832715717283733E-002
         264   1.9832715717283733E-002
         265   1.9832715717283733E-002
         266   1.9832715717283733E-002
         267   1.9832715717283733E-002
         268   1.9832715717283733E-002
         269   1.9832715717283733E-002
         270   1.9832715717283733E-002
         271   1.9832715717283733E-002
         272   1.9832715717283733E-002
         273   1.9832715717283733E-002
         274   1.9832715717283733E-002
         275   1.9832715717283733E-002
         276   1.9832715717283733E-002
         277   1.9832715717283733E-002
         278   1.9832715717283733E-002
         279   1.9832715717283733E-002
         280   1.9832715717283733E-002
         281   1.9832715717283733E-002
         282   1.9832715717283733E-002
         283   1.9832715717283733E-002
         284   1.9832715717283733E-002
         285   1.9832715717283733E-002
         286   1.9832715717283733E-002
         287   1.9832715717283733E-002
         288   1.9832715717283733E-002
         289   1.9832715717283733E-002
         290   1.9832715717283733E-002
         291   1.9832715717283733E-002
         292   1.9832715717283733E-002
         293   1.9832715717283733E-002
         294   1.9832715717283733E-002
         295   1.9832715717283733E-002
         296   1.9832715717283733E-002
         297   1.9832715717283733E-002
         298   1.9832715717283733E-002
         299   1.9832715717283733E-002
         300   1.9832715717283733E-002
         301   1.9832715717283733E-002
         302   1.9832715717283733E-002
         303   1.9832715717283733E-002
         304   1.9832715717283733E-002
         305   1.9832715717283733E-002
         306   1.9832715717283733E-002
         307   1.9832715717283733E-002
         308   1.9832715717283733E-002
         309   1.9832715717283733E-002
         310   1.9832715717283733E-002
         311   1.9832715717283733E-002
         312   1.9832715717283733E-002
         313   1.9832715717283733E-002
         314   1.9832715717283733E-002
         315   1.9832715717283733E-002
         316   1.9832715717283733E-002
         317   1.9832715717283733E-002
         318   1.9832715717283733E-002
         319   1.9832715717283733E-002
         320   1.9832715717283733E-002
         321   1.9832715717283733E-002
         322   1.9832715717283733E-002
         323   1.9832715717283733E-002
         324   1.9832715717283733E-002
         325   1.9832715717283733E-002
         326   1.9832715717283733E-002
         327   1.9832715717283733E-002
         328   1.9832715717283733E-002
         329   1.9832715717283733E-002
         330   1.9832715717283733E-002
         331   1.9832715717283733E-002
         332   1.9832715717283733E-002
         333   1.9832715717283733E-002
         334   1.9832715717283733E-002
         335   1.9832715717283733E-002
         336   1.9832715717283733E-002
         337   1.9832715717283733E-002
         338   1.9832715717283733E-002
         339   1.9832715717283733E-002
         340   1.9832715717283733E-002
         341   1.9832715717283733E-002
         342   1.9832715717283733E-002
         343   1.9832715717283733E-002
         344   1.9832715717283733E-002
         345   1.9832715717283733E-002
         346   1.9832715717283733E-002
         347   1.9832715717283733E-002
         348   1.9832715717283733E-002
         349   1.9832715717283733E-002
         350   1.9832715717283733E-002
         351   1.9832715717283733E-002
         352   1.9832715717283733E-002
         353   1.9832715717283733E-002
         354   1.9832715717283733E-002
         355   1.9832715717283733E-002
         356   1.9832715717283733E-002
         357   1.9832715717283733E-002
         358   1.9832715717283733E-002
         359   1.9832715717283733E-002
         360   1.9832715717283733E-002
         361   1.9832715717283733E-002
         362   1.9832715717283733E-002
         363   1.9832715717283733E-002
         364   1.9832715717283733E-002
         365   1.9832715717283733E-002
         366   1.9832715717283733E-002
         367   1.9832715717283733E-002
         368   1.9832715717283733E-002
         369   1.9832715717283733E-002
         370   1.9832715717283733E-002
         371   1.9832715717283733E-002
         372   1.9832715717283733E-002
         373   1.9832715717283733E-002
         374   1.9832715717283733E-002
         375   1.9832715717283733E-002
         376   1.9832715717283733E-002
         377   1.9832715717283733E-002
         378   1.9832715717283733E-002
         379   1.9832715717283733E-002
         380   1.9832715717283733E-002
         381   1.9832715717283733E-002
         382   1.9832715717283733E-002
         383   1.9832715717283733E-002
         384   1.9832715717283733E-002
         385   1.9832715717283733E-002
         386   1.9832715717283733E-002
         387   1.9832715717283733E-002
         388   1.9832715717283733E-002
         389   1.9832715717283733E-002
         390   1.9832715717283733E-002
         391   1.9832715717283733E-002
         392   1.9832715717283733E-002
         393   1.9832715717283733E-002
         394   1.9832715717283733E-002
         395   1.9832715717283733E-002
         396   1.9832715717283733E-002
         397   1.9832715717283733E-002
         398   1.9832715717283733E-002
         399   1.9832715717283733E-002
         400   1.9832715717283733E-002
         401   1.9832715717283733E-002
         402   1.9832715717283733E-002
         403   1.9832715717283733E-002
         404   1.9832715717283733E-002
         405   1.9832715717283733E-002
         406   1.9832715717283733E-002
         407   1.9832715717283733E-002
         408   1.9832715717283733E-002
         409   1.9832715717283733E-002
         410   1.9832715717283733E-002
         411   1.9832715717283733E-002
         412   1.9832715717283733E-002
         413   1.9832715717283733E-002
         414   1.9832715717283733E-002
         415   1.9832715717283733E-002
         416   1.9832715717283733E-002
         417   1.9832715717283733E-002
         418   1.9832715717283733E-002
         419   1.9832715717283733E-002
         420   1.9832715717283733E-002
         421   1.9832715717283733E-002
         422   1.9832715717283733E-002
         423   1.9832715717283733E-002
         424   1.9832715717283733E-002
         425   1.9832715717283733E-002
         426   1.9832715717283733E-002
         427   1.9832715717283733E-002
         428   1.9832715717283733E-002
         429   1.9832715717283733E-002
         430   1.9832715717283733E-002
         431   1.9832715717283733E-002
         432   1.9832715717283733E-002
         433   1.9832715717283733E-002
         434   1.9832715717283733E-002
         435   1.9832715717283733E-002
         436   1.9832715717283733E-002
         437   1.9832715717283733E-002
         438   1.9832715717283733E-002
         439   1.9832715717283733E-002
         440   1.9832715717283733E-002
         441   1.9832715717283733E-002
         442   1.9832715717283733E-002
         443   1.9832715717283733E-002
         444   1.9832715717283733E-002
         445   1.9832715717283733E-002
         446   1.9832715717283733E-002
         447   1.9832715717283733E-002
         448   1.9832715717283733E-002
         449   1.9832715717283733E-002
         450   1.9832715717283733E-002
         451   1.9832715717283733E-002
         452   1.9832715717283733E-002
         453   1.9832715717283733E-002
         454   1.9832715717283733E-002
         455   1.9832715717283733E-002
         456   1.9832715717283733E-002
         457   1.9832715717283733E-002
         458   1.9832715717283733E-002
         459   1.9832715717283733E-002
         460   1.9832715717283733E-002
         461   1.9832715717283733E-002
         462   1.9832715717283733E-002
         463   1.9832715717283733E-002
         464   1.9832715717283733E-002
         465   1.9832715717283733E-002
         466   1.9832715717283733E-002
         467   1.9832715717283733E-002
         468   1.9832715717283733E-002
         469   1.9832715717283733E-002
         470   1.9832715717283733E-002
         471   1.9832715717283733E-002
         472   1.9832715717283733E-002
         473   1.9832715717283733E-002
         474   1.9832715717283733E-002
         475   1.9832715717283733E-002
         476   1.9832715717283733E-002
         477   1.9832715717283733E-002
         478   1.9832715717283733E-002
         479   1.9832715717283733E-002
         480   1.9832715717283733E-002
         481   1.9832715717283733E-002
         482   1.9832715717283733E-002
         483   1.9832715717283733E-002
         484   1.9832715717283733E-002
         485   1.9832715717283733E-002
         486   1.9832715717283733E-002
         487   1.9832715717283733E-002
         488   1.9832715717283733E-002
         489   1.9832715717283733E-002
         490   1.9832715717283733E-002
         491   1.9832715717283733E-002
         492   1.9832715717283733E-002
         493   1.9832715717283733E-002
         494   1.9832715717283733E-002
         495   1.9832715717283733E-002
         496   1.9832715717283733E-002
         497   1.9832715717283733E-002
         498   1.9832715717283733E-002
         499   1.9832715717283733E-002
         500   1.9832715717283733E-002
         501   1.9832715717283733E-002
         502   1.9832715717283733E-002
         503   1.9832715717283733E-002
         504   1.9832715717283733E-002
         505   1.9832715717283733E-002
         506   1.9832715717283733E-002
         507   1.9832715717283733E-002
         508   1.9832715717283733E-002
         509   1.9832715717283733E-002
         510   1.9832715717283733E-002
         511   1.9832715717283733E-002
         512   1.9832715717283733E-002
         513   1.9832715717283733E-002
         514   1.9832715717283733E-002
         515   1.9832715717283733E-002
         516   1.9832715717283733E-002
         517   1.9832715717283733E-002
         518   1.9832715717283733E-002
         519   1.9832715717283733E-002
         520   1.9832715717283733E-002
         521   1.9832715717283733E-002
         522   1.9832715717283733E-002
         523   1.9832715717283733E-002
         524   1.9832715717283733E-002
         525   1.9832715717283733E-002
         526   1.9832715717283733E-002
         527   1.9832715717283733E-002
         528   1.9832715717283733E-002
         529   1.9832715717283733E-002
         530   1.9832715717283733E-002
         531   1.9832715717283733E-002
         532   1.9832715717283733E-002
         533   1.9832715717283733E-002
         534   1.9832715717283733E-002
         535   1.9832715717283733E-002
         536   1.9832715717283733E-002
         537   1.9832715717283733E-002
         538   1.9832715717283733E-002
         539   1.9832715717283733E-002
         540   1.9832715717283733E-002
         541   1.9832715717283733E-002
         542   1.9832715717283733E-002
         543   1.9832715717283733E-002
         544   1.9832715717283733E-002
         545   1.9832715717283733E-002
         546   1.9832715717283733E-002
         547   1.9832715717283733E-002
         548   1.9832715717283733E-002
         549   1.9832715717283733E-002
         550   1.9832715717283733E-002
         551   1.9832715717283733E-002
         552   1.9832715717283733E-002
         553   1.9832715717283733E-002
         554   1.9832715717283733E-002
         555   1.9832715717283733E-002
         556   1.9832715717283733E-002
         557   1.9832715717283733E-002
         558   1.9832715717283733E-002
         559   1.9832715717283733E-002
         560   1.9832715717283733E-002
         561   1.9832715717283733E-002
         562   1.9832715717283733E-002
         563   1.9832715717283733E-002
         564   1.9832715717283733E-002
         565   1.9832715717283733E-002
         566   1.9832715717283733E-002
         567   1.9832715717283733E-002
         568   1.9832715717283733E-002
         569   1.9832715717283733E-002
         570   1.9832715717283733E-002
         571   1.9832715717283733E-002
         572   1.9832715717283733E-002
         573   1.9832715717283733E-002
         574   1.9832715717283733E-002
         575   1.9832715717283733E-002
         576   1.9832715717283733E-002
         577   1.9832715717283733E-002
         578   1.9832715717283733E-002
         579   1.9832715717283733E-002
         580   1.9832715717283733E-002
         581   1.9832715717283733E-002
         582   1.9832715717283733E-002
         583   1.9832715717283733E-002
         584   1.9832715717283733E-002
         585   1.9832715717283733E-002
         586   1.9832715717283733E-002
         587   1.9832715717283733E-002
         588   1.9832715717283733E-002
         589   1.9832715717283733E-002
         590   1.9832715717283733E-002
         591   1.9832715717283733E-002
         592   1.9832715717283733E-002
         593   1.9832715717283733E-002
         594   1.9832715717283733E-002
         595   1.9832715717283733E-002
         596   1.9832715717283733E-002
         597   1.9832715717283733E-002
         598   1.9832715717283733E-002
         599   1.9832715717283733E-002
         600   1.9832715717283733E-002
         601   1.9832715717283733E-002
         602   1.9832715717283733E-002
         603   1.9832715717283733E-002
         604   1.9832715717283733E-002
         605   1.9832715717283733E-002
         606   1.9832715717283733E-002
         607   1.9832715717283733E-002
         608   1.9832715717283733E-002
         609   1.9832715717283733E-002
         610   1.9832715717283733E-002
         611   1.9832715717283733E-002
         612   1.9832715717283733E-002
         613   1.9832715717283733E-002
         614   1.9832715717283733E-002
         615   1.9832715717283733E-002
         616   1.9832715717283733E-002
         617   1.9832715717283733E-002
         618   1.9832715717283733E-002
         619   1.9832715717283733E-002
         620   1.9832715717283733E-002
         621   1.9832715717283733E-002
         622   1.9832715717283733E-002
         623   1.9832715717283733E-002
         624   1.9832715717283733E-002
         625   1.9832715717283733E-002
         626   1.9832715717283733E-002
         627   1.9832715717283733E-002
         628   1.9832715717283733E-002
         629   1.9832715717283733E-002
         630   1.9832715717283733E-002
         631   1.9832715717283733E-002
         632   1.9832715717283733E-002
         633   1.9832715717283733E-002
         634   1.9832715717283733E-002
         635   1.9832715717283733E-002
         636   1.9832715717283733E-002
         637   1.9832715717283733E-002
         638   1.9832715717283733E-002
         639   1.9832715717283733E-002
         640   1.9832715717283733E-002
         641   1.9832715717283733E-002
         642   1.9832715717283733E-002
         643   1.9832715717283733E-002
         644   1.9832715717283733E-002
         645   1.9832715717283733E-002
         646   1.9832715717283733E-002
         647   1.9832715717283733E-002
         648   1.9832715717283733E-002
         649   1.9832715717283733E-002
         650   1.9832715717283733E-002
         651   1.9832715717283733E-002
         652   1.9832715717283733E-002
         653   1.9832715717283733E-002
         654   1.9832715717283733E-002
         655   1.9832715717283733E-002
         656   1.9832715717283733E-002
         657   1.9832715717283733E-002
         658   1.9832715717283733E-002
         659   1.9832715717283733E-002
         660   1.9832715717283733E-002
         661   1.9832715717283733E-002
         662   1.9832715717283733E-002
         663   1.9832715717283733E-002
         664   1.9832715717283733E-002
         665   1.9832715717283733E-002
         666   1.9832715717283733E-002
         667   1.9832715717283733E-002
         668   1.9832715717283733E-002
         669   1.9832715717283733E-002
         670   1.9832715717283733E-002
         671   1.9832715717283733E-002
         672   1.9832715717283733E-002
         673   1.9832715717283733E-002
         674   1.9832715717283733E-002
         675   1.9832715717283733E-002
         676   1.9832715717283733E-002
         677   1.9832715717283733E-002
         678   1.9832715717283733E-002
         679   1.9832715717283733E-002
         680   1.9832715717283733E-002
         681   1.9832715717283733E-002
         682   1.9832715717283733E-002
         683   1.9832715717283733E-002
         684   1.9832715717283733E-002
         685   1.9832715717283733E-002
         686   1.9832715717283733E-002
         687   1.9832715717283733E-002
         688   1.9832715717283733E-002
         689   1.9832715717283733E-002
         690   1.9832715717283733E-002
         691   1.9832715717283733E-002
         692   1.9832715717283733E-002
         693   1.9832715717283733E-002
         694   1.9832715717283733E-002
         695   1.9832715717283733E-002
         696   1.9832715717283733E-002
         697   1.9832715717283733E-002
         698   1.9832715717283733E-002
         699   1.9832715717283733E-002
         700   1.9832715717283733E-002
         701   1.9832715717283733E-002
         702   1.9832715717283733E-002
         703   1.9832715717283733E-002
         704   1.9832715717283733E-002
         705   1.9832715717283733E-002
         706   1.9832715717283733E-002
         707   1.9832715717283733E-002
         708   1.9832715717283733E-002
         709   1.9832715717283733E-002
         710   1.9832715717283733E-002
         711   1.9832715717283733E-002
         712   1.9832715717283733E-002
         713   1.9832715717283733E-002
         714   1.9832715717283733E-002
         715   1.9832715717283733E-002
         716   1.9832715717283733E-002
         717   1.9832715717283733E-002
         718   1.9832715717283733E-002
         719   1.9832715717283733E-002
         720   1.9832715717283733E-002
         721   1.9832715717283733E-002
         722   1.9832715717283733E-002
         723   1.9832715717283733E-002
         724   1.9832715717283733E-002
         725   1.9832715717283733E-002
         726   1.9832715717283733E-002
         727   1.9832715717283733E-002
         728   1.9832715717283733E-002
         729   1.9832715717283733E-002
         730   1.9832715717283733E-002
         731   1.9832715717283733E-002
         732   1.9832715717283733E-002
         733   1.9832715717283733E-002
         734   1.9832715717283733E-002
         735   1.9832715717283733E-002
         736   1.9832715717283733E-002
         737   1.9832715717283733E-002
         738   1.9832715717283733E-002
         739   1.9832715717283733E-002
         740   1.9832715717283733E-002
         741   1.9832715717283733E-002
         742   1.9832715717283733E-002
         743   1.9832715717283733E-002
         744   1.9832715717283733E-002
         745   1.9832715717283733E-002
         746   1.9832715717283733E-002
         747   1.9832715717283733E-002
         748   1.9832715717283733E-002
         749   1.9832715717283733E-002
         750   1.9832715717283733E-002
         751   1.9832715717283733E-002
         752   1.9832715717283733E-002
         753   1.9832715717283733E-002
         754   1.9832715717283733E-002
         755   1.9832715717283733E-002
         756   1.9832715717283733E-002
         757   1.9832715717283733E-002
         758   1.9832715717283733E-002
         759   1.9832715717283733E-002
         760   1.9832715717283733E-002
         761   1.9832715717283733E-002
         762   1.9832715717283733E-002
         763   1.9832715717283733E-002
         764   1.9832715717283733E-002
         765   1.9832715717283733E-002
         766   1.9832715717283733E-002
         767   1.9832715717283733E-002
         768   1.9832715717283733E-002
         769   1.9832715717283733E-002
         770   1.9832715717283733E-002
         771   1.9832715717283733E-002
         772   1.9832715717283733E-002
         773   1.9832715717283733E-002
         774   1.9832715717283733E-002
         775   1.9832715717283733E-002
         776   1.9832715717283733E-002
         777   1.9832715717283733E-002
         778   1.9832715717283733E-002
         779   1.9832715717283733E-002
         780   1.9832715717283733E-002
         781   1.9832715717283733E-002
         782   1.9832715717283733E-002
         783   1.9832715717283733E-002
         784   1.9832715717283733E-002
         785   1.9832715717283733E-002
         786   1.9832715717283733E-002
         787   1.9832715717283733E-002
         788   1.9832715717283733E-002
         789   1.9832715717283733E-002
         790   1.9832715717283733E-002
         791   1.9832715717283733E-002
         792   1.9832715717283733E-002
         793   1.9832715717283733E-002
         794   1.9832715717283733E-002
         795   1.9832715717283733E-002
         796   1.9832715717283733E-002
         797   1.9832715717283733E-002
         798   1.9832715717283733E-002
         799   1.9832715717283733E-002
         800   1.9832715717283733E-002
         801   1.9832715717283733E-002
         802   1.9832715717283733E-002
         803   1.9832715717283733E-002
         804   1.9832715717283733E-002
         805   1.9832715717283733E-002
         806   1.9832715717283733E-002
         807   1.9832715717283733E-002
         808   1.9832715717283733E-002
         809   1.9832715717283733E-002
         810   1.9832715717283733E-002
         811   1.9832715717283733E-002
         812   1.9832715717283733E-002
         813   1.9832715717283733E-002
         814   1.9832715717283733E-002
         815   1.9832715717283733E-002
         816   1.9832715717283733E-002
         817   1.9832715717283733E-002
         818   1.9832715717283733E-002
         819   1.9832715717283733E-002
         820   1.9832715717283733E-002
         821   1.9832715717283733E-002
         822   1.9832715717283733E-002
         823   1.9832715717283733E-002
         824   1.9832715717283733E-002
         825   1.9832715717283733E-002
         826   1.9832715717283733E-002
         827   1.9832715717283733E-002
         828   1.9832715717283733E-002
         829   1.9832715717283733E-002
         830   1.9832715717283733E-002
         831   1.9832715717283733E-002
         832   1.9832715717283733E-002
         833   1.9832715717283733E-002
         834   1.9832715717283733E-002
         835   1.9832715717283733E-002
         836   1.9832715717283733E-002
         837   1.9832715717283733E-002
         838   1.9832715717283733E-002
         839   1.9832715717283733E-002
         840   1.9832715717283733E-002
         841   1.9832715717283733E-002
         842   1.9832715717283733E-002
         843   1.9832715717283733E-002
         844   1.9832715717283733E-002
         845   1.9832715717283733E-002
         846   1.9832715717283733E-002
         847   1.9832715717283733E-002
         848   1.9832715717283733E-002
         849   1.9832715717283733E-002
         850   1.9832715717283733E-002
         851   1.9832715717283733E-002
         852   1.9832715717283733E-002
         853   1.9832715717283733E-002
         854   1.9832715717283733E-002
         855   1.9832715717283733E-002
         856   1.9832715717283733E-002
         857   1.9832715717283733E-002
         858   1.9832715717283733E-002
         859   1.9832715717283733E-002
         860   1.9832715717283733E-002
         861   1.9832715717283733E-002
         862   1.9832715717283733E-002
         863   1.9832715717283733E-002
         864   1.9832715717283733E-002
         865   1.9832715717283733E-002
         866   1.9832715717283733E-002
         867   1.9832715717283733E-002
         868   1.9832715717283733E-002
         869   1.9832715717283733E-002
         870   1.9832715717283733E-002
         871   1.9832715717283733E-002
         872   1.9832715717283733E-002
         873   1.9832715717283733E-002
         874   1.9832715717283733E-002
         875   1.9832715717283733E-002
         876   1.9832715717283733E-002
         877   1.9832715717283733E-002
         878   1.9832715717283733E-002
         879   1.9832715717283733E-002
         880   1.9832715717283733E-002
         881   1.9832715717283733E-002
         882   1.9832715717283733E-002
         883   1.9832715717283733E-002
         884   1.9832715717283733E-002
         885   1.9832715717283733E-002
         886   1.9832715717283733E-002
         887   1.9832715717283733E-002
         888   1.9832715717283733E-002
         889   1.9832715717283733E-002
         890   1.9832715717283733E-002
         891   1.9832715717283733E-002
         892   1.9832715717283733E-002
         893   1.9832715717283733E-002
         894   1.9832715717283733E-002
         895   1.9832715717283733E-002
         896   1.9832715717283733E-002
         897   1.9832715717283733E-002
         898   1.9832715717283733E-002
         899   1.9832715717283733E-002
         900   1.9832715717283733E-002
         901   1.9832715717283733E-002
         902   1.9832715717283733E-002
         903   1.9832715717283733E-002
         904   1.9832715717283733E-002
         905   1.9832715717283733E-002
         906   1.9832715717283733E-002
         907   1.9832715717283733E-002
         908   1.9832715717283733E-002
         909   1.9832715717283733E-002
         910   1.9832715717283733E-002
         911   1.9832715717283733E-002
         912   1.9832715717283733E-002
         913   1.9832715717283733E-002
         914   1.9832715717283733E-002
         915   1.9832715717283733E-002
         916   1.9832715717283733E-002
         917   1.9832715717283733E-002
         918   1.9832715717283733E-002
         919   1.9832715717283733E-002
         920   1.9832715717283733E-002
         921   1.9832715717283733E-002
         922   1.9832715717283733E-002
         923   1.9832715717283733E-002
         924   1.9832715717283733E-002
         925   1.9832715717283733E-002
         926   1.9832715717283733E-002
         927   1.9832715717283733E-002
         928   1.9832715717283733E-002
         929   1.9832715717283733E-002
         930   1.9832715717283733E-002
         931   1.9832715717283733E-002
         932   1.9832715717283733E-002
         933   1.9832715717283733E-002
         934   1.9832715717283733E-002
         935   1.9832715717283733E-002
         936   1.9832715717283733E-002
         937   1.9832715717283733E-002
         938   1.9832715717283733E-002
         939   1.9832715717283733E-002
         940   1.9832715717283733E-002
         941   1.9832715717283733E-002
         942   1.9832715717283733E-002
         943   1.9832715717283733E-002
         944   1.9832715717283733E-002
         945   1.9832715717283733E-002
         946   1.9832715717283733E-002
         947   1.9832715717283733E-002
         948   1.9832715717283733E-002
         949   1.9832715717283733E-002
         950   1.9832715717283733E-002
         951   1.9832715717283733E-002
         952   1.9832715717283733E-002
         953   1.9832715717283733E-002
         954   1.9832715717283733E-002
         955   1.9832715717283733E-002
         956   1.9832715717283733E-002
         957   1.9832715717283733E-002
         958   1.9832715717283733E-002
         959   1.9832715717283733E-002
         960   1.9832715717283733E-002
         961   1.9832715717283733E-002
         962   1.9832715717283733E-002
         963   1.9832715717283733E-002
         964   1.9832715717283733E-002
         965   1.9832715717283733E-002
         966   1.9832715717283733E-002
         967   1.9832715717283733E-002
         968   1.9832715717283733E-002
         969   1.9832715717283733E-002
         970   1.9832715717283733E-002
         971   1.9832715717283733E-002
         972   1.9832715717283733E-002
         973   1.9832715717283733E-002
         974   1.9832715717283733E-002
         975   1.9832715717283733E-002
         976   1.9832715717283733E-002
         977   1.9832715717283733E-002
         978   1.9832715717283733E-002
         979   1.9832715717283733E-002
         980   1.9832715717283733E-002
         981   1.9832715717283733E-002
         982   1.9832715717283733E-002
         983   1.9832715717283733E-002
         984   1.9832715717283733E-002
         985   1.9832715717283733E-002
         986   1.9832715717283733E-002
         987   1.9832715717283733E-002
         988   1.9832715717283733E-002
         989   1.9832715717283733E-002
         990   1.9832715717283733E-002
         991   1.9832715717283733E-002
         992   1.9832715717283733E-002
         993   1.9832715717283733E-002
         994   1.9832715717283733E-002
         995   1.9832715717283733E-002
         996   1.9832715717283733E-002
         997   1.9832715717283733E-002
         998   1.9832715717283733E-002
         999   1.9832715717283733E-002
        1000   1.9832715717283733E-002
        1001   1.9832715717283733E-002
        1002   1.9832715717283733E-002
        1003   1.9832715717283733E-002
        1004   1.9832715717283733E-002
        1005   1.9832715717283733E-002
        1006   1.9832715717283733E-002
        1007   1.9832715717283733E-002
        1008   1.9832715717283733E-002
        1009   1.9832715717283733E-002
        1010   1.9832715717283733E-002
        1011   1.9832715717283733E-002
        1012   1.9832715717283733E-002
        1013   1.9832715717283733E-002
        1014   1.9832715717283733E-002
        1015   1.9832715717283733E-002
        1016   1.9832715717283733E-002
        1017   1.9832715717283733E-002
        1018   1.9832715717283733E-002
        1019   1.9832715717283733E-002
        1020   1.9832715717283733E-002
        1021   1.9832715717283733E-002
        1022   1.9832715717283733E-002
        1023   1.9832715717283733E-002
        1024   1.9832715717283733E-002
        1025   1.9832715717283733E-002
        1026   1.9832715717283733E-002
        1027   1.9832715717283733E-002
        1028   1.9832715717283733E-002
        1029   1.9832715717283733E-002
        1030   1.9832715717283733E-002
        1031   1.9832715717283733E-002
        1032   1.9832715717283733E-002
        1033   1.9832715717283733E-002
        1034   1.9832715717283733E-002
        1035   1.9832715717283733E-002
        1036   1.9832715717283733E-002
        1037   1.9832715717283733E-002
        1038   1.9832715717283733E-002
        1039   1.9832715717283733E-002
        1040   1.9832715717283733E-002
        1041   1.9832715717283733E-002
        1042   1.9832715717283733E-002
        1043   1.9832715717283733E-002
        1044   1.9832715717283733E-002
        1045   1.9832715717283733E-002
        1046   1.9832715717283733E-002
        1047   1.9832715717283733E-002
        1048   1.9832715717283733E-002
        1049   1.9832715717283733E-002
        1050   1.9832715717283733E-002
        1051   1.9832715717283733E-002
        1052   1.9832715717283733E-002
        1053   1.9832715717283733E-002
        1054   1.9832715717283733E-002
        1055   1.9832715717283733E-002
        1056   1.9832715717283733E-002
        1057   1.9832715717283733E-002
        1058   1.9832715717283733E-002
        1059   1.9832715717283733E-002
        1060   1.9832715717283733E-002
        1061   1.9832715717283733E-002
        1062   1.9832715717283733E-002
        1063   1.9832715717283733E-002
        1064   1.9832715717283733E-002
        1065   1.9832715717283733E-002
        1066   1.9832715717283733E-002
        1067   1.9832715717283733E-002
        1068   1.9832715717283733E-002
        1069   1.9832715717283733E-002
        1070   1.9832715717283733E-002
        1071   1.9832715717283733E-002
        1072   1.9832715717283733E-002
        1073   1.9832715717283733E-002
        1074   1.9832715717283733E-002
        1075   1.9832715717283733E-002
        1076   1.9832715717283733E-002
        1077   1.9832715717283733E-002
        1078   1.9832715717283733E-002
        1079   1.9832715717283733E-002
        1080   1.9832715717283733E-002
        1081   1.9832715717283733E-002
        1082   1.9832715717283733E-002
        1083   1.9832715717283733E-002
        1084   1.9832715717283733E-002
        1085   1.9832715717283733E-002
        1086   1.9832715717283733E-002
        1087   1.9832715717283733E-002
        1088   1.9832715717283733E-002
        1089   1.9832715717283733E-002
        1090   1.9832715717283733E-002
        1091   1.9832715717283733E-002
        1092   1.9832715717283733E-002
        1093   1.9832715717283733E-002
        1094   1.9832715717283733E-002
        1095   1.9832715717283733E-002
        1096   1.9832715717283733E-002
        1097   1.9832715717283733E-002
        1098   1.9832715717283733E-002
        1099   1.9832715717283733E-002
        1100   1.9832715717283733E-002
        1101   1.9832715717283733E-002
        1102   1.9832715717283733E-002
        1103   1.9832715717283733E-002
        1104   1.9832715717283733E-002
        1105   1.9832715717283733E-002
        1106   1.9832715717283733E-002
        1107   1.9832715717283733E-002
        1108   1.9832715717283733E-002
        1109   1.9832715717283733E-002
        1110   1.9832715717283733E-002
        1111   1.9832715717283733E-002
        1112   1.9832715717283733E-002
        1113   1.9832715717283733E-002
        1114   1.9832715717283733E-002
        1115   1.9832715717283733E-002
        1116   1.9832715717283733E-002
        1117   1.9832715717283733E-002
        1118   1.9832715717283733E-002
        1119   1.9832715717283733E-002
        1120   1.9832715717283733E-002
        1121   1.9832715717283733E-002
        1122   1.9832715717283733E-002
        1123   1.9832715717283733E-002
        1124   1.9832715717283733E-002
        1125   1.9832715717283733E-002
        1126   1.9832715717283733E-002
        1127   1.9832715717283733E-002
        1128   1.9832715717283733E-002
        1129   1.9832715717283733E-002
        1130   1.9832715717283733E-002
        1131   1.9832715717283733E-002
        1132   1.9832715717283733E-002
        1133   1.9832715717283733E-002
        1134   1.9832715717283733E-002
        1135   1.9832715717283733E-002
        1136   1.9832715717283733E-002
        1137   1.9832715717283733E-002
        1138   1.9832715717283733E-002
        1139   1.9832715717283733E-002
        1140   1.9832715717283733E-002
        1141   1.9832715717283733E-002
        1142   1.9832715717283733E-002
        1143   1.9832715717283733E-002
        1144   1.9832715717283733E-002
        1145   1.9832715717283733E-002
        1146   1.9832715717283733E-002
        1147   1.9832715717283733E-002
        1148   1.9832715717283733E-002
        1149   1.9832715717283733E-002
        1150   1.9832715717283733E-002
        1151   1.9832715717283733E-002
        1152   1.9832715717283733E-002
        1153   1.9832715717283733E-002
        1154   1.9832715717283733E-002
        1155   1.9832715717283733E-002
        1156   1.9832715717283733E-002
        1157   1.9832715717283733E-002
        1158   1.9832715717283733E-002
        1159   1.9832715717283733E-002
        1160   1.9832715717283733E-002
        1161   1.9832715717283733E-002
        1162   1.9832715717283733E-002
        1163   1.9832715717283733E-002
        1164   1.9832715717283733E-002
        1165   1.9832715717283733E-002
        1166   1.9832715717283733E-002
        1167   1.9832715717283733E-002
        1168   1.9832715717283733E-002
        1169   1.9832715717283733E-002
        1170   1.9832715717283733E-002
        1171   1.9832715717283733E-002
        1172   1.9832715717283733E-002
        1173   1.9832715717283733E-002
        1174   1.9832715717283733E-002
        1175   1.9832715717283733E-002
        1176   1.9832715717283733E-002
        1177   1.9832715717283733E-002
        1178   1.9832715717283733E-002
        1179   1.9832715717283733E-002
        1180   1.9832715717283733E-002
        1181   1.9832715717283733E-002
        1182   1.9832715717283733E-002
        1183   1.9832715717283733E-002
        1184   1.9832715717283733E-002
        1185   1.9832715717283733E-002
        1186   1.9832715717283733E-002
        1187   1.9832715717283733E-002
        1188   1.9832715717283733E-002
        1189   1.9832715717283733E-002
        1190   1.9832715717283733E-002
        1191   1.9832715717283733E-002
        1192   1.9832715717283733E-002
        1193   1.9832715717283733E-002
        1194   1.9832715717283733E-002
        1195   1.9832715717283733E-002
        1196   1.9832715717283733E-002
        1197   1.9832715717283733E-002
        1198   1.9832715717283733E-002
        1199   1.9832715717283733E-002
        1200   1.9832715717283733E-002
        1201   1.9832715717283733E-002
        1202   1.9832715717283733E-002
        1203   1.9832715717283733E-002
        1204   1.9832715717283733E-002
        1205   1.9832715717283733E-002
        1206   1.9832715717283733E-002
        1207   1.9832715717283733E-002
        1208   1.9832715717283733E-002
        1209   1.9832715717283733E-002
        1210   1.9832715717283733E-002
        1211   1.9832715717283733E-002
        1212   1.9832715717283733E-002
        1213   1.9832715717283733E-002
        1214   1.9832715717283733E-002
        1215   1.9832715717283733E-002
        1216   1.9832715717283733E-002
        1217   1.9832715717283733E-002
        1218   1.9832715717283733E-002
        1219   1.9832715717283733E-002
        1220   1.9832715717283733E-002
        1221   1.9832715717283733E-002
        1222   1.9832715717283733E-002
        1223   1.9832715717283733E-002
        1224   1.9832715717283733E-002
        1225   1.9832715717283733E-002
        1226   1.9832715717283733E-002
        1227   1.9832715717283733E-002
        1228   1.9832715717283733E-002
        1229   1.9832715717283733E-002
        1230   1.9832715717283733E-002
        1231   1.9832715717283733E-002
        1232   1.9832715717283733E-002
        1233   1.9832715717283733E-002
        1234   1.9832715717283733E-002
        1235   1.9832715717283733E-002
        1236   1.9832715717283733E-002
        1237   1.9832715717283733E-002
        1238   1.9832715717283733E-002
        1239   1.9832715717283733E-002
        1240   1.9832715717283733E-002
        1241   1.9832715717283733E-002
        1242   1.9832715717283733E-002
        1243   1.9832715717283733E-002
        1244   1.9832715717283733E-002
        1245   1.9832715717283733E-002
        1246   1.9832715717283733E-002
        1247   1.9832715717283733E-002
        1248   1.9832715717283733E-002
        1249   1.9832715717283733E-002
        1250   1.9832715717283733E-002
        1251   1.9832715717283733E-002
        1252   1.9832715717283733E-002
        1253   1.9832715717283733E-002
        1254   1.9832715717283733E-002
        1255   1.9832715717283733E-002
        1256   1.9832715717283733E-002
        1257   1.9832715717283733E-002
        1258   1.9832715717283733E-002
        1259   1.9832715717283733E-002
        1260   1.9832715717283733E-002
        1261   1.9832715717283733E-002
        1262   1.9832715717283733E-002
        1263   1.9832715717283733E-002
        1264   1.9832715717283733E-002
        1265   1.9832715717283733E-002
        1266   1.9832715717283733E-002
        1267   1.9832715717283733E-002
        1268   1.9832715717283733E-002
        1269   1.9832715717283733E-002
        1270   1.9832715717283733E-002
        1271   1.9832715717283733E-002
        1272   1.9832715717283733E-002
        1273   1.9832715717283733E-002
        1274   1.9832715717283733E-002
        1275   1.9832715717283733E-002
        1276   1.9832715717283733E-002
        1277   1.9832715717283733E-002
        1278   1.9832715717283733E-002
        1279   1.9832715717283733E-002
        1280   1.9832715717283733E-002
        1281   1.9832715717283733E-002
        1282   1.9832715717283733E-002
        1283   1.9832715717283733E-002
        1284   1.9832715717283733E-002
        1285   1.9832715717283733E-002
        1286   1.9832715717283733E-002
        1287   1.9832715717283733E-002
        1288   1.9832715717283733E-002
        1289   1.9832715717283733E-002
        1290   1.9832715717283733E-002
        1291   1.9832715717283733E-002
        1292   1.9832715717283733E-002
        1293   1.9832715717283733E-002
        1294   1.9832715717283733E-002
        1295   1.9832715717283733E-002
        1296   1.9832715717283733E-002
        1297   1.9832715717283733E-002
        1298   1.9832715717283733E-002
        1299   1.9832715717283733E-002
        1300   1.9832715717283733E-002
        1301   1.9832715717283733E-002
        1302   1.9832715717283733E-002
        1303   1.9832715717283733E-002
        1304   1.9832715717283733E-002
        1305   1.9832715717283733E-002
        1306   1.9832715717283733E-002
        1307   1.9832715717283733E-002
        1308   1.9832715717283733E-002
        1309   1.9832715717283733E-002
        1310   1.9832715717283733E-002
        1311   0.0000000000000000     
