           1   1.9924000000000008     
           2   1.6423999999999994     
           3  0.50579999999999992     
           4   9.6200000000000091E-002
           5   9.6200000000000091E-002
           6   9.6200000000000091E-002
           7   9.6200000000000091E-002
           8   9.6200000000000091E-002
           9   9.6200000000000091E-002
          10   9.6200000000000091E-002
          11   9.6200000000000091E-002
          12   9.6200000000000091E-002
          13   9.6200000000000091E-002
          14   9.6200000000000091E-002
          15   9.6200000000000091E-002
          16   9.6200000000000091E-002
          17   9.6200000000000091E-002
          18   9.6200000000000091E-002
          19   9.6200000000000091E-002
          20   9.6200000000000091E-002
          21   9.6200000000000091E-002
          22   9.6200000000000091E-002
          23   9.6200000000000091E-002
          24   9.6200000000000091E-002
          25   9.6200000000000091E-002
          26   9.6200000000000091E-002
          27   9.6200000000000091E-002
          28   9.6200000000000091E-002
          29   9.6200000000000091E-002
          30   9.6200000000000091E-002
          31   9.6200000000000091E-002
          32   9.6200000000000091E-002
          33   9.6200000000000091E-002
          34   9.6200000000000091E-002
          35   9.6200000000000091E-002
          36   9.6200000000000091E-002
          37   9.6200000000000091E-002
          38   9.6200000000000091E-002
          39   5.4900000000000004E-002
          40   5.4900000000000004E-002
          41   5.4900000000000004E-002
          42   5.4900000000000004E-002
          43   5.4900000000000004E-002
          44   5.4900000000000004E-002
          45   5.4900000000000004E-002
          46   5.4900000000000004E-002
          47   5.4900000000000004E-002
          48   5.4900000000000004E-002
          49   5.4900000000000004E-002
          50   5.4900000000000004E-002
          51   5.4900000000000004E-002
          52   5.4900000000000004E-002
          53   5.4900000000000004E-002
          54   5.4900000000000004E-002
          55   5.4900000000000004E-002
          56   5.4900000000000004E-002
          57   5.4900000000000004E-002
          58   5.4900000000000004E-002
          59   5.4900000000000004E-002
          60   5.4900000000000004E-002
          61   5.4900000000000004E-002
          62   5.4900000000000004E-002
          63   5.4900000000000004E-002
          64   5.4900000000000004E-002
          65   5.4900000000000004E-002
          66   5.4900000000000004E-002
          67   5.4900000000000004E-002
          68   5.4900000000000004E-002
          69   5.4900000000000004E-002
          70   5.4900000000000004E-002
          71   5.4900000000000004E-002
          72   5.4900000000000004E-002
          73   5.4900000000000004E-002
          74   5.4900000000000004E-002
          75   5.4900000000000004E-002
          76   5.4900000000000004E-002
          77   5.4900000000000004E-002
          78   3.1699999999999978E-002
          79   3.1699999999999978E-002
          80   3.1699999999999978E-002
          81   3.1699999999999978E-002
          82   3.1699999999999978E-002
          83   3.1699999999999978E-002
          84   2.6500000000000096E-002
          85   2.6500000000000096E-002
          86   2.6500000000000096E-002
          87   2.6500000000000096E-002
          88   2.6500000000000096E-002
          89   2.6500000000000096E-002
          90   2.6500000000000096E-002
          91   2.6500000000000096E-002
          92   2.4200000000000142E-002
          93   2.4200000000000142E-002
          94   2.4200000000000142E-002
          95   2.4200000000000142E-002
          96   2.4200000000000142E-002
          97   2.4200000000000142E-002
          98   2.4200000000000142E-002
          99   2.4200000000000142E-002
         100   2.4200000000000142E-002
         101   2.4200000000000142E-002
         102   2.4200000000000142E-002
         103   2.4200000000000142E-002
         104   2.4200000000000142E-002
         105   2.4200000000000142E-002
         106   2.4200000000000142E-002
         107   2.4200000000000142E-002
         108   2.4200000000000142E-002
         109   2.4200000000000142E-002
         110   2.4200000000000142E-002
         111   2.4200000000000142E-002
         112   2.4200000000000142E-002
         113   2.4200000000000142E-002
         114   2.4200000000000142E-002
         115   2.4200000000000142E-002
         116   2.4200000000000142E-002
         117   2.4200000000000142E-002
         118   2.4200000000000142E-002
         119   2.4200000000000142E-002
         120   2.4200000000000142E-002
         121   2.4200000000000142E-002
         122   2.4200000000000142E-002
         123   2.4200000000000142E-002
         124   2.4200000000000142E-002
         125   2.4200000000000142E-002
         126   2.4200000000000142E-002
         127   2.4200000000000142E-002
         128   2.4200000000000142E-002
         129   2.4200000000000142E-002
         130   2.4200000000000142E-002
         131   2.4200000000000142E-002
         132   2.4200000000000142E-002
         133   2.4200000000000142E-002
         134   2.4200000000000142E-002
         135   2.4200000000000142E-002
         136   2.4200000000000142E-002
         137   2.4200000000000142E-002
         138   2.4200000000000142E-002
         139   2.4200000000000142E-002
         140   2.4200000000000142E-002
         141   2.4200000000000142E-002
         142   2.4200000000000142E-002
         143   2.4200000000000142E-002
         144   2.4200000000000142E-002
         145   2.4200000000000142E-002
         146   2.4200000000000142E-002
         147   2.4200000000000142E-002
         148   2.4200000000000142E-002
         149   2.4200000000000142E-002
         150   2.4200000000000142E-002
         151   2.4200000000000142E-002
         152   2.4200000000000142E-002
         153   2.4200000000000142E-002
         154   2.4200000000000142E-002
         155   2.4200000000000142E-002
         156   2.4200000000000142E-002
         157   2.4200000000000142E-002
         158   2.4200000000000142E-002
         159   2.4200000000000142E-002
         160   2.4200000000000142E-002
         161   2.4200000000000142E-002
         162   2.4200000000000142E-002
         163   2.4200000000000142E-002
         164   2.4200000000000142E-002
         165   2.4200000000000142E-002
         166   2.4200000000000142E-002
         167   2.4200000000000142E-002
         168   2.4200000000000142E-002
         169   2.4200000000000142E-002
         170   2.4200000000000142E-002
         171   2.4200000000000142E-002
         172   2.4200000000000142E-002
         173   2.4200000000000142E-002
         174   2.4200000000000142E-002
         175   2.4200000000000142E-002
         176   2.4200000000000142E-002
         177   2.4200000000000142E-002
         178   2.4200000000000142E-002
         179   2.4200000000000142E-002
         180   2.4200000000000142E-002
         181   2.4200000000000142E-002
         182   2.4200000000000142E-002
         183   2.4200000000000142E-002
         184   2.4200000000000142E-002
         185   2.4200000000000142E-002
         186   2.4200000000000142E-002
         187   2.4200000000000142E-002
         188   2.4200000000000142E-002
         189   2.4200000000000142E-002
         190   2.4200000000000142E-002
         191   2.4200000000000142E-002
         192   2.4200000000000142E-002
         193   2.4200000000000142E-002
         194   2.4200000000000142E-002
         195   2.4200000000000142E-002
         196   2.4200000000000142E-002
         197   2.4200000000000142E-002
         198   2.4200000000000142E-002
         199   2.4200000000000142E-002
         200   2.4200000000000142E-002
         201   2.4200000000000142E-002
         202   2.4200000000000142E-002
         203   2.4200000000000142E-002
         204   2.4200000000000142E-002
         205   2.4200000000000142E-002
         206   2.4200000000000142E-002
         207   2.4200000000000142E-002
         208   2.4200000000000142E-002
         209   2.4200000000000142E-002
         210   2.4200000000000142E-002
         211   2.4200000000000142E-002
         212   2.4200000000000142E-002
         213   2.4200000000000142E-002
         214   2.4200000000000142E-002
         215   2.4200000000000142E-002
         216   2.4200000000000142E-002
         217   2.4200000000000142E-002
         218   2.4200000000000142E-002
         219   1.5300000000000041E-002
         220   1.3000000000000086E-002
         221   1.3000000000000086E-002
         222   1.3000000000000086E-002
         223   1.3000000000000086E-002
         224   1.3000000000000086E-002
         225   1.3000000000000086E-002
         226   1.3000000000000086E-002
         227   1.3000000000000086E-002
         228   1.3000000000000086E-002
         229   1.3000000000000086E-002
         230   1.3000000000000086E-002
         231   1.3000000000000086E-002
         232   1.3000000000000086E-002
         233   1.3000000000000086E-002
         234   1.3000000000000086E-002
         235   1.3000000000000086E-002
         236   1.3000000000000086E-002
         237   1.3000000000000086E-002
         238   1.3000000000000086E-002
         239   1.3000000000000086E-002
         240   1.3000000000000086E-002
         241   1.3000000000000086E-002
         242   1.3000000000000086E-002
         243   1.3000000000000086E-002
         244   1.3000000000000086E-002
         245   1.3000000000000086E-002
         246   1.3000000000000086E-002
         247   1.3000000000000086E-002
         248   1.3000000000000086E-002
         249   1.3000000000000086E-002
         250   1.3000000000000086E-002
         251   1.3000000000000086E-002
         252   1.3000000000000086E-002
         253   1.3000000000000086E-002
         254   1.3000000000000086E-002
         255   1.3000000000000086E-002
         256   1.3000000000000086E-002
         257   1.3000000000000086E-002
         258   1.3000000000000086E-002
         259   1.3000000000000086E-002
         260   1.3000000000000086E-002
         261   1.3000000000000086E-002
         262   1.3000000000000086E-002
         263   1.3000000000000086E-002
         264   1.3000000000000086E-002
         265   1.3000000000000086E-002
         266   1.3000000000000086E-002
         267   1.3000000000000086E-002
         268   1.3000000000000086E-002
         269   1.3000000000000086E-002
         270   1.3000000000000086E-002
         271   1.3000000000000086E-002
         272   1.3000000000000086E-002
         273   1.3000000000000086E-002
         274   1.3000000000000086E-002
         275   1.3000000000000086E-002
         276   1.3000000000000086E-002
         277   1.3000000000000086E-002
         278   1.3000000000000086E-002
         279   1.3000000000000086E-002
         280   1.3000000000000086E-002
         281   1.3000000000000086E-002
         282   1.3000000000000086E-002
         283   1.3000000000000086E-002
         284   1.3000000000000086E-002
         285   1.3000000000000086E-002
         286   1.3000000000000086E-002
         287   1.3000000000000086E-002
         288   1.3000000000000086E-002
         289   1.3000000000000086E-002
         290   1.3000000000000086E-002
         291   1.3000000000000086E-002
         292   1.3000000000000086E-002
         293   1.3000000000000086E-002
         294   1.3000000000000086E-002
         295   1.3000000000000086E-002
         296   1.3000000000000086E-002
         297   1.3000000000000086E-002
         298   1.3000000000000086E-002
         299   1.2200000000000067E-002
         300   1.2200000000000067E-002
         301   1.2200000000000067E-002
         302   1.2200000000000067E-002
         303   1.2200000000000067E-002
         304   1.2200000000000067E-002
         305   1.2200000000000067E-002
         306   1.2200000000000067E-002
         307   1.2200000000000067E-002
         308   1.2200000000000067E-002
         309   1.2200000000000067E-002
         310   1.2200000000000067E-002
         311   1.2200000000000067E-002
         312   1.2200000000000067E-002
         313   1.2200000000000067E-002
         314   1.2200000000000067E-002
         315   1.2100000000000071E-002
         316   1.2100000000000071E-002
         317   1.2100000000000071E-002
         318   1.2100000000000071E-002
         319   1.2100000000000071E-002
         320   1.2100000000000071E-002
         321   1.2100000000000071E-002
         322   1.2100000000000071E-002
         323   1.2100000000000071E-002
         324   1.2100000000000071E-002
         325   1.2100000000000071E-002
         326   1.2100000000000071E-002
         327   1.2100000000000071E-002
         328   1.2100000000000071E-002
         329   1.2100000000000071E-002
         330   1.2100000000000071E-002
         331   1.2100000000000071E-002
         332   1.2100000000000071E-002
         333   1.2100000000000071E-002
         334   1.2100000000000071E-002
         335   1.2100000000000071E-002
         336   1.2100000000000071E-002
         337   1.2100000000000071E-002
         338   1.2100000000000071E-002
         339   1.2100000000000071E-002
         340   1.2100000000000071E-002
         341   1.2100000000000071E-002
         342   1.2100000000000071E-002
         343   1.2100000000000071E-002
         344   1.2100000000000071E-002
         345   1.2100000000000071E-002
         346   1.2100000000000071E-002
         347   1.2100000000000071E-002
         348   1.2100000000000071E-002
         349   1.2100000000000071E-002
         350   1.2100000000000071E-002
         351   1.2100000000000071E-002
         352   1.2100000000000071E-002
         353   1.2100000000000071E-002
         354   1.2100000000000071E-002
         355   1.2100000000000071E-002
         356   1.2100000000000071E-002
         357   1.2100000000000071E-002
         358   1.2100000000000071E-002
         359   1.2100000000000071E-002
         360   1.2100000000000071E-002
         361   1.2100000000000071E-002
         362   1.2100000000000071E-002
         363   1.2100000000000071E-002
         364   1.2100000000000071E-002
         365   1.2100000000000071E-002
         366   1.2100000000000071E-002
         367   1.2100000000000071E-002
         368   1.2100000000000071E-002
         369   1.2100000000000071E-002
         370   1.2100000000000071E-002
         371   1.2100000000000071E-002
         372   1.2100000000000071E-002
         373   1.2100000000000071E-002
         374   1.2100000000000071E-002
         375   1.2100000000000071E-002
         376   1.2100000000000071E-002
         377   1.2100000000000071E-002
         378   1.2100000000000071E-002
         379   1.2100000000000071E-002
         380   1.2100000000000071E-002
         381   1.2100000000000071E-002
         382   1.2100000000000071E-002
         383   1.2100000000000071E-002
         384   1.2100000000000071E-002
         385   1.2100000000000071E-002
         386   1.2100000000000071E-002
         387   1.2100000000000071E-002
         388   1.2100000000000071E-002
         389   1.2100000000000071E-002
         390   1.2100000000000071E-002
         391   1.2100000000000071E-002
         392   1.2100000000000071E-002
         393   1.2100000000000071E-002
         394   1.2100000000000071E-002
         395   1.2100000000000071E-002
         396   1.2100000000000071E-002
         397   1.2100000000000071E-002
         398   1.2100000000000071E-002
         399   1.2100000000000071E-002
         400   1.2100000000000071E-002
         401   1.2100000000000071E-002
         402   1.2100000000000071E-002
         403   1.2100000000000071E-002
         404   1.2100000000000071E-002
         405   1.2100000000000071E-002
         406   1.2100000000000071E-002
         407   1.2100000000000071E-002
         408   1.2100000000000071E-002
         409   1.2100000000000071E-002
         410   1.2100000000000071E-002
         411   1.2100000000000071E-002
         412   1.2100000000000071E-002
         413   1.2100000000000071E-002
         414   1.2100000000000071E-002
         415   1.2100000000000071E-002
         416   1.2100000000000071E-002
         417   1.2100000000000071E-002
         418   1.2100000000000071E-002
         419   1.2100000000000071E-002
         420   1.2100000000000071E-002
         421   1.2100000000000071E-002
         422   1.2100000000000071E-002
         423   1.2100000000000071E-002
         424   1.2100000000000071E-002
         425   1.2100000000000071E-002
         426   1.2100000000000071E-002
         427   1.2100000000000071E-002
         428   1.2100000000000071E-002
         429   1.2100000000000071E-002
         430   1.2100000000000071E-002
         431   1.2100000000000071E-002
         432   1.2100000000000071E-002
         433   1.2100000000000071E-002
         434   1.2100000000000071E-002
         435   1.2100000000000071E-002
         436   1.2100000000000071E-002
         437   1.2100000000000071E-002
         438   1.2100000000000071E-002
         439   1.2100000000000071E-002
         440   1.2100000000000071E-002
         441   1.2100000000000071E-002
         442   1.2100000000000071E-002
         443   1.2100000000000071E-002
         444   1.2100000000000071E-002
         445   1.2100000000000071E-002
         446   1.2100000000000071E-002
         447   1.2100000000000071E-002
         448   1.2100000000000071E-002
         449   1.2100000000000071E-002
         450   1.2100000000000071E-002
         451   1.2100000000000071E-002
         452   1.2100000000000071E-002
         453   1.2100000000000071E-002
         454   1.2100000000000071E-002
         455   1.2100000000000071E-002
         456   1.2100000000000071E-002
         457   1.2100000000000071E-002
         458   1.2100000000000071E-002
         459   1.2100000000000071E-002
         460   1.2100000000000071E-002
         461   1.2100000000000071E-002
         462   1.2100000000000071E-002
         463   1.2100000000000071E-002
         464   1.2100000000000071E-002
         465   1.2100000000000071E-002
         466   1.2100000000000071E-002
         467   1.2100000000000071E-002
         468   1.2100000000000071E-002
         469   1.2100000000000071E-002
         470   1.2100000000000071E-002
         471   1.2100000000000071E-002
         472   1.2100000000000071E-002
         473   1.2100000000000071E-002
         474   1.2100000000000071E-002
         475   1.2100000000000071E-002
         476   1.2100000000000071E-002
         477   1.2100000000000071E-002
         478   1.2100000000000071E-002
         479   1.2100000000000071E-002
         480   1.2100000000000071E-002
         481   1.2100000000000071E-002
         482   1.2100000000000071E-002
         483   1.2100000000000071E-002
         484   1.2100000000000071E-002
         485   1.2100000000000071E-002
         486   1.2100000000000071E-002
         487   1.2100000000000071E-002
         488   1.2100000000000071E-002
         489   1.2100000000000071E-002
         490   1.2100000000000071E-002
         491   1.2100000000000071E-002
         492   1.2100000000000071E-002
         493   1.2100000000000071E-002
         494   1.2100000000000071E-002
         495   1.2100000000000071E-002
         496   1.2100000000000071E-002
         497   1.2100000000000071E-002
         498   1.2100000000000071E-002
         499   1.2100000000000071E-002
         500   1.2100000000000071E-002
         501   1.2100000000000071E-002
         502   1.2100000000000071E-002
         503   1.2100000000000071E-002
         504   1.2100000000000071E-002
         505   1.2100000000000071E-002
         506   1.2100000000000071E-002
         507   1.2100000000000071E-002
         508   1.2100000000000071E-002
         509   1.2100000000000071E-002
         510   1.2100000000000071E-002
         511   1.2100000000000071E-002
         512   1.2100000000000071E-002
         513   1.2100000000000071E-002
         514   1.2100000000000071E-002
         515   1.2100000000000071E-002
         516   1.2100000000000071E-002
         517   1.2100000000000071E-002
         518   1.2100000000000071E-002
         519   1.2100000000000071E-002
         520   1.2100000000000071E-002
         521   1.2100000000000071E-002
         522   1.2100000000000071E-002
         523   1.2100000000000071E-002
         524   1.2100000000000071E-002
         525   1.2100000000000071E-002
         526   1.2100000000000071E-002
         527   1.2100000000000071E-002
         528   1.2100000000000071E-002
         529   1.2100000000000071E-002
         530   1.2100000000000071E-002
         531   1.2100000000000071E-002
         532   1.2100000000000071E-002
         533   1.2100000000000071E-002
         534   1.2100000000000071E-002
         535   1.2100000000000071E-002
         536   1.2100000000000071E-002
         537   1.2100000000000071E-002
         538   1.2100000000000071E-002
         539   1.2100000000000071E-002
         540   1.2100000000000071E-002
         541   1.2100000000000071E-002
         542   1.2100000000000071E-002
         543   1.2100000000000071E-002
         544   1.2100000000000071E-002
         545   1.2100000000000071E-002
         546   1.2100000000000071E-002
         547   1.2100000000000071E-002
         548   1.2100000000000071E-002
         549   1.2100000000000071E-002
         550   1.2100000000000071E-002
         551   1.2100000000000071E-002
         552   1.2100000000000071E-002
         553   1.2100000000000071E-002
         554   1.2100000000000071E-002
         555   1.2100000000000071E-002
         556   1.2100000000000071E-002
         557   1.2100000000000071E-002
         558   1.2100000000000071E-002
         559   1.2100000000000071E-002
         560   1.2100000000000071E-002
         561   1.2100000000000071E-002
         562   1.2100000000000071E-002
         563   1.2100000000000071E-002
         564   1.2100000000000071E-002
         565   1.2100000000000071E-002
         566   1.2100000000000071E-002
         567   1.2100000000000071E-002
         568   1.2100000000000071E-002
         569   1.2100000000000071E-002
         570   1.2100000000000071E-002
         571   1.2100000000000071E-002
         572   1.2100000000000071E-002
         573   1.2100000000000071E-002
         574   1.2100000000000071E-002
         575   1.2100000000000071E-002
         576   1.2100000000000071E-002
         577   1.2100000000000071E-002
         578   1.2100000000000071E-002
         579   1.2100000000000071E-002
         580   1.2100000000000071E-002
         581   1.2100000000000071E-002
         582   1.2100000000000071E-002
         583   1.2100000000000071E-002
         584   1.2100000000000071E-002
         585   1.2100000000000071E-002
         586   1.2100000000000071E-002
         587   1.2100000000000071E-002
         588   1.2100000000000071E-002
         589   1.2100000000000071E-002
         590   1.2100000000000071E-002
         591   1.2100000000000071E-002
         592   1.2100000000000071E-002
         593   1.2100000000000071E-002
         594   1.2100000000000071E-002
         595   1.2100000000000071E-002
         596   1.2100000000000071E-002
         597   1.2100000000000071E-002
         598   1.2100000000000071E-002
         599   1.2100000000000071E-002
         600   1.2100000000000071E-002
         601   1.2100000000000071E-002
         602   1.2100000000000071E-002
         603   1.2100000000000071E-002
         604   1.2100000000000071E-002
         605   1.2100000000000071E-002
         606   1.2100000000000071E-002
         607   8.0000000000000140E-003
