           1  0.71619999999999950     
           2  0.33010000000000012     
           3  0.25450000000000023     
           4  0.18610000000000021     
           5  0.18610000000000021     
           6  0.18610000000000021     
           7  0.18610000000000021     
           8  0.18610000000000021     
           9  0.18610000000000021     
          10  0.14129999999999995     
          11  0.14129999999999995     
          12  0.14129999999999995     
          13  0.12500000000000028     
          14  0.12500000000000028     
          15  0.11889999999999987     
          16  0.10930000000000004     
          17   9.6500000000000294E-002
          18   6.1299999999999875E-002
          19   2.9299999999999958E-002
          20   2.9299999999999958E-002
          21   2.9299999999999958E-002
          22   2.9299999999999958E-002
          23   2.9299999999999958E-002
          24   2.9299999999999958E-002
          25   2.9299999999999958E-002
          26   2.9299999999999958E-002
          27   2.9299999999999958E-002
          28   2.9299999999999958E-002
          29   2.9299999999999958E-002
          30   2.8999999999999970E-002
          31   2.8999999999999970E-002
          32   2.2600000000000103E-002
          33   2.2600000000000103E-002
          34   2.2600000000000103E-002
          35   2.2600000000000103E-002
          36   2.2600000000000103E-002
          37   1.6999999999999967E-002
          38   1.6999999999999967E-002
          39   1.6999999999999967E-002
          40   1.6999999999999967E-002
          41   1.6999999999999967E-002
          42   1.6999999999999967E-002
          43   1.6999999999999967E-002
          44   1.6999999999999967E-002
          45   1.6999999999999967E-002
          46   1.6999999999999967E-002
          47   1.2200000000000067E-002
          48   1.2200000000000067E-002
          49   1.2200000000000067E-002
          50   1.2200000000000067E-002
          51   1.2200000000000067E-002
          52   1.2200000000000067E-002
          53   1.2200000000000067E-002
          54   1.2200000000000067E-002
          55   1.2200000000000067E-002
          56   1.2200000000000067E-002
          57   1.2200000000000067E-002
          58   1.2200000000000067E-002
          59   1.2200000000000067E-002
          60   1.2200000000000067E-002
          61   1.2200000000000067E-002
          62   1.2200000000000067E-002
          63   1.2200000000000067E-002
          64   1.2200000000000067E-002
          65   1.2200000000000067E-002
          66   1.2200000000000067E-002
          67   1.2200000000000067E-002
          68   1.2200000000000067E-002
          69   1.2200000000000067E-002
          70   1.2200000000000067E-002
          71   1.2200000000000067E-002
          72   1.2200000000000067E-002
          73   1.2200000000000067E-002
          74   1.2200000000000067E-002
          75   1.2200000000000067E-002
          76   1.2200000000000067E-002
          77   1.2200000000000067E-002
          78   1.2200000000000067E-002
          79   1.2200000000000067E-002
          80   1.2200000000000067E-002
          81   1.2100000000000071E-002
          82   1.2100000000000071E-002
          83   1.2100000000000071E-002
          84   1.2100000000000071E-002
          85   1.2100000000000071E-002
          86   1.2100000000000071E-002
          87   1.2100000000000071E-002
          88   1.2100000000000071E-002
          89   1.2100000000000071E-002
          90   1.2100000000000071E-002
          91   1.2100000000000071E-002
          92   1.2100000000000071E-002
          93   1.2100000000000071E-002
          94   1.2100000000000071E-002
          95   1.2100000000000071E-002
          96   1.2100000000000071E-002
          97   1.2100000000000071E-002
          98   1.2100000000000071E-002
          99   1.2100000000000071E-002
         100   1.2100000000000071E-002
         101   1.2100000000000071E-002
         102   1.2100000000000071E-002
         103   1.2100000000000071E-002
         104   1.2100000000000071E-002
         105   1.2100000000000071E-002
         106   1.2100000000000071E-002
         107   1.2100000000000071E-002
         108   1.2100000000000071E-002
         109   1.2100000000000071E-002
         110   1.2100000000000071E-002
         111   1.2100000000000071E-002
         112   1.2100000000000071E-002
         113   1.2100000000000071E-002
         114   1.2100000000000071E-002
         115   1.2100000000000071E-002
         116   1.2100000000000071E-002
         117   1.2100000000000071E-002
         118   1.2100000000000071E-002
         119   1.2100000000000071E-002
         120   1.2100000000000071E-002
         121   1.2100000000000071E-002
         122   1.2100000000000071E-002
         123   1.2100000000000071E-002
         124   1.2100000000000071E-002
         125   1.2100000000000071E-002
         126   1.2100000000000071E-002
         127   1.2100000000000071E-002
         128   1.2100000000000071E-002
         129   1.2100000000000071E-002
         130   1.2100000000000071E-002
         131   1.2100000000000071E-002
         132   1.2100000000000071E-002
         133   1.2100000000000071E-002
         134   1.2100000000000071E-002
         135   1.2100000000000071E-002
         136   1.2100000000000071E-002
         137   1.2100000000000071E-002
         138   1.2100000000000071E-002
         139   1.2100000000000071E-002
         140   1.2100000000000071E-002
         141   1.2100000000000071E-002
         142   1.2100000000000071E-002
         143   1.2100000000000071E-002
         144   1.2100000000000071E-002
         145   1.2100000000000071E-002
         146   1.2100000000000071E-002
         147   1.2100000000000071E-002
         148   1.2100000000000071E-002
         149   1.2100000000000071E-002
         150   1.2100000000000071E-002
         151   1.2100000000000071E-002
         152   1.2100000000000071E-002
         153   1.2100000000000071E-002
         154   1.2100000000000071E-002
         155   1.2100000000000071E-002
         156   1.2100000000000071E-002
         157   1.2100000000000071E-002
         158   1.2100000000000071E-002
         159   1.2100000000000071E-002
         160   1.2100000000000071E-002
         161   1.2100000000000071E-002
         162   1.2100000000000071E-002
         163   1.2100000000000071E-002
         164   1.2100000000000071E-002
         165   1.2100000000000071E-002
         166   1.2100000000000071E-002
         167   1.2100000000000071E-002
         168   1.2100000000000071E-002
         169   1.2100000000000071E-002
         170   1.2100000000000071E-002
         171   1.2100000000000071E-002
         172   1.2100000000000071E-002
         173   1.2100000000000071E-002
         174   1.2100000000000071E-002
         175   1.2100000000000071E-002
         176   1.2100000000000071E-002
         177   1.2100000000000071E-002
         178   1.2100000000000071E-002
         179   1.2100000000000071E-002
         180   1.2100000000000071E-002
         181   1.2100000000000071E-002
         182   1.2100000000000071E-002
         183   1.2100000000000071E-002
         184   1.2100000000000071E-002
         185   1.2100000000000071E-002
         186   1.2100000000000071E-002
         187   1.2100000000000071E-002
         188   1.2100000000000071E-002
         189   1.2100000000000071E-002
         190   1.2100000000000071E-002
         191   1.2100000000000071E-002
         192   1.2100000000000071E-002
         193   1.2100000000000071E-002
         194   1.2100000000000071E-002
         195   1.2100000000000071E-002
         196   1.2100000000000071E-002
         197   1.2100000000000071E-002
         198   1.2100000000000071E-002
         199   1.2100000000000071E-002
         200   1.2100000000000071E-002
         201   1.2100000000000071E-002
         202   1.2100000000000071E-002
         203   1.2100000000000071E-002
         204   1.2100000000000071E-002
         205   1.2100000000000071E-002
         206   1.2100000000000071E-002
         207   1.2100000000000071E-002
         208   1.2100000000000071E-002
         209   1.2100000000000071E-002
         210   1.2100000000000071E-002
         211   1.2100000000000071E-002
         212   1.2100000000000071E-002
         213   1.2100000000000071E-002
         214   1.2100000000000071E-002
         215   1.2100000000000071E-002
         216   1.2100000000000071E-002
         217   1.2100000000000071E-002
         218   1.2100000000000071E-002
         219   1.2100000000000071E-002
         220   1.2100000000000071E-002
         221   1.2100000000000071E-002
         222   1.2100000000000071E-002
         223   1.2100000000000071E-002
         224   1.2100000000000071E-002
         225   1.2100000000000071E-002
         226   1.2100000000000071E-002
         227   1.2100000000000071E-002
         228   1.2100000000000071E-002
         229   1.2100000000000071E-002
         230   1.2100000000000071E-002
         231   1.2100000000000071E-002
         232   1.2100000000000071E-002
         233   1.2100000000000071E-002
         234   1.2100000000000071E-002
         235   1.2100000000000071E-002
         236   1.2100000000000071E-002
         237   1.2100000000000071E-002
         238   1.2100000000000071E-002
         239   1.2100000000000071E-002
         240   1.2100000000000071E-002
         241   1.2100000000000071E-002
         242   1.2100000000000071E-002
         243   1.2100000000000071E-002
         244   1.2100000000000071E-002
         245   1.2100000000000071E-002
         246   1.2100000000000071E-002
         247   1.2100000000000071E-002
         248   1.2100000000000071E-002
         249   1.2100000000000071E-002
         250   1.2100000000000071E-002
         251   1.2100000000000071E-002
         252   1.2100000000000071E-002
         253   1.2100000000000071E-002
         254   2.8999999999999651E-003
