           1  0.28729999999999994     
           2  0.28729999999999994     
           3  0.28729999999999994     
           4  0.28729999999999994     
           5  0.28729999999999994     
           6  0.28729999999999994     
           7  0.28729999999999994     
           8  0.28729999999999994     
           9  0.28729999999999994     
          10  0.28729999999999994     
          11  0.28729999999999994     
          12  0.28729999999999994     
          13  0.28729999999999994     
          14  0.28729999999999994     
          15  0.28729999999999994     
          16  0.28729999999999994     
          17  0.28729999999999994     
          18  0.28729999999999994     
          19  0.28729999999999994     
          20  0.28729999999999994     
          21  0.28729999999999994     
          22  0.28729999999999994     
          23  0.28729999999999994     
          24  0.28729999999999994     
          25  0.28729999999999994     
          26  0.28729999999999994     
          27  0.28729999999999994     
          28  0.28729999999999994     
          29  0.28729999999999994     
          30  0.23300000000000037     
          31   3.1399999999999956E-002
          32   1.4600000000000054E-002
          33   1.4600000000000054E-002
          34   1.4600000000000054E-002
          35   1.4600000000000054E-002
          36   1.4600000000000054E-002
          37   1.4600000000000054E-002
          38   1.4600000000000054E-002
          39   1.4600000000000054E-002
          40   1.4600000000000054E-002
          41   1.4600000000000054E-002
          42   1.4600000000000054E-002
          43   1.4600000000000054E-002
          44   1.4600000000000054E-002
          45   1.4600000000000054E-002
          46   1.4600000000000054E-002
          47   1.4600000000000054E-002
          48   1.4600000000000054E-002
          49   1.4600000000000054E-002
          50   1.4600000000000054E-002
          51   1.4600000000000054E-002
          52   1.4600000000000054E-002
          53   1.4600000000000054E-002
          54   1.4600000000000054E-002
          55   1.4600000000000054E-002
          56   1.4600000000000054E-002
          57   1.4600000000000054E-002
          58   1.4600000000000054E-002
          59   1.4600000000000054E-002
          60   1.4600000000000054E-002
          61   1.4600000000000054E-002
          62   1.4600000000000054E-002
          63   1.4600000000000054E-002
          64   1.4600000000000054E-002
          65   1.4600000000000054E-002
          66   1.4600000000000054E-002
          67   1.4600000000000054E-002
          68   1.4600000000000054E-002
          69   1.4600000000000054E-002
          70   1.4600000000000054E-002
          71   1.4600000000000054E-002
          72   1.4600000000000054E-002
          73   1.4600000000000054E-002
          74   1.4600000000000054E-002
          75   1.4600000000000054E-002
          76   1.4600000000000054E-002
          77   1.4600000000000054E-002
          78   1.4600000000000054E-002
          79   1.4600000000000054E-002
          80   1.4600000000000054E-002
          81   1.4600000000000054E-002
          82   1.4600000000000054E-002
          83   1.4600000000000054E-002
          84   1.4600000000000054E-002
          85   1.4600000000000054E-002
          86   1.4600000000000054E-002
          87   1.4600000000000054E-002
          88   1.4600000000000054E-002
          89   1.4600000000000054E-002
          90   1.4600000000000054E-002
          91   1.4600000000000054E-002
          92   1.4600000000000054E-002
          93   1.4600000000000054E-002
          94   1.4600000000000054E-002
          95   1.4600000000000054E-002
          96   1.4600000000000054E-002
          97   1.4600000000000054E-002
          98   1.4600000000000054E-002
          99   1.4600000000000054E-002
         100   1.3000000000000086E-002
         101   1.3000000000000086E-002
         102   1.3000000000000086E-002
         103   1.3000000000000086E-002
         104   1.2500000000000089E-002
         105   1.2500000000000054E-002
         106   1.2500000000000054E-002
         107   1.2500000000000054E-002
         108   1.2500000000000054E-002
         109   1.2500000000000054E-002
         110   1.2500000000000054E-002
         111   1.2500000000000054E-002
         112   1.2500000000000054E-002
         113   1.2500000000000054E-002
         114   1.2500000000000054E-002
         115   1.2500000000000054E-002
         116   1.2500000000000054E-002
         117   1.2500000000000054E-002
         118   1.2500000000000054E-002
         119   1.2200000000000067E-002
         120   1.2200000000000067E-002
         121   1.2200000000000067E-002
         122   1.2200000000000067E-002
         123   1.2200000000000067E-002
         124   1.2200000000000067E-002
         125   1.2200000000000067E-002
         126   1.2200000000000067E-002
         127   1.2200000000000067E-002
         128   1.2200000000000067E-002
         129   1.2200000000000067E-002
         130   1.2200000000000067E-002
         131   1.2200000000000067E-002
         132   1.2200000000000067E-002
         133   1.2200000000000067E-002
         134   1.2200000000000067E-002
         135   1.2200000000000067E-002
         136   1.2200000000000067E-002
         137   1.2200000000000067E-002
         138   1.2200000000000067E-002
         139   1.2200000000000067E-002
         140   1.2200000000000067E-002
         141   1.2200000000000067E-002
         142   1.2200000000000067E-002
         143   1.2200000000000067E-002
         144   1.2200000000000067E-002
         145   1.2200000000000067E-002
         146   1.2200000000000067E-002
         147   1.2200000000000067E-002
         148   1.2200000000000067E-002
         149   1.2200000000000067E-002
         150   1.2200000000000067E-002
         151   4.0999999999999856E-003
