           1   1.4450000000000001     
           2   1.4450000000000001     
           3   1.4450000000000001     
           4   1.4450000000000001     
           5   1.3568000000000005     
           6  0.80090000000000106     
           7  0.20090000000000052     
           8  0.18080000000000032     
           9  0.17450000000000043     
          10  0.17450000000000043     
          11  0.12170000000000036     
          12  0.12170000000000036     
          13  0.12170000000000036     
          14  0.12170000000000036     
          15  0.12170000000000036     
          16  0.12170000000000036     
          17  0.12170000000000036     
          18  0.12170000000000036     
          19  0.10400000000000018     
          20  0.10400000000000018     
          21  0.10400000000000018     
          22  0.10400000000000018     
          23  0.10400000000000018     
          24  0.10400000000000018     
          25  0.10400000000000018     
          26  0.10400000000000018     
          27  0.10400000000000018     
          28  0.10400000000000018     
          29  0.10400000000000018     
          30  0.10400000000000018     
          31  0.10400000000000018     
          32  0.10400000000000018     
          33  0.10400000000000018     
          34  0.10400000000000018     
          35  0.10400000000000018     
          36  0.10400000000000018     
          37  0.10400000000000018     
          38  0.10400000000000018     
          39  0.10400000000000018     
          40  0.10400000000000018     
          41  0.10400000000000018     
          42  0.10400000000000018     
          43  0.10400000000000018     
          44  0.10400000000000018     
          45  0.10400000000000018     
          46  0.10400000000000018     
          47  0.10400000000000018     
          48  0.10400000000000018     
          49  0.10400000000000018     
          50  0.10400000000000018     
          51  0.10400000000000018     
          52  0.10400000000000018     
          53  0.10400000000000018     
          54   9.8500000000000310E-002
          55   9.8500000000000310E-002
          56   9.8500000000000310E-002
          57   9.8500000000000310E-002
          58   7.9300000000000273E-002
          59   7.9300000000000273E-002
          60   7.9300000000000273E-002
          61   7.9300000000000273E-002
          62   7.9300000000000273E-002
          63   7.9300000000000273E-002
          64   7.9300000000000273E-002
          65   7.9300000000000273E-002
          66   7.9300000000000273E-002
          67   7.9300000000000273E-002
          68   7.9300000000000273E-002
          69   7.9300000000000273E-002
          70   7.9300000000000273E-002
          71   7.9300000000000273E-002
          72   7.9300000000000273E-002
          73   7.9300000000000273E-002
          74   7.9300000000000273E-002
          75   7.9300000000000273E-002
          76   7.9300000000000273E-002
          77   7.9300000000000273E-002
          78   7.9300000000000273E-002
          79   5.1200000000000093E-002
          80   5.1200000000000093E-002
          81   5.1200000000000093E-002
          82   4.8100000000000157E-002
          83   4.0000000000000070E-002
          84   4.0000000000000070E-002
          85   4.0000000000000070E-002
          86   4.0000000000000070E-002
          87   4.0000000000000070E-002
          88   4.0000000000000070E-002
          89   4.0000000000000070E-002
          90   4.0000000000000070E-002
          91   4.0000000000000070E-002
          92   4.0000000000000070E-002
          93   4.0000000000000070E-002
          94   4.0000000000000070E-002
          95   4.0000000000000070E-002
          96   4.0000000000000070E-002
          97   4.0000000000000070E-002
          98   4.0000000000000070E-002
          99   4.0000000000000070E-002
         100   4.0000000000000070E-002
         101   4.0000000000000070E-002
         102   4.0000000000000070E-002
         103   4.0000000000000070E-002
         104   4.0000000000000070E-002
         105   4.0000000000000070E-002
         106   4.0000000000000070E-002
         107   4.0000000000000070E-002
         108   4.0000000000000070E-002
         109   4.0000000000000070E-002
         110   4.0000000000000070E-002
         111   4.0000000000000070E-002
         112   4.0000000000000070E-002
         113   4.0000000000000070E-002
         114   4.0000000000000070E-002
         115   4.0000000000000070E-002
         116   4.0000000000000070E-002
         117   4.0000000000000070E-002
         118   4.0000000000000070E-002
         119   4.0000000000000070E-002
         120   4.0000000000000070E-002
         121   4.0000000000000070E-002
         122   4.0000000000000070E-002
         123   4.0000000000000070E-002
         124   4.0000000000000070E-002
         125   4.0000000000000070E-002
         126   4.0000000000000070E-002
         127   4.0000000000000070E-002
         128   4.0000000000000070E-002
         129   4.0000000000000070E-002
         130   4.0000000000000070E-002
         131   4.0000000000000070E-002
         132   4.0000000000000070E-002
         133   4.0000000000000070E-002
         134   4.0000000000000070E-002
         135   4.0000000000000070E-002
         136   4.0000000000000070E-002
         137   4.0000000000000070E-002
         138   4.0000000000000070E-002
         139   4.0000000000000070E-002
         140   4.0000000000000070E-002
         141   4.0000000000000070E-002
         142   4.0000000000000070E-002
         143   4.0000000000000070E-002
         144   4.0000000000000070E-002
         145   4.0000000000000070E-002
         146   4.0000000000000070E-002
         147   4.0000000000000070E-002
         148   4.0000000000000070E-002
         149   4.0000000000000070E-002
         150   4.0000000000000070E-002
         151   4.0000000000000070E-002
         152   4.0000000000000070E-002
         153   4.0000000000000070E-002
         154   4.0000000000000070E-002
         155   4.0000000000000070E-002
         156   4.0000000000000070E-002
         157   4.0000000000000070E-002
         158   4.0000000000000070E-002
         159   4.0000000000000070E-002
         160   4.0000000000000070E-002
         161   4.0000000000000070E-002
         162   4.0000000000000070E-002
         163   4.0000000000000070E-002
         164   4.0000000000000070E-002
         165   4.0000000000000070E-002
         166   3.6900000000000134E-002
         167   3.6900000000000134E-002
         168   3.6900000000000134E-002
         169   3.6900000000000134E-002
         170   3.6900000000000134E-002
         171   3.6900000000000134E-002
         172   3.6900000000000134E-002
         173   3.6900000000000134E-002
         174   3.6900000000000134E-002
         175   3.6900000000000134E-002
         176   3.6900000000000134E-002
         177   3.6900000000000134E-002
         178   2.9000000000000040E-002
         179   2.9000000000000040E-002
         180   2.9000000000000040E-002
         181   2.9000000000000040E-002
         182   2.9000000000000040E-002
         183   2.9000000000000040E-002
         184   2.9000000000000040E-002
         185   2.9000000000000040E-002
         186   2.9000000000000040E-002
         187   2.9000000000000040E-002
         188   2.9000000000000040E-002
         189   2.9000000000000040E-002
         190   2.9000000000000040E-002
         191   2.9000000000000040E-002
         192   2.9000000000000040E-002
         193   2.9000000000000040E-002
         194   2.9000000000000040E-002
         195   2.9000000000000040E-002
         196   2.9000000000000040E-002
         197   2.9000000000000040E-002
         198   2.4200000000000142E-002
         199   2.4200000000000142E-002
         200   2.4200000000000142E-002
         201   2.4200000000000142E-002
         202   2.4200000000000142E-002
         203   2.4200000000000142E-002
         204   2.4200000000000142E-002
         205   2.4200000000000142E-002
         206   2.4200000000000142E-002
         207   2.4200000000000142E-002
         208   2.4200000000000142E-002
         209   2.4200000000000142E-002
         210   2.4200000000000142E-002
         211   2.4200000000000142E-002
         212   2.4200000000000142E-002
         213   2.4200000000000142E-002
         214   2.4200000000000142E-002
         215   2.4200000000000142E-002
         216   2.4200000000000142E-002
         217   2.4200000000000142E-002
         218   2.4200000000000142E-002
         219   2.4200000000000142E-002
         220   2.4200000000000142E-002
         221   2.4200000000000142E-002
         222   2.4200000000000142E-002
         223   2.4200000000000142E-002
         224   2.4200000000000142E-002
         225   2.4200000000000142E-002
         226   2.4200000000000142E-002
         227   2.4200000000000142E-002
         228   2.4200000000000142E-002
         229   2.4200000000000142E-002
         230   2.4200000000000142E-002
         231   2.4200000000000142E-002
         232   2.4200000000000142E-002
         233   2.4200000000000142E-002
         234   2.4200000000000142E-002
         235   2.4200000000000142E-002
         236   2.4200000000000142E-002
         237   2.4200000000000142E-002
         238   2.4200000000000142E-002
         239   2.4200000000000142E-002
         240   2.4200000000000142E-002
         241   2.4200000000000142E-002
         242   2.4200000000000142E-002
         243   2.4200000000000142E-002
         244   2.4200000000000142E-002
         245   2.2099999999999891E-002
         246   1.6900000000000009E-002
         247   1.6900000000000009E-002
         248   1.6900000000000009E-002
         249   1.6900000000000009E-002
         250   1.6900000000000009E-002
         251   1.6900000000000009E-002
         252   1.6900000000000009E-002
         253   1.6900000000000009E-002
         254   1.6900000000000009E-002
         255   1.6900000000000009E-002
         256   1.6900000000000009E-002
         257   1.6900000000000009E-002
         258   1.6900000000000009E-002
         259   1.6900000000000009E-002
         260   1.6900000000000009E-002
         261   1.6900000000000009E-002
         262   1.6900000000000009E-002
         263   1.6900000000000009E-002
         264   1.6900000000000009E-002
         265   1.6900000000000009E-002
         266   1.6900000000000009E-002
         267   1.6900000000000009E-002
         268   1.6900000000000009E-002
         269   1.6900000000000009E-002
         270   1.6900000000000009E-002
         271   1.6900000000000009E-002
         272   1.6900000000000009E-002
         273   1.6900000000000009E-002
         274   1.6900000000000009E-002
         275   1.6900000000000009E-002
         276   1.6900000000000009E-002
         277   1.6900000000000009E-002
         278   1.6900000000000009E-002
         279   1.6900000000000009E-002
         280   1.6900000000000009E-002
         281   1.6900000000000009E-002
         282   1.6900000000000009E-002
         283   1.6900000000000009E-002
         284   1.6900000000000009E-002
         285   1.6900000000000009E-002
         286   1.6900000000000009E-002
         287   1.6900000000000009E-002
         288   1.6900000000000009E-002
         289   1.6900000000000009E-002
         290   1.6900000000000009E-002
         291   1.6900000000000009E-002
         292   1.6900000000000009E-002
         293   1.6900000000000009E-002
         294   1.6900000000000009E-002
         295   1.6900000000000009E-002
         296   1.6900000000000009E-002
         297   1.6900000000000009E-002
         298   1.6900000000000009E-002
         299   1.6900000000000009E-002
         300   1.6900000000000009E-002
         301   1.6900000000000009E-002
         302   1.6900000000000009E-002
         303   1.6900000000000009E-002
         304   1.6900000000000009E-002
         305   1.6900000000000009E-002
         306   1.6900000000000009E-002
         307   1.6900000000000009E-002
         308   1.6900000000000009E-002
         309   1.6900000000000009E-002
         310   1.6900000000000009E-002
         311   1.6900000000000009E-002
         312   1.6900000000000009E-002
         313   1.6900000000000009E-002
         314   1.6900000000000009E-002
         315   1.6900000000000009E-002
         316   1.6900000000000009E-002
         317   1.6900000000000009E-002
         318   1.6900000000000009E-002
         319   1.6900000000000009E-002
         320   1.6900000000000009E-002
         321   1.6900000000000009E-002
         322   1.6900000000000009E-002
         323   1.6900000000000009E-002
         324   1.6900000000000009E-002
         325   1.6900000000000009E-002
         326   1.6900000000000009E-002
         327   1.6900000000000009E-002
         328   1.6900000000000009E-002
         329   1.6900000000000009E-002
         330   1.6900000000000009E-002
         331   1.6900000000000009E-002
         332   1.6900000000000009E-002
         333   1.6900000000000009E-002
         334   1.6900000000000009E-002
         335   1.6900000000000009E-002
         336   1.6900000000000009E-002
         337   1.6900000000000009E-002
         338   1.6900000000000009E-002
         339   1.6900000000000009E-002
         340   1.6900000000000009E-002
         341   1.6900000000000009E-002
         342   1.6900000000000009E-002
         343   1.6900000000000009E-002
         344   1.6900000000000009E-002
         345   1.6900000000000009E-002
         346   1.6900000000000009E-002
         347   1.6900000000000009E-002
         348   1.6900000000000009E-002
         349   1.6900000000000009E-002
         350   1.6900000000000009E-002
         351   1.6900000000000009E-002
         352   1.6900000000000009E-002
         353   1.6900000000000009E-002
         354   1.6900000000000009E-002
         355   1.6900000000000009E-002
         356   1.6900000000000009E-002
         357   1.6900000000000009E-002
         358   1.6900000000000009E-002
         359   1.6900000000000009E-002
         360   1.6900000000000009E-002
         361   1.6900000000000009E-002
         362   1.6900000000000009E-002
         363   1.6900000000000009E-002
         364   1.6900000000000009E-002
         365   1.6900000000000009E-002
         366   1.6900000000000009E-002
         367   1.6900000000000009E-002
         368   1.6900000000000009E-002
         369   1.6900000000000009E-002
         370   1.6900000000000009E-002
         371   1.6900000000000009E-002
         372   1.6900000000000009E-002
         373   1.6900000000000009E-002
         374   1.6900000000000009E-002
         375   1.6900000000000009E-002
         376   1.6900000000000009E-002
         377   1.6900000000000009E-002
         378   1.6900000000000009E-002
         379   1.6900000000000009E-002
         380   1.6900000000000009E-002
         381   1.6900000000000009E-002
         382   1.6900000000000009E-002
         383   1.6900000000000009E-002
         384   1.6900000000000009E-002
         385   1.6900000000000009E-002
         386   1.6900000000000009E-002
         387   1.6900000000000009E-002
         388   1.6900000000000009E-002
         389   1.6900000000000009E-002
         390   1.6900000000000009E-002
         391   1.6900000000000009E-002
         392   1.6900000000000009E-002
         393   1.6900000000000009E-002
         394   1.6900000000000009E-002
         395   1.6900000000000009E-002
         396   1.6900000000000009E-002
         397   1.6900000000000009E-002
         398   1.6900000000000009E-002
         399   1.6900000000000009E-002
         400   1.6900000000000009E-002
         401   1.6900000000000009E-002
         402   1.6900000000000009E-002
         403   1.6900000000000009E-002
         404   1.6900000000000009E-002
         405   1.6900000000000009E-002
         406   1.6900000000000009E-002
         407   1.6900000000000009E-002
         408   1.6900000000000009E-002
         409   1.6900000000000009E-002
         410   1.6900000000000009E-002
         411   1.6900000000000009E-002
         412   1.6900000000000009E-002
         413   1.6900000000000009E-002
         414   1.6900000000000009E-002
         415   1.6900000000000009E-002
         416   1.6900000000000009E-002
         417   1.6900000000000009E-002
         418   1.6900000000000009E-002
         419   1.6900000000000009E-002
         420   1.6900000000000009E-002
         421   1.6900000000000009E-002
         422   1.6900000000000009E-002
         423   1.6900000000000009E-002
         424   1.6900000000000009E-002
         425   1.6900000000000009E-002
         426   1.6900000000000009E-002
         427   1.6900000000000009E-002
         428   1.6900000000000009E-002
         429   1.6900000000000009E-002
         430   1.6900000000000009E-002
         431   1.6900000000000009E-002
         432   1.6900000000000009E-002
         433   1.6900000000000009E-002
         434   1.6900000000000009E-002
         435   1.6900000000000009E-002
         436   1.6900000000000009E-002
         437   1.6900000000000009E-002
         438   1.6900000000000009E-002
         439   1.6900000000000009E-002
         440   1.6900000000000009E-002
         441   1.6900000000000009E-002
         442   1.6900000000000009E-002
         443   1.6900000000000009E-002
         444   1.6900000000000009E-002
         445   1.6900000000000009E-002
         446   1.6900000000000009E-002
         447   1.6900000000000009E-002
         448   1.6900000000000009E-002
         449   1.6900000000000009E-002
         450   1.6900000000000009E-002
         451   1.6900000000000009E-002
         452   1.6900000000000009E-002
         453   1.6900000000000009E-002
         454   1.6900000000000009E-002
         455   1.6900000000000009E-002
         456   1.6900000000000009E-002
         457   1.6900000000000009E-002
         458   1.6900000000000009E-002
         459   1.6900000000000009E-002
         460   1.6900000000000009E-002
         461   1.6900000000000009E-002
         462   1.6900000000000009E-002
         463   1.6900000000000009E-002
         464   1.6900000000000009E-002
         465   1.6900000000000009E-002
         466   1.6900000000000009E-002
         467   1.6900000000000009E-002
         468   1.6900000000000009E-002
         469   1.6900000000000009E-002
         470   1.6900000000000009E-002
         471   1.6900000000000009E-002
         472   1.6900000000000009E-002
         473   1.6900000000000009E-002
         474   1.6900000000000009E-002
         475   1.6900000000000009E-002
         476   1.6900000000000009E-002
         477   1.6900000000000009E-002
         478   1.6900000000000009E-002
         479   1.6900000000000009E-002
         480   1.6900000000000009E-002
         481   1.6900000000000009E-002
         482   1.6900000000000009E-002
         483   1.6900000000000009E-002
         484   1.6900000000000009E-002
         485   1.6900000000000009E-002
         486   1.6900000000000009E-002
         487   1.6900000000000009E-002
         488   1.6900000000000009E-002
         489   1.6900000000000009E-002
         490   1.6900000000000009E-002
         491   1.6900000000000009E-002
         492   1.6900000000000009E-002
         493   1.6900000000000009E-002
         494   1.6900000000000009E-002
         495   1.6900000000000009E-002
         496   1.6900000000000009E-002
         497   1.6900000000000009E-002
         498   1.6900000000000009E-002
         499   1.6900000000000009E-002
         500   1.6900000000000009E-002
         501   1.6900000000000009E-002
         502   1.6900000000000009E-002
         503   1.6900000000000009E-002
         504   1.6900000000000009E-002
         505   1.6900000000000009E-002
         506   1.6900000000000009E-002
         507   1.6900000000000009E-002
         508   1.6900000000000009E-002
         509   1.6900000000000009E-002
         510   1.6900000000000009E-002
         511   1.6900000000000009E-002
         512   1.6900000000000009E-002
         513   1.6900000000000009E-002
         514   1.6900000000000009E-002
         515   1.6900000000000009E-002
         516   1.6900000000000009E-002
         517   1.6900000000000009E-002
         518   1.6900000000000009E-002
         519   1.6900000000000009E-002
         520   1.6900000000000009E-002
         521   1.6900000000000009E-002
         522   1.6900000000000009E-002
         523   1.6900000000000009E-002
         524   1.6900000000000009E-002
         525   1.6900000000000009E-002
         526   1.6900000000000009E-002
         527   1.6900000000000009E-002
         528   1.6900000000000009E-002
         529   1.6900000000000009E-002
         530   1.6900000000000009E-002
         531   1.6900000000000009E-002
         532   1.6900000000000009E-002
         533   1.6900000000000009E-002
         534   1.6900000000000009E-002
         535   1.6900000000000009E-002
         536   1.6900000000000009E-002
         537   1.6900000000000009E-002
         538   1.6900000000000009E-002
         539   1.6900000000000009E-002
         540   1.6900000000000009E-002
         541   1.6900000000000009E-002
         542   1.6900000000000009E-002
         543   1.6900000000000009E-002
         544   1.6900000000000009E-002
         545   1.6900000000000009E-002
         546   1.6900000000000009E-002
         547   1.6900000000000009E-002
         548   1.6900000000000009E-002
         549   1.6900000000000009E-002
         550   1.6900000000000009E-002
         551   1.6900000000000009E-002
         552   1.6900000000000009E-002
         553   1.6900000000000009E-002
         554   1.6900000000000009E-002
         555   1.6900000000000009E-002
         556   1.6900000000000009E-002
         557   1.6900000000000009E-002
         558   1.6900000000000009E-002
         559   1.6900000000000009E-002
         560   1.6900000000000009E-002
         561   1.6900000000000009E-002
         562   1.6900000000000009E-002
         563   1.6900000000000009E-002
         564   1.6900000000000009E-002
         565   1.6900000000000009E-002
         566   1.6900000000000009E-002
         567   1.6900000000000009E-002
         568   1.6900000000000009E-002
         569   1.6900000000000009E-002
         570   1.6900000000000009E-002
         571   1.6900000000000009E-002
         572   1.6900000000000009E-002
         573   1.6900000000000009E-002
         574   1.6900000000000009E-002
         575   1.6900000000000009E-002
         576   1.6900000000000009E-002
         577   1.6900000000000009E-002
         578   1.6900000000000009E-002
         579   1.6900000000000009E-002
         580   1.6900000000000009E-002
         581   1.6900000000000009E-002
         582   1.6900000000000009E-002
         583   1.6900000000000009E-002
         584   1.6900000000000009E-002
         585   1.6900000000000009E-002
         586   1.6900000000000009E-002
         587   1.6900000000000009E-002
         588   1.6900000000000009E-002
         589   1.6900000000000009E-002
         590   1.6900000000000009E-002
         591   1.6900000000000009E-002
         592   1.6900000000000009E-002
         593   1.6900000000000009E-002
         594   1.6900000000000009E-002
         595   1.6900000000000009E-002
         596   1.6900000000000009E-002
         597   1.6900000000000009E-002
         598   1.6900000000000009E-002
         599   1.6900000000000009E-002
         600   1.6900000000000009E-002
         601   1.6900000000000009E-002
         602   1.6900000000000009E-002
         603   1.6900000000000009E-002
         604   1.6900000000000009E-002
         605   1.6900000000000009E-002
         606   1.6900000000000009E-002
         607   1.6900000000000009E-002
         608   1.6900000000000009E-002
         609   1.6900000000000009E-002
         610   1.6900000000000009E-002
         611   1.6900000000000009E-002
         612   1.6900000000000009E-002
         613   1.6900000000000009E-002
         614   1.6900000000000009E-002
         615   1.6900000000000009E-002
         616   1.6900000000000009E-002
         617   1.6900000000000009E-002
         618   1.6900000000000009E-002
         619   1.6900000000000009E-002
         620   1.6900000000000009E-002
         621   1.6900000000000009E-002
         622   1.6900000000000009E-002
         623   1.6900000000000009E-002
         624   1.6900000000000009E-002
         625   1.6900000000000009E-002
         626   1.6900000000000009E-002
         627   1.6900000000000009E-002
         628   1.6900000000000009E-002
         629   1.6900000000000009E-002
         630   1.6900000000000009E-002
         631   1.6900000000000009E-002
         632   1.6900000000000009E-002
         633   1.6900000000000009E-002
         634   1.6900000000000009E-002
         635   1.6900000000000009E-002
         636   1.6900000000000009E-002
         637   1.6900000000000009E-002
         638   1.6900000000000009E-002
         639   1.6900000000000009E-002
         640   1.6900000000000009E-002
         641   1.6900000000000009E-002
         642   1.6900000000000009E-002
         643   1.6900000000000009E-002
         644   1.6900000000000009E-002
         645   1.6900000000000009E-002
         646   1.6900000000000009E-002
         647   1.6900000000000009E-002
         648   1.6900000000000009E-002
         649   1.6900000000000009E-002
         650   1.6900000000000009E-002
         651   1.6900000000000009E-002
         652   1.6900000000000009E-002
         653   1.6900000000000009E-002
         654   1.6900000000000009E-002
         655   1.6900000000000009E-002
         656   1.6900000000000009E-002
         657   1.6900000000000009E-002
         658   1.6900000000000009E-002
         659   1.6900000000000009E-002
         660   1.6900000000000009E-002
         661   1.6900000000000009E-002
         662   1.6900000000000009E-002
         663   1.6900000000000009E-002
         664   1.6900000000000009E-002
         665   1.6900000000000009E-002
         666   1.6900000000000009E-002
         667   1.6900000000000009E-002
         668   1.6900000000000009E-002
         669   1.6900000000000009E-002
         670   1.6900000000000009E-002
         671   1.6900000000000009E-002
         672   1.6900000000000009E-002
         673   1.6900000000000009E-002
         674   1.6900000000000009E-002
         675   1.6900000000000009E-002
         676   1.6900000000000009E-002
         677   1.6900000000000009E-002
         678   1.6900000000000009E-002
         679   1.6900000000000009E-002
         680   1.6900000000000009E-002
         681   1.6900000000000009E-002
         682   1.6900000000000009E-002
         683   1.6900000000000009E-002
         684   1.6900000000000009E-002
         685   1.6900000000000009E-002
         686   1.6900000000000009E-002
         687   1.6900000000000009E-002
         688   1.6900000000000009E-002
         689   1.6900000000000009E-002
         690   1.6900000000000009E-002
         691   1.6900000000000009E-002
         692   1.6900000000000009E-002
         693   1.6900000000000009E-002
         694   1.6900000000000009E-002
         695   1.6900000000000009E-002
         696   1.6900000000000009E-002
         697   1.6900000000000009E-002
         698   1.6900000000000009E-002
         699   1.6900000000000009E-002
         700   1.6900000000000009E-002
         701   1.6900000000000009E-002
         702   1.6900000000000009E-002
         703   1.6900000000000009E-002
         704   1.6900000000000009E-002
         705   1.6900000000000009E-002
         706   1.6900000000000009E-002
         707   1.6900000000000009E-002
         708   1.6900000000000009E-002
         709   1.6900000000000009E-002
         710   1.6900000000000009E-002
         711   1.6900000000000009E-002
         712   1.6900000000000009E-002
         713   1.6900000000000009E-002
         714   1.6900000000000009E-002
         715   1.6900000000000009E-002
         716   1.6900000000000009E-002
         717   1.6900000000000009E-002
         718   1.6900000000000009E-002
         719   1.6900000000000009E-002
         720   1.6900000000000009E-002
         721   1.6900000000000009E-002
         722   1.6900000000000009E-002
         723   1.6900000000000009E-002
         724   1.6900000000000009E-002
         725   1.6900000000000009E-002
         726   1.6900000000000009E-002
         727   1.6900000000000009E-002
         728   1.6900000000000009E-002
         729   1.6900000000000009E-002
         730   1.6900000000000009E-002
         731   1.6900000000000009E-002
         732   1.6900000000000009E-002
         733   1.6900000000000009E-002
         734   1.6900000000000009E-002
         735   1.6900000000000009E-002
         736   1.6900000000000009E-002
         737   1.6900000000000009E-002
         738   1.6900000000000009E-002
         739   1.6900000000000009E-002
         740   1.6900000000000009E-002
         741   1.6900000000000009E-002
         742   1.6900000000000009E-002
         743   1.6900000000000009E-002
         744   1.6900000000000009E-002
         745   1.6900000000000009E-002
         746   1.6900000000000009E-002
         747   1.6900000000000009E-002
         748   1.6900000000000009E-002
         749   1.6900000000000009E-002
         750   1.6900000000000009E-002
         751   1.6900000000000009E-002
         752   1.6900000000000009E-002
         753   1.6900000000000009E-002
         754   1.6900000000000009E-002
         755   1.6900000000000009E-002
         756   1.6900000000000009E-002
         757   1.6900000000000009E-002
         758   1.6900000000000009E-002
         759   1.6900000000000009E-002
         760   1.6900000000000009E-002
         761   1.6900000000000009E-002
         762   1.6900000000000009E-002
         763   1.6900000000000009E-002
         764   1.6900000000000009E-002
         765   1.6900000000000009E-002
         766   1.6900000000000009E-002
         767   1.6900000000000009E-002
         768   1.6900000000000009E-002
         769   1.6900000000000009E-002
         770   1.6900000000000009E-002
         771   1.6900000000000009E-002
         772   1.6900000000000009E-002
         773   1.6900000000000009E-002
         774   1.6900000000000009E-002
         775   1.6900000000000009E-002
         776   1.6900000000000009E-002
         777   1.6900000000000009E-002
         778   1.6900000000000009E-002
         779   1.6900000000000009E-002
         780   1.6900000000000009E-002
         781   1.6900000000000009E-002
         782   1.6900000000000009E-002
         783   1.6900000000000009E-002
         784   1.6900000000000009E-002
         785   1.6900000000000009E-002
         786   1.6900000000000009E-002
         787   1.6900000000000009E-002
         788   1.6900000000000009E-002
         789   1.6900000000000009E-002
         790   1.6900000000000009E-002
         791   1.6900000000000009E-002
         792   1.6900000000000009E-002
         793   1.6900000000000009E-002
         794   1.6900000000000009E-002
         795   1.6900000000000009E-002
         796   1.6900000000000009E-002
         797   1.6900000000000009E-002
         798   1.6900000000000009E-002
         799   1.6900000000000009E-002
         800   1.6900000000000009E-002
         801   1.6900000000000009E-002
         802   1.6900000000000009E-002
         803   1.6900000000000009E-002
         804   1.6900000000000009E-002
         805   1.6900000000000009E-002
         806   1.6900000000000009E-002
         807   1.6900000000000009E-002
         808   1.6900000000000009E-002
         809   1.6900000000000009E-002
         810   1.6900000000000009E-002
         811   1.6900000000000009E-002
         812   1.6900000000000009E-002
         813   1.6900000000000009E-002
         814   1.6900000000000009E-002
         815   1.6900000000000009E-002
         816   1.6900000000000009E-002
         817   1.6900000000000009E-002
         818   1.6900000000000009E-002
         819   1.6900000000000009E-002
         820   1.6900000000000009E-002
         821   1.6900000000000009E-002
         822   1.6900000000000009E-002
         823   1.6900000000000009E-002
         824   1.6900000000000009E-002
         825   1.6900000000000009E-002
         826   1.6900000000000009E-002
         827   1.6900000000000009E-002
         828   1.6900000000000009E-002
         829   1.6900000000000009E-002
         830   1.6900000000000009E-002
         831   1.6900000000000009E-002
         832   1.6900000000000009E-002
         833   1.6900000000000009E-002
         834   1.6900000000000009E-002
         835   1.6900000000000009E-002
         836   1.6900000000000009E-002
         837   1.6900000000000009E-002
         838   1.6900000000000009E-002
         839   1.6900000000000009E-002
         840   1.6900000000000009E-002
         841   1.6900000000000009E-002
         842   1.6900000000000009E-002
         843   1.6900000000000009E-002
         844   1.6900000000000009E-002
         845   1.6900000000000009E-002
         846   1.6900000000000009E-002
         847   1.6900000000000009E-002
         848   1.6900000000000009E-002
         849   1.6900000000000009E-002
         850   1.6900000000000009E-002
         851   1.6900000000000009E-002
         852   1.6900000000000009E-002
         853   1.6900000000000009E-002
         854   1.6900000000000009E-002
         855   1.6900000000000009E-002
         856   1.6900000000000009E-002
         857   1.6900000000000009E-002
         858   1.6900000000000009E-002
         859   1.6900000000000009E-002
         860   1.6900000000000009E-002
         861   1.6900000000000009E-002
         862   1.6900000000000009E-002
         863   1.6900000000000009E-002
         864   1.6900000000000009E-002
         865   1.6900000000000009E-002
         866   1.6900000000000009E-002
         867   1.6900000000000009E-002
         868   1.6900000000000009E-002
         869   1.6900000000000009E-002
         870   1.6900000000000009E-002
         871   1.6900000000000009E-002
         872   1.6900000000000009E-002
         873   1.6900000000000009E-002
         874   1.6900000000000009E-002
         875   1.6900000000000009E-002
         876   1.6900000000000009E-002
         877   1.6900000000000009E-002
         878   1.6900000000000009E-002
         879   1.6900000000000009E-002
         880   1.6900000000000009E-002
         881   1.6900000000000009E-002
         882   1.6900000000000009E-002
         883   1.6900000000000009E-002
         884   1.6900000000000009E-002
         885   1.6900000000000009E-002
         886   1.6900000000000009E-002
         887   1.6900000000000009E-002
         888   1.6900000000000009E-002
         889   1.6900000000000009E-002
         890   1.6900000000000009E-002
         891   1.6900000000000009E-002
         892   1.6900000000000009E-002
         893   1.6900000000000009E-002
         894   1.6900000000000009E-002
         895   1.6900000000000009E-002
         896   1.6900000000000009E-002
         897   1.6900000000000009E-002
         898   1.6900000000000009E-002
         899   1.6900000000000009E-002
         900   1.6900000000000009E-002
         901   1.6900000000000009E-002
         902   1.6900000000000009E-002
         903   1.6900000000000009E-002
         904   1.6900000000000009E-002
         905   1.6900000000000009E-002
         906   1.6900000000000009E-002
         907   1.6900000000000009E-002
         908   1.6900000000000009E-002
         909   1.6900000000000009E-002
         910   1.6900000000000009E-002
         911   1.6900000000000009E-002
         912   1.6900000000000009E-002
         913   1.6900000000000009E-002
         914   1.6900000000000009E-002
         915   1.6900000000000009E-002
         916   1.6900000000000009E-002
         917   1.6900000000000009E-002
         918   1.6900000000000009E-002
         919   1.6900000000000009E-002
         920   1.2100000000000071E-002
         921   1.2100000000000071E-002
         922   1.2100000000000071E-002
         923   1.2100000000000071E-002
         924   1.2100000000000071E-002
         925   1.1300000000000051E-002
         926   1.1300000000000051E-002
         927   1.1300000000000051E-002
         928   1.1300000000000051E-002
         929   1.1300000000000051E-002
         930   1.1300000000000051E-002
         931   1.1300000000000051E-002
         932   1.1300000000000051E-002
         933   1.1300000000000051E-002
         934   1.1300000000000051E-002
         935   1.1300000000000051E-002
         936   1.1300000000000051E-002
         937   1.1300000000000051E-002
         938   1.1300000000000051E-002
         939   1.1300000000000051E-002
         940   1.1300000000000051E-002
         941   1.1300000000000051E-002
         942   1.1300000000000051E-002
         943   1.1300000000000051E-002
         944   1.1300000000000051E-002
         945   1.1300000000000051E-002
         946   1.1300000000000051E-002
         947   1.1300000000000051E-002
         948   1.1300000000000051E-002
         949   1.1300000000000051E-002
         950   1.1300000000000051E-002
         951   1.1300000000000051E-002
         952   1.1300000000000051E-002
         953   1.1300000000000051E-002
         954   1.1300000000000051E-002
         955   1.1300000000000051E-002
         956   1.1300000000000051E-002
         957   1.1300000000000051E-002
         958   1.1300000000000051E-002
         959   1.1300000000000051E-002
         960   1.1300000000000051E-002
         961   1.1300000000000051E-002
         962   1.1300000000000051E-002
         963   1.1300000000000051E-002
         964   1.1300000000000051E-002
         965   1.1300000000000051E-002
         966   1.1300000000000051E-002
         967   1.1300000000000051E-002
         968   1.1300000000000051E-002
         969   1.1300000000000051E-002
         970   1.1300000000000051E-002
         971   1.1300000000000051E-002
         972   1.1300000000000051E-002
         973   1.1300000000000051E-002
         974   1.1300000000000051E-002
         975   1.1300000000000051E-002
         976   1.1300000000000051E-002
         977   1.1300000000000051E-002
         978   1.1300000000000051E-002
         979   1.1300000000000051E-002
         980   1.1300000000000051E-002
         981   1.1300000000000051E-002
         982   1.1300000000000051E-002
         983   1.1300000000000051E-002
         984   1.1300000000000051E-002
         985   1.1300000000000051E-002
         986   1.1300000000000051E-002
         987   1.1300000000000051E-002
         988   1.1300000000000051E-002
         989   1.1300000000000051E-002
         990   1.1300000000000051E-002
         991   1.1300000000000051E-002
         992   1.1300000000000051E-002
         993   1.1300000000000051E-002
         994   1.1300000000000051E-002
         995   1.1300000000000051E-002
         996   1.1300000000000051E-002
         997   8.1999999999999712E-003
