           1   2.3188999999999997     
           2  0.32209999999999972     
           3  0.32209999999999972     
           4  0.11889999999999987     
           5   4.4499999999999970E-002
           6   4.4499999999999970E-002
           7   4.4499999999999970E-002
           8   4.4499999999999970E-002
           9   4.4499999999999970E-002
          10   4.4499999999999970E-002
          11   4.4499999999999970E-002
          12   4.4499999999999970E-002
          13   2.6500000000000096E-002
          14   2.6500000000000096E-002
          15   2.6500000000000096E-002
          16   2.6500000000000096E-002
          17   2.6500000000000096E-002
          18   2.6500000000000096E-002
          19   2.6500000000000096E-002
          20   2.6500000000000096E-002
          21   2.6500000000000096E-002
          22   2.6500000000000096E-002
          23   2.6500000000000096E-002
          24   2.6500000000000096E-002
          25   2.6500000000000096E-002
          26   2.6500000000000096E-002
          27   2.4200000000000142E-002
          28   2.4200000000000142E-002
          29   2.4200000000000142E-002
          30   2.4200000000000142E-002
          31   2.4200000000000142E-002
          32   2.4200000000000142E-002
          33   2.4200000000000142E-002
          34   2.4200000000000142E-002
          35   2.4200000000000142E-002
          36   2.4200000000000142E-002
          37   2.4200000000000142E-002
          38   2.4200000000000142E-002
          39   2.4200000000000142E-002
          40   2.4200000000000142E-002
          41   2.4200000000000142E-002
          42   2.4200000000000142E-002
          43   2.4200000000000142E-002
          44   2.4200000000000142E-002
          45   2.4200000000000142E-002
          46   2.4200000000000142E-002
          47   2.4200000000000142E-002
          48   2.4200000000000142E-002
          49   2.4200000000000142E-002
          50   2.4200000000000142E-002
          51   2.4200000000000142E-002
          52   2.4200000000000142E-002
          53   2.4200000000000142E-002
          54   2.4200000000000142E-002
          55   2.4200000000000142E-002
          56   2.4200000000000142E-002
          57   2.4200000000000142E-002
          58   2.4200000000000142E-002
          59   2.4200000000000142E-002
          60   2.4200000000000142E-002
          61   2.4200000000000142E-002
          62   2.4200000000000142E-002
          63   2.4200000000000142E-002
          64   2.4200000000000142E-002
          65   2.4200000000000142E-002
          66   2.4200000000000142E-002
          67   2.4200000000000142E-002
          68   2.4200000000000142E-002
          69   2.4200000000000142E-002
          70   2.4200000000000142E-002
          71   2.4200000000000142E-002
          72   2.4200000000000142E-002
          73   2.4200000000000142E-002
          74   2.4200000000000142E-002
          75   2.4200000000000142E-002
          76   2.4200000000000142E-002
          77   2.4200000000000142E-002
          78   2.4200000000000142E-002
          79   2.4200000000000142E-002
          80   2.4200000000000142E-002
          81   2.4200000000000142E-002
          82   2.4200000000000142E-002
          83   2.4200000000000142E-002
          84   2.4200000000000142E-002
          85   2.4200000000000142E-002
          86   2.4200000000000142E-002
          87   2.4200000000000142E-002
          88   2.4200000000000142E-002
          89   2.4200000000000142E-002
          90   2.4200000000000142E-002
          91   2.4200000000000142E-002
          92   2.4200000000000142E-002
          93   2.4200000000000142E-002
          94   2.4200000000000142E-002
          95   2.4200000000000142E-002
          96   2.4200000000000142E-002
          97   2.4200000000000142E-002
          98   2.4200000000000142E-002
          99   2.4200000000000142E-002
         100   2.4200000000000142E-002
         101   2.4200000000000142E-002
         102   2.4200000000000142E-002
         103   2.4200000000000142E-002
         104   2.4200000000000142E-002
         105   2.4200000000000142E-002
         106   2.4200000000000142E-002
         107   2.4200000000000142E-002
         108   2.4200000000000142E-002
         109   2.4200000000000142E-002
         110   2.4200000000000142E-002
         111   2.4200000000000142E-002
         112   2.4200000000000142E-002
         113   2.4200000000000142E-002
         114   2.4200000000000142E-002
         115   2.4200000000000142E-002
         116   2.4200000000000142E-002
         117   2.4200000000000142E-002
         118   2.4200000000000142E-002
         119   2.4200000000000142E-002
         120   2.4200000000000142E-002
         121   2.4200000000000142E-002
         122   2.4200000000000142E-002
         123   2.4200000000000142E-002
         124   2.4200000000000142E-002
         125   2.4200000000000142E-002
         126   2.4200000000000142E-002
         127   2.4200000000000142E-002
         128   2.4200000000000142E-002
         129   2.4200000000000142E-002
         130   2.4200000000000142E-002
         131   2.4200000000000142E-002
         132   2.4200000000000142E-002
         133   2.4200000000000142E-002
         134   2.4200000000000142E-002
         135   2.4200000000000142E-002
         136   2.4200000000000142E-002
         137   2.4200000000000142E-002
         138   2.4200000000000142E-002
         139   2.4200000000000142E-002
         140   2.4200000000000142E-002
         141   2.4200000000000142E-002
         142   2.4200000000000142E-002
         143   2.4200000000000142E-002
         144   2.4200000000000142E-002
         145   2.4200000000000142E-002
         146   2.4200000000000142E-002
         147   2.4200000000000142E-002
         148   2.4200000000000142E-002
         149   2.4200000000000142E-002
         150   2.4200000000000142E-002
         151   2.4200000000000142E-002
         152   2.4200000000000142E-002
         153   2.4200000000000142E-002
         154   2.4200000000000142E-002
         155   2.4200000000000142E-002
         156   2.4200000000000142E-002
         157   2.4200000000000142E-002
         158   2.4200000000000142E-002
         159   2.4200000000000142E-002
         160   2.4200000000000142E-002
         161   2.4200000000000142E-002
         162   2.4200000000000142E-002
         163   2.4200000000000142E-002
         164   2.4200000000000142E-002
         165   2.4200000000000142E-002
         166   2.4200000000000142E-002
         167   2.4200000000000142E-002
         168   2.4200000000000142E-002
         169   2.4200000000000142E-002
         170   2.4200000000000142E-002
         171   2.4200000000000142E-002
         172   2.4200000000000142E-002
         173   2.4200000000000142E-002
         174   2.4200000000000142E-002
         175   2.4200000000000142E-002
         176   2.4200000000000142E-002
         177   2.4200000000000142E-002
         178   2.4200000000000142E-002
         179   2.4200000000000142E-002
         180   2.4200000000000142E-002
         181   2.4200000000000142E-002
         182   2.4200000000000142E-002
         183   2.4200000000000142E-002
         184   2.4200000000000142E-002
         185   2.4200000000000142E-002
         186   2.4200000000000142E-002
         187   2.4200000000000142E-002
         188   2.4200000000000142E-002
         189   2.4200000000000142E-002
         190   2.4200000000000142E-002
         191   2.4200000000000142E-002
         192   2.4200000000000142E-002
         193   2.4200000000000142E-002
         194   2.4200000000000142E-002
         195   2.4200000000000142E-002
         196   2.4200000000000142E-002
         197   2.4200000000000142E-002
         198   2.4200000000000142E-002
         199   2.4200000000000142E-002
         200   2.4200000000000142E-002
         201   2.4200000000000142E-002
         202   2.4200000000000142E-002
         203   2.4200000000000142E-002
         204   2.4200000000000142E-002
         205   2.4200000000000142E-002
         206   2.4200000000000142E-002
         207   2.4200000000000142E-002
         208   2.4200000000000142E-002
         209   2.4200000000000142E-002
         210   2.4200000000000142E-002
         211   2.4200000000000142E-002
         212   2.4200000000000142E-002
         213   2.4200000000000142E-002
         214   2.4200000000000142E-002
         215   2.4200000000000142E-002
         216   2.4200000000000142E-002
         217   2.4200000000000142E-002
         218   2.4200000000000142E-002
         219   2.4200000000000142E-002
         220   2.4200000000000142E-002
         221   2.4200000000000142E-002
         222   2.4200000000000142E-002
         223   2.4200000000000142E-002
         224   2.4200000000000142E-002
         225   2.4200000000000142E-002
         226   2.4200000000000142E-002
         227   2.4200000000000142E-002
         228   2.4200000000000142E-002
         229   2.4200000000000142E-002
         230   2.4200000000000142E-002
         231   2.4200000000000142E-002
         232   2.4200000000000142E-002
         233   2.4200000000000142E-002
         234   2.4200000000000142E-002
         235   2.4200000000000142E-002
         236   2.4200000000000142E-002
         237   2.4200000000000142E-002
         238   2.4200000000000142E-002
         239   2.4200000000000142E-002
         240   2.4200000000000142E-002
         241   2.4200000000000142E-002
         242   2.4200000000000142E-002
         243   2.4200000000000142E-002
         244   2.4200000000000142E-002
         245   2.4200000000000142E-002
         246   2.4200000000000142E-002
         247   2.4200000000000142E-002
         248   2.4200000000000142E-002
         249   2.4200000000000142E-002
         250   2.4200000000000142E-002
         251   2.4200000000000142E-002
         252   2.4200000000000142E-002
         253   2.4200000000000142E-002
         254   2.4200000000000142E-002
         255   2.4200000000000142E-002
         256   2.4200000000000142E-002
         257   2.4200000000000142E-002
         258   2.4200000000000142E-002
         259   2.4200000000000142E-002
         260   2.4200000000000142E-002
         261   2.4200000000000142E-002
         262   2.4200000000000142E-002
         263   2.4200000000000142E-002
         264   2.4200000000000142E-002
         265   2.4200000000000142E-002
         266   2.4200000000000142E-002
         267   2.4200000000000142E-002
         268   2.4200000000000142E-002
         269   2.4200000000000142E-002
         270   2.4200000000000142E-002
         271   2.4200000000000142E-002
         272   2.4200000000000142E-002
         273   2.4200000000000142E-002
         274   2.4200000000000142E-002
         275   2.4200000000000142E-002
         276   2.4200000000000142E-002
         277   2.4200000000000142E-002
         278   2.4200000000000142E-002
         279   2.4200000000000142E-002
         280   2.4200000000000142E-002
         281   2.4200000000000142E-002
         282   2.4200000000000142E-002
         283   2.4200000000000142E-002
         284   2.4200000000000142E-002
         285   2.4200000000000142E-002
         286   2.4200000000000142E-002
         287   2.4200000000000142E-002
         288   2.4200000000000142E-002
         289   2.4200000000000142E-002
         290   2.4200000000000142E-002
         291   2.4200000000000142E-002
         292   2.4200000000000142E-002
         293   2.4200000000000142E-002
         294   2.4200000000000142E-002
         295   2.4200000000000142E-002
         296   2.4200000000000142E-002
         297   2.4200000000000142E-002
         298   2.4200000000000142E-002
         299   2.4200000000000142E-002
         300   2.4200000000000142E-002
         301   2.4200000000000142E-002
         302   2.4200000000000142E-002
         303   2.4200000000000142E-002
         304   2.4200000000000142E-002
         305   2.4200000000000142E-002
         306   2.4200000000000142E-002
         307   2.4200000000000142E-002
         308   2.4200000000000142E-002
         309   2.4200000000000142E-002
         310   2.4200000000000142E-002
         311   2.4200000000000142E-002
         312   2.4200000000000142E-002
         313   2.4200000000000142E-002
         314   2.4200000000000142E-002
         315   2.4200000000000142E-002
         316   2.4200000000000142E-002
         317   2.4200000000000142E-002
         318   2.4200000000000142E-002
         319   2.4200000000000142E-002
         320   2.4200000000000142E-002
         321   2.4200000000000142E-002
         322   2.4200000000000142E-002
         323   2.4200000000000142E-002
         324   2.4200000000000142E-002
         325   2.4200000000000142E-002
         326   2.4200000000000142E-002
         327   2.4200000000000142E-002
         328   2.4200000000000142E-002
         329   2.4200000000000142E-002
         330   2.4200000000000142E-002
         331   2.4200000000000142E-002
         332   2.4200000000000142E-002
         333   2.4200000000000142E-002
         334   2.4200000000000142E-002
         335   2.4200000000000142E-002
         336   2.4200000000000142E-002
         337   2.4200000000000142E-002
         338   2.4200000000000142E-002
         339   2.4200000000000142E-002
         340   2.4200000000000142E-002
         341   2.4200000000000142E-002
         342   2.4200000000000142E-002
         343   2.4200000000000142E-002
         344   2.4200000000000142E-002
         345   2.4200000000000142E-002
         346   2.4200000000000142E-002
         347   2.4200000000000142E-002
         348   1.5300000000000041E-002
         349   1.5300000000000041E-002
         350   1.5300000000000041E-002
         351   1.5300000000000041E-002
         352   1.4800000000000009E-002
         353   1.4800000000000009E-002
         354   1.4800000000000009E-002
         355   1.4800000000000009E-002
         356   1.4800000000000009E-002
         357   1.4800000000000009E-002
         358   1.4800000000000009E-002
         359   1.4800000000000009E-002
         360   1.4800000000000009E-002
         361   1.4800000000000009E-002
         362   1.4800000000000009E-002
         363   1.4800000000000009E-002
         364   1.4800000000000009E-002
         365   1.4800000000000009E-002
         366   1.4800000000000009E-002
         367   1.4800000000000009E-002
         368   1.4800000000000009E-002
         369   1.4800000000000009E-002
         370   1.4800000000000009E-002
         371   1.4800000000000009E-002
         372   1.4800000000000009E-002
         373   1.4800000000000009E-002
         374   1.4800000000000009E-002
         375   1.4800000000000009E-002
         376   1.4800000000000009E-002
         377   1.4800000000000009E-002
         378   1.4800000000000009E-002
         379   1.4800000000000009E-002
         380   1.4800000000000009E-002
         381   1.4800000000000009E-002
         382   1.4800000000000009E-002
         383   1.4800000000000009E-002
         384   1.4800000000000009E-002
         385   1.4800000000000009E-002
         386   1.4800000000000009E-002
         387   1.4800000000000009E-002
         388   1.4800000000000009E-002
         389   1.4800000000000009E-002
         390   1.4800000000000009E-002
         391   1.4800000000000009E-002
         392   1.4800000000000009E-002
         393   1.4800000000000009E-002
         394   1.4800000000000009E-002
         395   1.4800000000000009E-002
         396   1.4800000000000009E-002
         397   1.4800000000000009E-002
         398   1.4800000000000009E-002
         399   1.4800000000000009E-002
         400   1.4800000000000009E-002
         401   1.4800000000000009E-002
         402   1.4800000000000009E-002
         403   1.4800000000000009E-002
         404   1.4800000000000009E-002
         405   1.4800000000000009E-002
         406   1.4800000000000009E-002
         407   1.4800000000000009E-002
         408   1.4800000000000009E-002
         409   1.4800000000000009E-002
         410   1.4800000000000009E-002
         411   1.4800000000000009E-002
         412   1.4800000000000009E-002
         413   1.4800000000000009E-002
         414   1.4800000000000009E-002
         415   1.4800000000000009E-002
         416   1.1599999999999932E-002
         417   1.1599999999999932E-002
         418   1.1599999999999932E-002
         419   1.1599999999999932E-002
         420   1.1599999999999932E-002
         421   1.1599999999999932E-002
         422   1.1599999999999932E-002
         423   1.1599999999999932E-002
         424   1.1599999999999932E-002
         425   1.1599999999999932E-002
         426   1.1599999999999932E-002
         427   1.1599999999999932E-002
         428   1.1599999999999932E-002
         429   1.1599999999999932E-002
         430   1.1599999999999932E-002
         431   1.1599999999999932E-002
         432   1.1599999999999932E-002
         433   1.1599999999999932E-002
         434   1.1599999999999932E-002
         435   1.1599999999999932E-002
         436   1.1599999999999932E-002
         437   1.1599999999999932E-002
         438   1.1599999999999932E-002
         439   1.1599999999999932E-002
         440   1.1599999999999932E-002
         441   1.1599999999999932E-002
         442   1.1599999999999932E-002
         443   1.1599999999999932E-002
         444   1.1599999999999932E-002
         445   1.1599999999999932E-002
         446   1.1599999999999932E-002
         447   1.1599999999999932E-002
         448   1.1599999999999932E-002
         449   1.1599999999999932E-002
         450   1.1599999999999932E-002
         451   1.1599999999999932E-002
         452   1.1599999999999932E-002
         453   1.1599999999999932E-002
         454   1.1599999999999932E-002
         455   1.1599999999999932E-002
         456   1.1599999999999932E-002
         457   1.1599999999999932E-002
         458   1.1599999999999932E-002
         459   1.1599999999999932E-002
         460   1.1599999999999932E-002
         461   1.1599999999999932E-002
         462   1.1599999999999932E-002
         463   1.1599999999999932E-002
         464   1.1599999999999932E-002
         465   1.1599999999999932E-002
         466   1.1599999999999932E-002
         467   1.1599999999999932E-002
         468   1.1599999999999932E-002
         469   1.1599999999999932E-002
         470   1.1599999999999932E-002
         471   1.1599999999999932E-002
         472   1.1599999999999932E-002
         473   1.1599999999999932E-002
         474   1.1599999999999932E-002
         475   1.1599999999999932E-002
         476   1.1599999999999932E-002
         477   1.1599999999999932E-002
         478   1.1599999999999932E-002
         479   1.1599999999999932E-002
         480   1.1599999999999932E-002
         481   1.1599999999999932E-002
         482   1.1599999999999932E-002
         483   1.1599999999999932E-002
         484   1.1599999999999932E-002
         485   1.1599999999999932E-002
         486   1.1599999999999932E-002
         487   1.1599999999999932E-002
         488   1.1599999999999932E-002
         489   1.1599999999999932E-002
         490   1.1599999999999932E-002
         491   1.1599999999999932E-002
         492   1.1599999999999932E-002
         493   1.1599999999999932E-002
         494   1.1599999999999932E-002
         495   1.1599999999999932E-002
         496   1.1599999999999932E-002
         497   1.1599999999999932E-002
         498   1.1599999999999932E-002
         499   1.1599999999999932E-002
         500   1.1599999999999932E-002
         501   1.1599999999999932E-002
         502   1.1599999999999932E-002
         503   1.1599999999999932E-002
         504   1.1599999999999932E-002
         505   1.1599999999999932E-002
         506   1.1599999999999932E-002
         507   1.1599999999999932E-002
         508   1.1599999999999932E-002
         509   1.1599999999999932E-002
         510   1.1599999999999932E-002
         511   1.1599999999999932E-002
         512   1.1599999999999932E-002
         513   1.1599999999999932E-002
         514   1.1599999999999932E-002
         515   1.1599999999999932E-002
         516   1.1599999999999932E-002
         517   1.1599999999999932E-002
         518   1.1599999999999932E-002
         519   1.1599999999999932E-002
         520   1.1599999999999932E-002
         521   1.1599999999999932E-002
         522   1.1599999999999932E-002
         523   1.1599999999999932E-002
         524   1.1599999999999932E-002
         525   1.1599999999999932E-002
         526   1.1599999999999932E-002
         527   1.1599999999999932E-002
         528   1.1599999999999932E-002
         529   1.1599999999999932E-002
         530   1.1599999999999932E-002
         531   1.1599999999999932E-002
         532   1.1599999999999932E-002
         533   1.1599999999999932E-002
         534   1.1599999999999932E-002
         535   1.1599999999999932E-002
         536   1.1599999999999932E-002
         537   1.1599999999999932E-002
         538   1.1599999999999932E-002
         539   1.1599999999999932E-002
         540   1.1599999999999932E-002
         541   1.1599999999999932E-002
         542   1.1599999999999932E-002
         543   1.1599999999999932E-002
         544   1.1599999999999932E-002
         545   1.1599999999999932E-002
         546   1.1599999999999932E-002
         547   1.1599999999999932E-002
         548   1.1599999999999932E-002
         549   1.1599999999999932E-002
         550   1.1599999999999932E-002
         551   1.1599999999999932E-002
         552   1.1599999999999932E-002
         553   1.1599999999999932E-002
         554   1.1599999999999932E-002
         555   1.1599999999999932E-002
         556   1.1599999999999932E-002
         557   1.1599999999999932E-002
         558   1.1599999999999932E-002
         559   1.1599999999999932E-002
         560   1.1599999999999932E-002
         561   1.1599999999999932E-002
         562   1.1599999999999932E-002
         563   1.1599999999999932E-002
         564   1.1599999999999932E-002
         565   1.1599999999999932E-002
         566   1.1599999999999932E-002
         567   1.1599999999999932E-002
         568   1.1599999999999932E-002
         569   1.1599999999999932E-002
         570   1.1599999999999932E-002
         571   1.1599999999999932E-002
         572   1.1599999999999932E-002
         573   1.1599999999999932E-002
         574   1.1599999999999932E-002
         575   1.1599999999999932E-002
         576   1.1599999999999932E-002
         577   1.1599999999999932E-002
         578   1.1599999999999932E-002
         579   1.1599999999999932E-002
         580   1.1599999999999932E-002
         581   1.1599999999999932E-002
         582   1.1599999999999932E-002
         583   1.1599999999999932E-002
         584   1.1599999999999932E-002
         585   1.1599999999999932E-002
         586   1.1599999999999932E-002
         587   1.1599999999999932E-002
         588   1.1599999999999932E-002
         589   1.1599999999999932E-002
         590   1.1599999999999932E-002
         591   1.1599999999999932E-002
         592   1.1599999999999932E-002
         593   1.1599999999999932E-002
         594   1.1599999999999932E-002
         595   1.1599999999999932E-002
         596   1.1599999999999932E-002
         597   1.1599999999999932E-002
         598   1.1599999999999932E-002
         599   1.1599999999999932E-002
         600   1.1599999999999932E-002
         601   1.1599999999999932E-002
         602   1.1599999999999932E-002
         603   1.1599999999999932E-002
         604   1.1599999999999932E-002
         605   1.1599999999999932E-002
         606   1.1599999999999932E-002
         607   1.1599999999999932E-002
         608   1.1599999999999932E-002
         609   1.1599999999999932E-002
         610   1.1599999999999932E-002
         611   1.1599999999999932E-002
         612   1.1599999999999932E-002
         613   1.1599999999999932E-002
         614   1.1599999999999932E-002
         615   1.1599999999999932E-002
         616   1.1599999999999932E-002
         617   1.1599999999999932E-002
         618   1.1599999999999932E-002
         619   1.1599999999999932E-002
         620   1.1599999999999932E-002
         621   1.1599999999999932E-002
         622   1.1599999999999932E-002
         623   1.1599999999999932E-002
         624   1.1599999999999932E-002
         625   1.1599999999999932E-002
         626   1.1599999999999932E-002
         627   1.1599999999999932E-002
         628   1.1599999999999932E-002
         629   1.1599999999999932E-002
         630   1.1599999999999932E-002
         631   1.1599999999999932E-002
         632   1.1599999999999932E-002
         633   1.1599999999999932E-002
         634   1.1599999999999932E-002
         635   1.1599999999999932E-002
         636   1.1599999999999932E-002
         637   1.1599999999999932E-002
         638   1.1599999999999932E-002
         639   1.1599999999999932E-002
         640   1.1599999999999932E-002
         641   1.1599999999999932E-002
         642   1.1599999999999932E-002
         643   1.1599999999999932E-002
         644   1.1599999999999932E-002
         645   1.1599999999999932E-002
         646   1.1599999999999932E-002
         647   1.1599999999999932E-002
         648   1.1599999999999932E-002
         649   1.1599999999999932E-002
         650   1.1599999999999932E-002
         651   1.1599999999999932E-002
         652   1.1599999999999932E-002
         653   1.1599999999999932E-002
         654   1.1599999999999932E-002
         655   1.1599999999999932E-002
         656   1.1599999999999932E-002
         657   1.1599999999999932E-002
         658   1.1599999999999932E-002
         659   1.1599999999999932E-002
         660   1.1599999999999932E-002
         661   1.1599999999999932E-002
         662   1.1599999999999932E-002
         663   1.1599999999999932E-002
         664   1.1599999999999932E-002
         665   1.1599999999999932E-002
         666   1.1599999999999932E-002
         667   1.1599999999999932E-002
         668   1.1599999999999932E-002
         669   1.1599999999999932E-002
         670   1.1599999999999932E-002
         671   1.1599999999999932E-002
         672   1.1599999999999932E-002
         673   1.1599999999999932E-002
         674   1.1599999999999932E-002
         675   1.1599999999999932E-002
         676   1.1599999999999932E-002
         677   1.1599999999999932E-002
         678   1.1599999999999932E-002
         679   1.1599999999999932E-002
         680   1.1599999999999932E-002
         681   1.1599999999999932E-002
         682   1.1599999999999932E-002
         683   1.1599999999999932E-002
         684   1.1599999999999932E-002
         685   1.1599999999999932E-002
         686   1.1599999999999932E-002
         687   1.1599999999999932E-002
         688   1.1599999999999932E-002
         689   1.1599999999999932E-002
         690   1.1599999999999932E-002
         691   1.1599999999999932E-002
         692   1.1599999999999932E-002
         693   1.1599999999999932E-002
         694   1.1599999999999932E-002
         695   1.1599999999999932E-002
         696   1.1599999999999932E-002
         697   1.1599999999999932E-002
         698   1.1599999999999932E-002
         699   1.1599999999999932E-002
         700   1.1599999999999932E-002
         701   1.1599999999999932E-002
         702   1.1599999999999932E-002
         703   1.1599999999999932E-002
         704   1.1599999999999932E-002
         705   1.1599999999999932E-002
         706   1.1599999999999932E-002
         707   1.1599999999999932E-002
         708   1.1599999999999932E-002
         709   1.1599999999999932E-002
         710   1.1599999999999932E-002
         711   1.1599999999999932E-002
         712   1.1599999999999932E-002
         713   1.1599999999999932E-002
         714   1.1599999999999932E-002
         715   1.1599999999999932E-002
         716   1.1599999999999932E-002
         717   1.1599999999999932E-002
         718   1.1599999999999932E-002
         719   1.1599999999999932E-002
         720   1.1599999999999932E-002
         721   1.1599999999999932E-002
         722   1.1599999999999932E-002
         723   1.1599999999999932E-002
         724   1.1599999999999932E-002
         725   1.1599999999999932E-002
         726   1.1599999999999932E-002
         727   1.1599999999999932E-002
         728   1.1599999999999932E-002
         729   1.1599999999999932E-002
         730   1.1599999999999932E-002
         731   1.1599999999999932E-002
         732   1.1599999999999932E-002
         733   1.1599999999999932E-002
         734   1.1599999999999932E-002
         735   1.1599999999999932E-002
         736   1.1599999999999932E-002
         737   1.1599999999999932E-002
         738   1.1599999999999932E-002
         739   1.1599999999999932E-002
         740   1.1599999999999932E-002
         741   1.1599999999999932E-002
         742   1.1599999999999932E-002
         743   1.1599999999999932E-002
         744   1.1599999999999932E-002
         745   1.1599999999999932E-002
         746   1.1599999999999932E-002
         747   1.1599999999999932E-002
         748   1.1599999999999932E-002
         749   1.1599999999999932E-002
         750   1.1599999999999932E-002
         751   1.1599999999999932E-002
         752   1.1599999999999932E-002
         753   1.1599999999999932E-002
         754   1.1599999999999932E-002
         755   1.1599999999999932E-002
         756   1.1599999999999932E-002
         757   1.1599999999999932E-002
         758   1.1599999999999932E-002
         759   1.1599999999999932E-002
         760   1.1599999999999932E-002
         761   1.1599999999999932E-002
         762   1.1599999999999932E-002
         763   1.1599999999999932E-002
         764   1.1599999999999932E-002
         765   1.1599999999999932E-002
         766   1.1599999999999932E-002
         767   1.1599999999999932E-002
         768   1.1599999999999932E-002
         769   1.1599999999999932E-002
         770   1.1599999999999932E-002
         771   1.1599999999999932E-002
         772   1.1599999999999932E-002
         773   1.1599999999999932E-002
         774   1.1599999999999932E-002
         775   1.1599999999999932E-002
         776   1.1599999999999932E-002
         777   1.1599999999999932E-002
         778   1.1599999999999932E-002
         779   1.1599999999999932E-002
         780   1.1599999999999932E-002
         781   1.1599999999999932E-002
         782   1.1599999999999932E-002
         783   1.1599999999999932E-002
         784   1.1599999999999932E-002
         785   1.1599999999999932E-002
         786   1.1599999999999932E-002
         787   1.1599999999999932E-002
         788   1.1599999999999932E-002
         789   1.1599999999999932E-002
         790   1.1599999999999932E-002
         791   1.1599999999999932E-002
         792   1.1599999999999932E-002
         793   1.1599999999999932E-002
         794   1.1599999999999932E-002
         795   1.1599999999999932E-002
         796   1.1599999999999932E-002
         797   1.1599999999999932E-002
         798   1.1599999999999932E-002
         799   1.1599999999999932E-002
         800   1.1599999999999932E-002
         801   1.1599999999999932E-002
         802   1.1599999999999932E-002
         803   1.1599999999999932E-002
         804   1.1599999999999932E-002
         805   1.1599999999999932E-002
         806   1.1599999999999932E-002
         807   1.1599999999999932E-002
         808   1.1599999999999932E-002
         809   1.1599999999999932E-002
         810   1.1599999999999932E-002
         811   1.1599999999999932E-002
         812   1.1599999999999932E-002
         813   1.1599999999999932E-002
         814   1.1599999999999932E-002
         815   1.1599999999999932E-002
         816   1.1599999999999932E-002
         817   1.1599999999999932E-002
         818   1.1599999999999932E-002
         819   1.1599999999999932E-002
         820   1.1599999999999932E-002
         821   1.1599999999999932E-002
         822   1.1599999999999932E-002
         823   1.1599999999999932E-002
         824   1.1599999999999932E-002
         825   1.1599999999999932E-002
         826   1.1599999999999932E-002
         827   1.1599999999999932E-002
         828   1.1599999999999932E-002
         829   1.1599999999999932E-002
         830   1.1599999999999932E-002
         831   1.1599999999999932E-002
         832   1.1599999999999932E-002
         833   1.1599999999999932E-002
         834   1.1599999999999932E-002
         835   1.1599999999999932E-002
         836   1.1599999999999932E-002
         837   1.1599999999999932E-002
         838   1.1599999999999932E-002
         839   1.1599999999999932E-002
         840   1.1599999999999932E-002
         841   1.1599999999999932E-002
         842   1.1599999999999932E-002
         843   1.1599999999999932E-002
         844   1.1599999999999932E-002
         845   1.1599999999999932E-002
         846   1.1599999999999932E-002
         847   1.1599999999999932E-002
         848   1.1599999999999932E-002
         849   1.1599999999999932E-002
         850   1.1599999999999932E-002
         851   1.1599999999999932E-002
         852   1.1599999999999932E-002
         853   1.1599999999999932E-002
         854   1.1599999999999932E-002
         855   1.1599999999999932E-002
         856   1.1599999999999932E-002
         857   1.1599999999999932E-002
         858   1.1599999999999932E-002
         859   1.1599999999999932E-002
         860   1.1599999999999932E-002
         861   1.1599999999999932E-002
         862   1.1599999999999932E-002
         863   1.1599999999999932E-002
         864   1.1599999999999932E-002
         865   1.1599999999999932E-002
         866   1.1599999999999932E-002
         867   1.1599999999999932E-002
         868   1.1599999999999932E-002
         869   1.1599999999999932E-002
         870   1.1599999999999932E-002
         871   1.1599999999999932E-002
         872   1.1599999999999932E-002
         873   1.1599999999999932E-002
         874   1.1599999999999932E-002
         875   1.1599999999999932E-002
         876   1.1599999999999932E-002
         877   1.1599999999999932E-002
         878   1.1599999999999932E-002
         879   1.1599999999999932E-002
         880   1.1599999999999932E-002
         881   1.1599999999999932E-002
         882   1.1599999999999932E-002
         883   1.1599999999999932E-002
         884   1.1599999999999932E-002
         885   1.1599999999999932E-002
         886   1.1599999999999932E-002
         887   1.1599999999999932E-002
         888   1.1599999999999932E-002
         889   1.1599999999999932E-002
         890   1.1599999999999932E-002
         891   1.1599999999999932E-002
         892   1.1599999999999932E-002
         893   1.1599999999999932E-002
         894   1.1599999999999932E-002
         895   1.1599999999999932E-002
         896   1.1599999999999932E-002
         897   1.1599999999999932E-002
         898   1.1599999999999932E-002
         899   1.1599999999999932E-002
         900   1.1599999999999932E-002
         901   1.1599999999999932E-002
         902   1.1599999999999932E-002
         903   1.1599999999999932E-002
         904   1.1599999999999932E-002
         905   1.1599999999999932E-002
         906   1.1599999999999932E-002
         907   1.1599999999999932E-002
         908   1.1599999999999932E-002
         909   1.1599999999999932E-002
         910   1.1599999999999932E-002
         911   1.1599999999999932E-002
         912   1.1599999999999932E-002
         913   1.1599999999999932E-002
         914   1.1599999999999932E-002
         915   1.1599999999999932E-002
         916   1.1599999999999932E-002
         917   1.1599999999999932E-002
         918   1.1599999999999932E-002
         919   1.1599999999999932E-002
         920   1.1599999999999932E-002
         921   1.1599999999999932E-002
         922   1.1599999999999932E-002
         923   1.1599999999999932E-002
         924   1.1599999999999932E-002
         925   1.1599999999999932E-002
         926   1.1599999999999932E-002
         927   1.1599999999999932E-002
         928   1.1599999999999932E-002
         929   1.1599999999999932E-002
         930   1.1599999999999932E-002
         931   1.1599999999999932E-002
         932   1.1599999999999932E-002
         933   1.1599999999999932E-002
         934   1.1599999999999932E-002
         935   1.1599999999999932E-002
         936   1.1599999999999932E-002
         937   1.1599999999999932E-002
         938   1.1599999999999932E-002
         939   1.1599999999999932E-002
         940   1.1599999999999932E-002
         941   1.1599999999999932E-002
         942   1.1599999999999932E-002
         943   1.1599999999999932E-002
         944   1.1599999999999932E-002
         945   1.1599999999999932E-002
         946   1.1599999999999932E-002
         947   1.1599999999999932E-002
         948   1.1599999999999932E-002
         949   1.1599999999999932E-002
         950   1.1599999999999932E-002
         951   1.1599999999999932E-002
         952   1.1599999999999932E-002
         953   1.1599999999999932E-002
         954   1.1599999999999932E-002
         955   1.1599999999999932E-002
         956   1.1599999999999932E-002
         957   1.1599999999999932E-002
         958   1.1599999999999932E-002
         959   1.1599999999999932E-002
         960   1.1599999999999932E-002
         961   1.1599999999999932E-002
         962   1.1599999999999932E-002
         963   1.1599999999999932E-002
         964   1.1599999999999932E-002
         965   1.1599999999999932E-002
         966   1.1599999999999932E-002
         967   1.1599999999999932E-002
         968   1.1599999999999932E-002
         969   1.1599999999999932E-002
         970   1.1599999999999932E-002
         971   1.1599999999999932E-002
         972   1.1599999999999932E-002
         973   1.1599999999999932E-002
         974   1.1599999999999932E-002
         975   1.1599999999999932E-002
         976   1.1599999999999932E-002
         977   1.1599999999999932E-002
         978   1.1599999999999932E-002
         979   1.1599999999999932E-002
         980   1.1599999999999932E-002
         981   1.1599999999999932E-002
         982   1.1599999999999932E-002
         983   1.1599999999999932E-002
         984   1.1599999999999932E-002
         985   1.1599999999999932E-002
         986   1.1599999999999932E-002
         987   1.1599999999999932E-002
         988   1.1599999999999932E-002
         989   1.1599999999999932E-002
         990   1.1599999999999932E-002
         991   1.1599999999999932E-002
         992   1.1599999999999932E-002
         993   1.1599999999999932E-002
         994   1.1599999999999932E-002
         995   1.1599999999999932E-002
         996   1.1599999999999932E-002
         997   1.1599999999999932E-002
         998   1.1599999999999932E-002
         999   1.1599999999999932E-002
        1000   1.1599999999999932E-002
        1001   1.1599999999999932E-002
        1002   1.1599999999999932E-002
        1003   1.1599999999999932E-002
        1004   1.1599999999999932E-002
        1005   1.1599999999999932E-002
        1006   1.1599999999999932E-002
        1007   1.1599999999999932E-002
        1008   1.1599999999999932E-002
        1009   1.1599999999999932E-002
        1010   1.1599999999999932E-002
        1011   1.1599999999999932E-002
        1012   1.1599999999999932E-002
        1013   1.1599999999999932E-002
        1014   1.1599999999999932E-002
        1015   1.1599999999999932E-002
        1016   1.1599999999999932E-002
        1017   1.1599999999999932E-002
        1018   1.1599999999999932E-002
        1019   1.1599999999999932E-002
        1020   1.1599999999999932E-002
        1021   1.1599999999999932E-002
        1022   1.1599999999999932E-002
        1023   1.1599999999999932E-002
        1024   1.1599999999999932E-002
        1025   1.1599999999999932E-002
        1026   1.1599999999999932E-002
        1027   1.1599999999999932E-002
        1028   1.1599999999999932E-002
        1029   1.1599999999999932E-002
        1030   1.1599999999999932E-002
        1031   1.1599999999999932E-002
        1032   1.1599999999999932E-002
        1033   1.1599999999999932E-002
        1034   1.1599999999999932E-002
        1035   1.1599999999999932E-002
        1036   1.1599999999999932E-002
        1037   1.1599999999999932E-002
        1038   1.1599999999999932E-002
        1039   1.1599999999999932E-002
        1040   1.1599999999999932E-002
        1041   1.1599999999999932E-002
        1042   1.1599999999999932E-002
        1043   1.1599999999999932E-002
        1044   1.1599999999999932E-002
        1045   1.1599999999999932E-002
        1046   1.1599999999999932E-002
        1047   1.1599999999999932E-002
        1048   1.1599999999999932E-002
        1049   1.1599999999999932E-002
        1050   1.1599999999999932E-002
        1051   1.1599999999999932E-002
        1052   1.1599999999999932E-002
        1053   1.1599999999999932E-002
        1054   1.1599999999999932E-002
        1055   1.1599999999999932E-002
        1056   1.1599999999999932E-002
        1057   1.1599999999999932E-002
        1058   1.1599999999999932E-002
        1059   1.1599999999999932E-002
        1060   1.1599999999999932E-002
        1061   1.1599999999999932E-002
        1062   1.1599999999999932E-002
        1063   1.1599999999999932E-002
        1064   1.1599999999999932E-002
        1065   1.1599999999999932E-002
        1066   1.1599999999999932E-002
        1067   1.1599999999999932E-002
        1068   1.1599999999999932E-002
        1069   1.1599999999999932E-002
        1070   1.1599999999999932E-002
        1071   1.1599999999999932E-002
        1072   1.1599999999999932E-002
        1073   1.1599999999999932E-002
        1074   1.1599999999999932E-002
        1075   1.1599999999999932E-002
        1076   1.1599999999999932E-002
        1077   1.1599999999999932E-002
        1078   1.1599999999999932E-002
        1079   1.1599999999999932E-002
        1080   1.1599999999999932E-002
        1081   1.1599999999999932E-002
        1082   1.1599999999999932E-002
        1083   1.1599999999999932E-002
        1084   1.1599999999999932E-002
        1085   1.1599999999999932E-002
        1086   1.1599999999999932E-002
        1087   1.1599999999999932E-002
        1088   1.1599999999999932E-002
        1089   1.1599999999999932E-002
        1090   1.1599999999999932E-002
        1091   1.1599999999999932E-002
        1092   1.1599999999999932E-002
        1093   1.1599999999999932E-002
        1094   1.1599999999999932E-002
        1095   1.1599999999999932E-002
        1096   1.1599999999999932E-002
        1097   1.1599999999999932E-002
        1098   1.1599999999999932E-002
        1099   1.1599999999999932E-002
        1100   1.1599999999999932E-002
        1101   1.1599999999999932E-002
        1102   1.1599999999999932E-002
        1103   1.1599999999999932E-002
        1104   1.1599999999999932E-002
        1105   1.1599999999999932E-002
        1106   1.1599999999999932E-002
        1107   1.1599999999999932E-002
        1108   1.1599999999999932E-002
        1109   1.1599999999999932E-002
        1110   1.1599999999999932E-002
        1111   1.1599999999999932E-002
        1112   1.1599999999999932E-002
        1113   1.1599999999999932E-002
        1114   1.1599999999999932E-002
        1115   1.1599999999999932E-002
        1116   1.1599999999999932E-002
        1117   1.1599999999999932E-002
        1118   1.1599999999999932E-002
        1119   1.1599999999999932E-002
        1120   1.1599999999999932E-002
        1121   1.1599999999999932E-002
        1122   1.1599999999999932E-002
        1123   1.1599999999999932E-002
        1124   1.1599999999999932E-002
        1125   1.1599999999999932E-002
        1126   1.1599999999999932E-002
        1127   1.1599999999999932E-002
        1128   1.1599999999999932E-002
        1129   1.1599999999999932E-002
        1130   1.1599999999999932E-002
        1131   1.1599999999999932E-002
        1132   1.1599999999999932E-002
        1133   1.1599999999999932E-002
        1134   1.1599999999999932E-002
        1135   1.1599999999999932E-002
        1136   1.1599999999999932E-002
        1137   1.1599999999999932E-002
        1138   1.1599999999999932E-002
        1139   1.1599999999999932E-002
        1140   1.1599999999999932E-002
        1141   1.1599999999999932E-002
        1142   1.1599999999999932E-002
        1143   1.1599999999999932E-002
        1144   1.1599999999999932E-002
        1145   1.1599999999999932E-002
        1146   1.1599999999999932E-002
        1147   1.1599999999999932E-002
        1148   1.1599999999999932E-002
        1149   1.1599999999999932E-002
        1150   1.1599999999999932E-002
        1151   1.1599999999999932E-002
        1152   1.1599999999999932E-002
        1153   1.1599999999999932E-002
        1154   1.1599999999999932E-002
        1155   1.1599999999999932E-002
        1156   1.1599999999999932E-002
        1157   1.1599999999999932E-002
        1158   1.1599999999999932E-002
        1159   1.1599999999999932E-002
        1160   1.1599999999999932E-002
        1161   1.1599999999999932E-002
        1162   1.1599999999999932E-002
        1163   1.1599999999999932E-002
        1164   1.1599999999999932E-002
        1165   1.1599999999999932E-002
        1166   1.1599999999999932E-002
        1167   1.1599999999999932E-002
        1168   1.1599999999999932E-002
        1169   1.1599999999999932E-002
        1170   1.1599999999999932E-002
        1171   1.1599999999999932E-002
        1172   1.1599999999999932E-002
        1173   1.1599999999999932E-002
        1174   1.1599999999999932E-002
        1175   1.1599999999999932E-002
        1176   1.1599999999999932E-002
        1177   1.1599999999999932E-002
        1178   1.1599999999999932E-002
        1179   1.1599999999999932E-002
        1180   1.1599999999999932E-002
        1181   1.1599999999999932E-002
        1182   1.1599999999999932E-002
        1183   1.1599999999999932E-002
        1184   1.1599999999999932E-002
        1185   1.1599999999999932E-002
        1186   1.1599999999999932E-002
        1187   1.1599999999999932E-002
        1188   1.1599999999999932E-002
        1189   1.1599999999999932E-002
        1190   1.1599999999999932E-002
        1191   1.1599999999999932E-002
        1192   1.1599999999999932E-002
        1193   1.1599999999999932E-002
        1194   1.1599999999999932E-002
        1195   1.1599999999999932E-002
        1196   1.1599999999999932E-002
        1197   1.1599999999999932E-002
        1198   1.1599999999999932E-002
        1199   1.1599999999999932E-002
        1200   1.1599999999999932E-002
        1201   1.1599999999999932E-002
        1202   1.1599999999999932E-002
        1203   1.1599999999999932E-002
        1204   1.1599999999999932E-002
        1205   1.1599999999999932E-002
        1206   1.1599999999999932E-002
        1207   1.1599999999999932E-002
        1208   1.1599999999999932E-002
        1209   1.1599999999999932E-002
        1210   1.1599999999999932E-002
        1211   1.1599999999999932E-002
        1212   1.1599999999999932E-002
        1213   1.1599999999999932E-002
        1214   1.1599999999999932E-002
        1215   1.1599999999999932E-002
        1216   1.1599999999999932E-002
        1217   1.1599999999999932E-002
        1218   1.1599999999999932E-002
        1219   1.1599999999999932E-002
        1220   1.1599999999999932E-002
        1221   1.1599999999999932E-002
        1222   1.1599999999999932E-002
        1223   1.1599999999999932E-002
        1224   1.1599999999999932E-002
        1225   1.1599999999999932E-002
        1226   1.1599999999999932E-002
        1227   1.1599999999999932E-002
        1228   1.1599999999999932E-002
        1229   1.1599999999999932E-002
        1230   1.1599999999999932E-002
        1231   1.1599999999999932E-002
        1232   1.1599999999999932E-002
        1233   1.1599999999999932E-002
        1234   1.1599999999999932E-002
        1235   1.1599999999999932E-002
        1236   1.1599999999999932E-002
        1237   1.1599999999999932E-002
        1238   1.1599999999999932E-002
        1239   1.1599999999999932E-002
        1240   1.1599999999999932E-002
        1241   1.1599999999999932E-002
        1242   1.1599999999999932E-002
        1243   1.1599999999999932E-002
        1244   1.1599999999999932E-002
        1245   1.1599999999999932E-002
        1246   1.1599999999999932E-002
        1247   1.1599999999999932E-002
        1248   1.1599999999999932E-002
        1249   1.1599999999999932E-002
        1250   1.1599999999999932E-002
        1251   1.1599999999999932E-002
        1252   1.1599999999999932E-002
        1253   1.1599999999999932E-002
        1254   1.1599999999999932E-002
        1255   1.1599999999999932E-002
        1256   1.1599999999999932E-002
        1257   1.1599999999999932E-002
        1258   1.1599999999999932E-002
        1259   1.1599999999999932E-002
        1260   1.1599999999999932E-002
        1261   1.1599999999999932E-002
        1262   1.1599999999999932E-002
        1263   1.1599999999999932E-002
        1264   1.1599999999999932E-002
        1265   1.1599999999999932E-002
        1266   1.1599999999999932E-002
        1267   1.1599999999999932E-002
        1268   1.1599999999999932E-002
        1269   1.1599999999999932E-002
        1270   1.1599999999999932E-002
        1271   1.1599999999999932E-002
        1272   1.1599999999999932E-002
        1273   1.1599999999999932E-002
        1274   1.1599999999999932E-002
        1275   1.1599999999999932E-002
        1276   1.1599999999999932E-002
        1277   1.1599999999999932E-002
        1278   1.1599999999999932E-002
        1279   1.1599999999999932E-002
        1280   1.1599999999999932E-002
        1281   1.1599999999999932E-002
        1282   1.1599999999999932E-002
        1283   1.1599999999999932E-002
        1284   1.1599999999999932E-002
        1285   1.1599999999999932E-002
        1286   1.1599999999999932E-002
        1287   1.1599999999999932E-002
        1288   1.1599999999999932E-002
        1289   1.1599999999999932E-002
        1290   1.1599999999999932E-002
        1291   1.1599999999999932E-002
        1292   1.1599999999999932E-002
        1293   1.1599999999999932E-002
        1294   1.1599999999999932E-002
        1295   1.1599999999999932E-002
        1296   1.1599999999999932E-002
        1297   1.1599999999999932E-002
        1298   1.1599999999999932E-002
        1299   1.1599999999999932E-002
        1300   1.1599999999999932E-002
        1301   1.1599999999999932E-002
        1302   1.1599999999999932E-002
        1303   1.1599999999999932E-002
        1304   1.1599999999999932E-002
        1305   1.1599999999999932E-002
        1306   1.1599999999999932E-002
        1307   1.1599999999999932E-002
        1308   1.1599999999999932E-002
        1309   1.1599999999999932E-002
        1310   1.1599999999999932E-002
        1311   1.1599999999999932E-002
        1312   1.1599999999999932E-002
        1313   1.1599999999999932E-002
        1314   1.1599999999999932E-002
        1315   1.1599999999999932E-002
        1316   1.1599999999999932E-002
        1317   1.1599999999999932E-002
        1318   1.1599999999999932E-002
        1319   1.1599999999999932E-002
        1320   1.1599999999999932E-002
        1321   1.1599999999999932E-002
        1322   1.1599999999999932E-002
        1323   1.1599999999999932E-002
        1324   1.1599999999999932E-002
        1325   1.1599999999999932E-002
        1326   1.1599999999999932E-002
        1327   1.1599999999999932E-002
        1328   1.1599999999999932E-002
        1329   1.1599999999999932E-002
        1330   1.1599999999999932E-002
        1331   1.1599999999999932E-002
        1332   1.1599999999999932E-002
        1333   1.1599999999999932E-002
        1334   1.1599999999999932E-002
        1335   1.1599999999999932E-002
        1336   1.1599999999999932E-002
        1337   1.1599999999999932E-002
        1338   1.1599999999999932E-002
        1339   1.1599999999999932E-002
        1340   1.1599999999999932E-002
        1341   1.1599999999999932E-002
        1342   1.1599999999999932E-002
        1343   1.1599999999999932E-002
        1344   1.1599999999999932E-002
        1345   1.1599999999999932E-002
        1346   1.1599999999999932E-002
        1347   1.1599999999999932E-002
        1348   1.1599999999999932E-002
        1349   1.1599999999999932E-002
        1350   1.1599999999999932E-002
        1351   1.1599999999999932E-002
        1352   1.1599999999999932E-002
        1353   1.1599999999999932E-002
        1354   1.1599999999999932E-002
        1355   1.1599999999999932E-002
        1356   1.1599999999999932E-002
        1357   1.1599999999999932E-002
        1358   1.1599999999999932E-002
        1359   1.1599999999999932E-002
        1360   1.1599999999999932E-002
        1361   1.1599999999999932E-002
        1362   1.1599999999999932E-002
        1363   1.1599999999999932E-002
        1364   1.1599999999999932E-002
        1365   1.1599999999999932E-002
        1366   1.1599999999999932E-002
        1367   1.1599999999999932E-002
        1368   1.1599999999999932E-002
        1369   1.1599999999999932E-002
        1370   1.1599999999999932E-002
        1371   1.1599999999999932E-002
        1372   1.1599999999999932E-002
        1373   1.1599999999999932E-002
        1374   1.1599999999999932E-002
        1375   1.1599999999999932E-002
        1376   1.1599999999999932E-002
        1377   1.1599999999999932E-002
        1378   1.1599999999999932E-002
        1379   1.1599999999999932E-002
        1380   1.1599999999999932E-002
        1381   1.1599999999999932E-002
        1382   1.1599999999999932E-002
        1383   1.1599999999999932E-002
        1384   1.1599999999999932E-002
        1385   1.1599999999999932E-002
        1386   1.1599999999999932E-002
        1387   1.1599999999999932E-002
        1388   1.1599999999999932E-002
        1389   1.1599999999999932E-002
        1390   1.1599999999999932E-002
        1391   1.1599999999999932E-002
        1392   1.1599999999999932E-002
        1393   1.1599999999999932E-002
        1394   1.1599999999999932E-002
        1395   1.1599999999999932E-002
        1396   1.1599999999999932E-002
        1397   1.1599999999999932E-002
        1398   1.1599999999999932E-002
        1399   1.1599999999999932E-002
        1400   1.1599999999999932E-002
        1401   1.1599999999999932E-002
        1402   1.1599999999999932E-002
        1403   1.1599999999999932E-002
        1404   1.1599999999999932E-002
        1405   1.1599999999999932E-002
        1406   1.1599999999999932E-002
        1407   1.1599999999999932E-002
        1408   1.1599999999999932E-002
        1409   1.1599999999999932E-002
        1410   1.1599999999999932E-002
        1411   1.1599999999999932E-002
        1412   1.1599999999999932E-002
        1413   1.1599999999999932E-002
        1414   1.1599999999999932E-002
        1415   1.1599999999999932E-002
        1416   1.1599999999999932E-002
        1417   1.1599999999999932E-002
        1418   1.1599999999999932E-002
        1419   1.1599999999999932E-002
        1420   1.1599999999999932E-002
        1421   1.1599999999999932E-002
        1422   1.1599999999999932E-002
        1423   1.1599999999999932E-002
        1424   1.1599999999999932E-002
        1425   1.1599999999999932E-002
        1426   1.1599999999999932E-002
        1427   1.1599999999999932E-002
        1428   1.1599999999999932E-002
        1429   1.1599999999999932E-002
        1430   1.1599999999999932E-002
        1431   1.1599999999999932E-002
        1432   1.1599999999999932E-002
        1433   1.1599999999999932E-002
        1434   1.1599999999999932E-002
        1435   1.1599999999999932E-002
        1436   1.1599999999999932E-002
        1437   1.1599999999999932E-002
        1438   1.1599999999999932E-002
        1439   1.1599999999999932E-002
        1440   1.1599999999999932E-002
        1441   1.1599999999999932E-002
        1442   1.1599999999999932E-002
        1443   1.1599999999999932E-002
        1444   1.1599999999999932E-002
        1445   1.1599999999999932E-002
        1446   1.1599999999999932E-002
        1447   1.1599999999999932E-002
        1448   1.1599999999999932E-002
        1449   1.1599999999999932E-002
        1450   1.1599999999999932E-002
        1451   1.1599999999999932E-002
        1452   1.1599999999999932E-002
        1453   1.1599999999999932E-002
        1454   1.1599999999999932E-002
        1455   1.1599999999999932E-002
        1456   1.1599999999999932E-002
        1457   1.1599999999999932E-002
        1458   1.1599999999999932E-002
        1459   1.1599999999999932E-002
        1460   1.1599999999999932E-002
        1461   1.1599999999999932E-002
        1462   1.1599999999999932E-002
        1463   1.1599999999999932E-002
        1464   1.1599999999999932E-002
        1465   1.1599999999999932E-002
        1466   1.1599999999999932E-002
        1467   1.1599999999999932E-002
        1468   1.1599999999999932E-002
        1469   1.1599999999999932E-002
        1470   1.1599999999999932E-002
        1471   1.1599999999999932E-002
        1472   1.1599999999999932E-002
        1473   1.1599999999999932E-002
        1474   1.1599999999999932E-002
        1475   1.1599999999999932E-002
        1476   1.1599999999999932E-002
        1477   1.1599999999999932E-002
        1478   1.1599999999999932E-002
        1479   1.1599999999999932E-002
        1480   1.1599999999999932E-002
        1481   1.1599999999999932E-002
        1482   1.1599999999999932E-002
        1483   1.1599999999999932E-002
        1484   1.1599999999999932E-002
        1485   1.1599999999999932E-002
        1486   1.1599999999999932E-002
        1487   1.1599999999999932E-002
        1488   1.1599999999999932E-002
        1489   1.1599999999999932E-002
        1490   1.1599999999999932E-002
        1491   1.1599999999999932E-002
        1492   1.1599999999999932E-002
        1493   1.1599999999999932E-002
        1494   1.1599999999999932E-002
        1495   1.1599999999999932E-002
        1496   1.1599999999999932E-002
        1497   1.1599999999999932E-002
        1498   1.1599999999999932E-002
        1499   1.1599999999999932E-002
        1500   1.1599999999999932E-002
        1501   1.1599999999999932E-002
        1502   1.1599999999999932E-002
        1503   1.1599999999999932E-002
        1504   1.1599999999999932E-002
        1505   1.1599999999999932E-002
        1506   1.1599999999999932E-002
        1507   1.1599999999999932E-002
        1508   1.1599999999999932E-002
        1509   1.1599999999999932E-002
        1510   1.1599999999999932E-002
        1511   1.1599999999999932E-002
        1512   1.1599999999999932E-002
        1513   1.1599999999999932E-002
        1514   1.1599999999999932E-002
        1515   1.1599999999999932E-002
        1516   1.1599999999999932E-002
        1517   1.1599999999999932E-002
        1518   1.1599999999999932E-002
        1519   1.1599999999999932E-002
        1520   1.1599999999999932E-002
        1521   1.1599999999999932E-002
        1522   1.1599999999999932E-002
        1523   1.1599999999999932E-002
        1524   1.1599999999999932E-002
        1525   1.1599999999999932E-002
        1526   1.1599999999999932E-002
        1527   1.1599999999999932E-002
        1528   1.1599999999999932E-002
        1529   1.1599999999999932E-002
        1530   1.1599999999999932E-002
        1531   1.1599999999999932E-002
        1532   1.1599999999999932E-002
        1533   1.1599999999999932E-002
        1534   1.1599999999999932E-002
        1535   1.1599999999999932E-002
        1536   1.1599999999999932E-002
        1537   1.1599999999999932E-002
        1538   1.1599999999999932E-002
        1539   1.1599999999999932E-002
        1540   1.1599999999999932E-002
        1541   1.1599999999999932E-002
        1542   1.1599999999999932E-002
        1543   1.1599999999999932E-002
        1544   4.0999999999999856E-003
