           1   3.6826000000000016     
           2  0.79689999999999972     
           3  0.79689999999999972     
           4  0.79689999999999972     
           5  0.27009999999999990     
           6  0.27009999999999990     
           7  0.27009999999999990     
           8  0.18770000000000003     
           9  0.18770000000000003     
          10   2.4499999999999949E-002
          11   2.4499999999999949E-002
          12   2.4499999999999949E-002
          13   2.4499999999999949E-002
          14   2.4499999999999949E-002
          15   2.4499999999999949E-002
          16   2.4499999999999949E-002
          17   2.4499999999999949E-002
          18   2.4499999999999949E-002
          19   2.4499999999999949E-002
          20   2.4499999999999949E-002
          21   2.4499999999999949E-002
          22   2.4499999999999949E-002
          23   2.4499999999999949E-002
          24   2.4499999999999949E-002
          25   2.4499999999999949E-002
          26   2.4499999999999949E-002
          27   2.4499999999999949E-002
          28   2.4499999999999949E-002
          29   2.4499999999999949E-002
          30   2.4499999999999949E-002
          31   2.4499999999999949E-002
          32   2.4499999999999949E-002
          33   2.4499999999999949E-002
          34   2.4499999999999949E-002
          35   2.4499999999999949E-002
          36   2.4499999999999949E-002
          37   2.4499999999999949E-002
          38   2.4499999999999949E-002
          39   2.4499999999999949E-002
          40   2.4499999999999949E-002
          41   2.4499999999999949E-002
          42   2.4499999999999949E-002
          43   2.4499999999999949E-002
          44   2.4499999999999949E-002
          45   2.4499999999999949E-002
          46   2.4499999999999949E-002
          47   2.4499999999999949E-002
          48   2.4499999999999949E-002
          49   2.4499999999999949E-002
          50   2.4499999999999949E-002
          51   2.4499999999999949E-002
          52   2.4499999999999949E-002
          53   2.4499999999999949E-002
          54   2.4499999999999949E-002
          55   2.4499999999999949E-002
          56   2.4499999999999949E-002
          57   2.4499999999999949E-002
          58   2.4499999999999949E-002
          59   2.4499999999999949E-002
          60   2.4499999999999949E-002
          61   2.4499999999999949E-002
          62   2.4499999999999949E-002
          63   2.4499999999999949E-002
          64   2.4499999999999949E-002
          65   2.4499999999999949E-002
          66   2.4499999999999949E-002
          67   2.4499999999999949E-002
          68   2.4499999999999949E-002
          69   2.4499999999999949E-002
          70   2.4499999999999949E-002
          71   2.4499999999999949E-002
          72   2.4499999999999949E-002
          73   2.4499999999999949E-002
          74   2.4499999999999949E-002
          75   2.4499999999999949E-002
          76   2.4499999999999949E-002
          77   2.4499999999999949E-002
          78   2.4499999999999949E-002
          79   2.4499999999999949E-002
          80   2.4499999999999949E-002
          81   2.2499999999999999E-002
          82   1.7999999999999978E-002
          83   1.7999999999999978E-002
          84   1.7999999999999978E-002
          85   1.7999999999999978E-002
          86   1.7999999999999978E-002
          87   1.7999999999999978E-002
          88   1.7999999999999978E-002
          89   1.7999999999999978E-002
          90   1.7999999999999978E-002
          91   1.7999999999999978E-002
          92   1.7999999999999978E-002
          93   1.7999999999999978E-002
          94   1.7999999999999978E-002
          95   1.7999999999999978E-002
          96   1.7999999999999978E-002
          97   1.7999999999999978E-002
          98   1.7999999999999978E-002
          99   1.7999999999999978E-002
         100   1.7999999999999978E-002
         101   1.7999999999999978E-002
         102   1.7999999999999978E-002
         103   1.7999999999999978E-002
         104   1.7999999999999978E-002
         105   1.7999999999999978E-002
         106   1.7999999999999978E-002
         107   1.7999999999999978E-002
         108   1.7999999999999978E-002
         109   1.7999999999999978E-002
         110   1.7999999999999978E-002
         111   1.7999999999999978E-002
         112   1.7999999999999978E-002
         113   1.7999999999999978E-002
         114   1.7999999999999978E-002
         115   1.7999999999999978E-002
         116   1.7999999999999978E-002
         117   1.7999999999999978E-002
         118   1.7999999999999978E-002
         119   1.7999999999999978E-002
         120   1.7999999999999978E-002
         121   1.7999999999999978E-002
         122   1.7999999999999978E-002
         123   1.7999999999999978E-002
         124   1.7999999999999978E-002
         125   1.7999999999999978E-002
         126   1.7999999999999978E-002
         127   1.7999999999999978E-002
         128   1.7999999999999978E-002
         129   1.7999999999999978E-002
         130   1.7999999999999978E-002
         131   1.7999999999999978E-002
         132   1.7999999999999978E-002
         133   1.7999999999999978E-002
         134   1.7999999999999978E-002
         135   1.7999999999999978E-002
         136   1.7999999999999978E-002
         137   1.7999999999999978E-002
         138   1.7999999999999978E-002
         139   1.7999999999999978E-002
         140   1.7999999999999978E-002
         141   1.7999999999999978E-002
         142   1.7999999999999978E-002
         143   1.7999999999999978E-002
         144   1.7999999999999978E-002
         145   1.7999999999999978E-002
         146   1.7999999999999978E-002
         147   1.7999999999999978E-002
         148   1.7999999999999978E-002
         149   1.7999999999999978E-002
         150   1.7999999999999978E-002
         151   1.7999999999999978E-002
         152   1.7999999999999978E-002
         153   1.7999999999999978E-002
         154   1.7999999999999978E-002
         155   1.7999999999999978E-002
         156   1.7999999999999978E-002
         157   1.7999999999999978E-002
         158   1.7999999999999978E-002
         159   1.7999999999999978E-002
         160   1.7999999999999978E-002
         161   1.7999999999999978E-002
         162   1.7999999999999978E-002
         163   1.7999999999999978E-002
         164   1.7999999999999978E-002
         165   1.7999999999999978E-002
         166   1.7999999999999978E-002
         167   1.7999999999999978E-002
         168   1.7999999999999978E-002
         169   1.7999999999999978E-002
         170   1.7999999999999978E-002
         171   1.7999999999999978E-002
         172   1.7999999999999978E-002
         173   1.7999999999999978E-002
         174   1.7999999999999978E-002
         175   1.7999999999999978E-002
         176   1.7999999999999978E-002
         177   1.7999999999999978E-002
         178   1.7999999999999978E-002
         179   1.7999999999999978E-002
         180   1.7999999999999978E-002
         181   1.7999999999999978E-002
         182   1.7999999999999978E-002
         183   1.7999999999999978E-002
         184   1.7999999999999978E-002
         185   1.7999999999999978E-002
         186   1.7999999999999978E-002
         187   1.7999999999999978E-002
         188   1.7999999999999978E-002
         189   1.7999999999999978E-002
         190   1.7999999999999978E-002
         191   1.7999999999999978E-002
         192   1.7999999999999978E-002
         193   1.7999999999999978E-002
         194   1.7999999999999978E-002
         195   1.7999999999999978E-002
         196   1.7999999999999978E-002
         197   1.7999999999999978E-002
         198   1.7999999999999978E-002
         199   1.7999999999999978E-002
         200   1.7999999999999978E-002
         201   1.7999999999999978E-002
         202   1.7999999999999978E-002
         203   1.7999999999999978E-002
         204   1.7999999999999978E-002
         205   1.7999999999999978E-002
         206   1.7999999999999978E-002
         207   1.7999999999999978E-002
         208   1.7999999999999978E-002
         209   1.7999999999999978E-002
         210   1.7999999999999978E-002
         211   1.7999999999999978E-002
         212   1.5700000000000023E-002
         213   1.5700000000000023E-002
         214   1.5700000000000023E-002
         215   1.5700000000000023E-002
         216   1.5700000000000023E-002
         217   1.5700000000000023E-002
         218   1.5700000000000023E-002
         219   1.5700000000000023E-002
         220   1.5700000000000023E-002
         221   1.5700000000000023E-002
         222   1.5700000000000023E-002
         223   1.5700000000000023E-002
         224   1.5700000000000023E-002
         225   1.5700000000000023E-002
         226   1.5700000000000023E-002
         227   1.5700000000000023E-002
         228   1.5700000000000023E-002
         229   1.5700000000000023E-002
         230   1.5700000000000023E-002
         231   1.5700000000000023E-002
         232   1.5700000000000023E-002
         233   1.5700000000000023E-002
         234   1.5700000000000023E-002
         235   1.5700000000000023E-002
         236   1.5700000000000023E-002
         237   1.5700000000000023E-002
         238   1.5700000000000023E-002
         239   1.5700000000000023E-002
         240   1.5700000000000023E-002
         241   1.5700000000000023E-002
         242   1.5700000000000023E-002
         243   1.5700000000000023E-002
         244   1.5700000000000023E-002
         245   1.5700000000000023E-002
         246   1.5700000000000023E-002
         247   1.5700000000000023E-002
         248   1.5700000000000023E-002
         249   1.5700000000000023E-002
         250   1.5700000000000023E-002
         251   1.5700000000000023E-002
         252   1.5700000000000023E-002
         253   1.5700000000000023E-002
         254   1.5700000000000023E-002
         255   1.5700000000000023E-002
         256   1.5700000000000023E-002
         257   1.5700000000000023E-002
         258   1.5700000000000023E-002
         259   1.5700000000000023E-002
         260   1.5700000000000023E-002
         261   1.5700000000000023E-002
         262   1.5700000000000023E-002
         263   1.5700000000000023E-002
         264   1.5700000000000023E-002
         265   1.5700000000000023E-002
         266   1.5700000000000023E-002
         267   1.5700000000000023E-002
         268   1.5700000000000023E-002
         269   1.5700000000000023E-002
         270   1.5700000000000023E-002
         271   1.5700000000000023E-002
         272   1.5700000000000023E-002
         273   1.5700000000000023E-002
         274   1.5700000000000023E-002
         275   1.5700000000000023E-002
         276   1.5700000000000023E-002
         277   1.5700000000000023E-002
         278   1.5700000000000023E-002
         279   1.5700000000000023E-002
         280   1.5700000000000023E-002
         281   1.5700000000000023E-002
         282   1.5700000000000023E-002
         283   1.5700000000000023E-002
         284   1.5700000000000023E-002
         285   1.5700000000000023E-002
         286   1.5700000000000023E-002
         287   1.5700000000000023E-002
         288   1.5700000000000023E-002
         289   1.5700000000000023E-002
         290   1.5700000000000023E-002
         291   1.5700000000000023E-002
         292   1.5700000000000023E-002
         293   1.5700000000000023E-002
         294   1.5700000000000023E-002
         295   1.5700000000000023E-002
         296   1.5700000000000023E-002
         297   1.5700000000000023E-002
         298   1.5700000000000023E-002
         299   1.5700000000000023E-002
         300   1.5700000000000023E-002
         301   1.5700000000000023E-002
         302   1.5700000000000023E-002
         303   1.5700000000000023E-002
         304   1.5700000000000023E-002
         305   1.5700000000000023E-002
         306   1.5700000000000023E-002
         307   1.5700000000000023E-002
         308   1.5700000000000023E-002
         309   1.5700000000000023E-002
         310   1.5700000000000023E-002
         311   1.5700000000000023E-002
         312   1.5700000000000023E-002
         313   1.5700000000000023E-002
         314   1.5700000000000023E-002
         315   1.5700000000000023E-002
         316   1.4600000000000054E-002
         317   1.4600000000000054E-002
         318   1.4600000000000054E-002
         319   1.4600000000000054E-002
         320   1.4600000000000054E-002
         321   1.4600000000000054E-002
         322   1.4600000000000054E-002
         323   1.4600000000000054E-002
         324   1.4600000000000054E-002
         325   1.4600000000000054E-002
         326   1.4600000000000054E-002
         327   1.4600000000000054E-002
         328   1.4600000000000054E-002
         329   1.4600000000000054E-002
         330   1.4600000000000054E-002
         331   1.4600000000000054E-002
         332   1.4600000000000054E-002
         333   1.4600000000000054E-002
         334   1.3700000000000073E-002
         335   1.3700000000000073E-002
         336   1.3700000000000073E-002
         337   1.3700000000000073E-002
         338   1.3700000000000073E-002
         339   1.3700000000000073E-002
         340   1.3700000000000073E-002
         341   1.3000000000000086E-002
         342   1.3000000000000086E-002
         343   1.3000000000000086E-002
         344   1.3000000000000086E-002
         345   1.3000000000000086E-002
         346   1.3000000000000086E-002
         347   1.3000000000000086E-002
         348   1.3000000000000086E-002
         349   1.3000000000000086E-002
         350   1.3000000000000086E-002
         351   1.3000000000000086E-002
         352   1.3000000000000086E-002
         353   1.3000000000000086E-002
         354   1.3000000000000086E-002
         355   1.3000000000000086E-002
         356   1.3000000000000086E-002
         357   1.3000000000000086E-002
         358   1.3000000000000086E-002
         359   1.3000000000000086E-002
         360   1.3000000000000086E-002
         361   1.3000000000000086E-002
         362   1.3000000000000086E-002
         363   1.3000000000000086E-002
         364   1.3000000000000086E-002
         365   1.3000000000000086E-002
         366   1.3000000000000086E-002
         367   1.3000000000000086E-002
         368   1.3000000000000086E-002
         369   1.3000000000000086E-002
         370   1.3000000000000086E-002
         371   1.3000000000000086E-002
         372   1.3000000000000086E-002
         373   1.3000000000000086E-002
         374   1.3000000000000086E-002
         375   1.3000000000000086E-002
         376   1.3000000000000086E-002
         377   1.3000000000000086E-002
         378   1.3000000000000086E-002
         379   1.3000000000000086E-002
         380   1.3000000000000086E-002
         381   1.3000000000000086E-002
         382   1.3000000000000086E-002
         383   1.3000000000000086E-002
         384   1.3000000000000086E-002
         385   1.3000000000000086E-002
         386   1.3000000000000086E-002
         387   1.3000000000000086E-002
         388   1.3000000000000086E-002
         389   1.3000000000000086E-002
         390   1.3000000000000086E-002
         391   1.3000000000000086E-002
         392   1.3000000000000086E-002
         393   1.3000000000000086E-002
         394   1.3000000000000086E-002
         395   1.3000000000000086E-002
         396   1.3000000000000086E-002
         397   1.3000000000000086E-002
         398   1.3000000000000086E-002
         399   1.3000000000000086E-002
         400   1.3000000000000086E-002
         401   1.3000000000000086E-002
         402   1.3000000000000086E-002
         403   1.3000000000000086E-002
         404   1.3000000000000086E-002
         405   1.3000000000000086E-002
         406   1.3000000000000086E-002
         407   1.3000000000000086E-002
         408   1.3000000000000086E-002
         409   1.3000000000000086E-002
         410   1.3000000000000086E-002
         411   1.3000000000000086E-002
         412   1.3000000000000086E-002
         413   1.3000000000000086E-002
         414   1.3000000000000086E-002
         415   1.3000000000000086E-002
         416   1.3000000000000086E-002
         417   1.3000000000000086E-002
         418   1.3000000000000086E-002
         419   1.3000000000000086E-002
         420   1.3000000000000086E-002
         421   1.3000000000000086E-002
         422   1.3000000000000086E-002
         423   1.3000000000000086E-002
         424   1.3000000000000086E-002
         425   1.3000000000000086E-002
         426   1.3000000000000086E-002
         427   1.3000000000000086E-002
         428   1.3000000000000086E-002
         429   1.3000000000000086E-002
         430   1.3000000000000086E-002
         431   1.3000000000000086E-002
         432   1.3000000000000086E-002
         433   1.3000000000000086E-002
         434   1.8000000000000299E-003
