           1   1.5737958814268040     
           2   1.5737958814268040     
           3   1.5737958814268040     
           4   1.5737958814268040     
           5   1.5737958814268040     
           6   1.5737958814268040     
           7   1.5737958814268040     
           8   1.5737958814268040     
           9   1.5737958814268040     
          10   1.4750213755689074     
          11   1.4750213755689074     
          12   1.1985059737104446     
          13   1.1985059737104446     
          14   1.1985059737104446     
          15   1.1985059737104446     
          16   1.1985059737104446     
          17   1.1985059737104446     
          18   1.1985059737104446     
          19   1.1985059737104446     
          20   1.1985059737104446     
          21   1.1985059737104446     
          22   1.1985059737104446     
          23   1.1985059737104446     
          24   1.1985059737104446     
          25   1.1985059737104446     
          26   1.1985059737104446     
          27   1.1985059737104446     
          28   1.1985059737104446     
          29   1.1985059737104446     
          30   1.1985059737104446     
          31   1.1985059737104446     
          32   1.1985059737104446     
          33  0.66996232976157621     
          34  0.66996232976157621     
          35  0.66996232976157621     
          36  0.35605498542622982     
          37  0.35605498542622982     
          38  0.35605498542622982     
          39  0.19786020843039864     
          40  0.19786020843039864     
          41  0.17802749271311491     
          42  0.17802749271311491     
          43  0.17802749271311491     
          44  0.17802749271311491     
          45  0.17802749271311491     
          46  0.17802749271311491     
          47  0.17802749271311491     
          48  0.17802749271311491     
          49  0.17802749271311491     
          50  0.17802749271311491     
          51  0.17802749271311491     
          52  0.17802749271311491     
          53  0.17802749271311491     
          54  0.17802749271311491     
          55  0.17802749271311491     
          56  0.17802749271311491     
          57  0.17802749271311491     
          58  0.17802749271311491     
          59  0.17802749271311491     
          60  0.17802749271311491     
          61  0.17802749271311491     
          62  0.17802749271311491     
          63  0.17802749271311491     
          64  0.17802749271311491     
          65  0.17802749271311491     
          66  0.17802749271311491     
          67  0.17802749271311491     
          68  0.17802749271311491     
          69  0.17802749271311491     
          70  0.17802749271311491     
          71  0.17802749271311491     
          72  0.17802749271311491     
          73  0.17802749271311491     
          74  0.17802749271311491     
          75  0.17802749271311491     
          76  0.17802749271311491     
          77  0.17802749271311491     
          78  0.17802749271311491     
          79  0.17802749271311491     
          80  0.17802749271311491     
          81  0.17802749271311491     
          82  0.17802749271311491     
          83  0.17802749271311491     
          84  0.17802749271311491     
          85  0.17802749271311491     
          86  0.17802749271311491     
          87  0.17802749271311491     
          88  0.17802749271311491     
          89  0.17802749271311491     
          90  0.17802749271311491     
          91  0.17802749271311491     
          92  0.17802749271311491     
          93  0.17802749271311491     
          94  0.17802749271311491     
          95  0.17802749271311491     
          96  0.17802749271311491     
          97  0.17802749271311491     
          98  0.17802749271311491     
          99  0.17802749271311491     
         100  0.17802749271311491     
         101  0.17802749271311491     
         102  0.17802749271311491     
         103  0.17802749271311491     
         104  0.17802749271311491     
         105  0.17802749271311491     
         106  0.17802749271311491     
         107  0.17802749271311491     
         108  0.17802749271311491     
         109  0.17802749271311491     
         110  0.17802749271311491     
         111  0.17802749271311491     
         112  0.17802749271311491     
         113  0.17802749271311491     
         114  0.17802749271311491     
         115  0.17802749271311491     
         116  0.17802749271311491     
         117  0.17802749271311491     
         118  0.17802749271311491     
         119  0.17802749271311491     
         120  0.17802749271311491     
         121  0.17802749271311491     
         122  0.17802749271311491     
         123  0.17802749271311491     
         124  0.17802749271311491     
         125  0.17802749271311491     
         126  0.17802749271311491     
         127  0.17802749271311491     
         128  0.17802749271311491     
         129  0.17802749271311491     
         130  0.17802749271311491     
         131  0.17802749271311491     
         132  0.17802749271311491     
         133  0.17802749271311491     
         134  0.17802749271311491     
         135  0.17802749271311491     
         136  0.17802749271311491     
         137  0.17802749271311491     
         138  0.17802749271311491     
         139  0.17802749271311491     
         140  0.17802749271311491     
         141  0.17802749271311491     
         142  0.17802749271311491     
         143  0.17802749271311491     
         144  0.17802749271311491     
         145  0.17802749271311491     
         146  0.17802749271311491     
         147  0.17802749271311491     
         148  0.17802749271311491     
         149  0.17802749271311491     
         150  0.17802749271311491     
         151  0.17802749271311491     
         152  0.17802749271311491     
         153  0.17802749271311491     
         154  0.17802749271311491     
         155  0.17802749271311491     
         156  0.17802749271311491     
         157  0.17802749271311491     
         158  0.17802749271311491     
         159  0.17802749271311491     
         160  0.17802749271311491     
         161  0.17802749271311491     
         162  0.17802749271311491     
         163  0.17802749271311491     
         164  0.17802749271311491     
         165  0.17802749271311491     
         166  0.17802749271311491     
         167  0.17802749271311491     
         168  0.17802749271311491     
         169  0.17802749271311491     
         170  0.17802749271311491     
         171  0.17802749271311491     
         172  0.17802749271311491     
         173  0.17802749271311491     
         174  0.17802749271311491     
         175  0.17802749271311491     
         176  0.17802749271311491     
         177  0.17802749271311491     
         178  0.17802749271311491     
         179  0.17802749271311491     
         180  0.17802749271311491     
         181  0.17802749271311491     
         182  0.17802749271311491     
         183  0.17802749271311491     
         184  0.17802749271311491     
         185  0.17802749271311491     
         186  0.17802749271311491     
         187  0.17802749271311491     
         188  0.17802749271311491     
         189  0.17802749271311491     
         190  0.17802749271311491     
         191  0.17802749271311491     
         192  0.17802749271311491     
         193  0.17802749271311491     
         194  0.17802749271311491     
         195  0.17802749271311491     
         196  0.17802749271311491     
         197  0.17802749271311491     
         198  0.17802749271311491     
         199  0.17802749271311491     
         200  0.17802749271311491     
         201  0.17802749271311491     
         202  0.17802749271311491     
         203  0.17802749271311491     
         204  0.17802749271311491     
         205  0.17802749271311491     
         206  0.17802749271311491     
         207  0.17802749271311491     
         208  0.17802749271311491     
         209  0.17802749271311491     
         210  0.17802749271311491     
         211  0.17802749271311491     
         212  0.17802749271311491     
         213  0.17802749271311491     
         214  0.17802749271311491     
         215  0.17802749271311491     
         216  0.17802749271311491     
         217  0.17802749271311491     
         218  0.17802749271311491     
         219  0.17802749271311491     
         220  0.17802749271311491     
         221  0.17802749271311491     
         222  0.17802749271311491     
         223  0.17802749271311491     
         224  0.17802749271311491     
         225  0.17802749271311491     
         226  0.17802749271311491     
         227  0.17802749271311491     
         228  0.17802749271311491     
         229  0.17802749271311491     
         230  0.17802749271311491     
         231  0.17802749271311491     
         232  0.17802749271311491     
         233  0.17802749271311491     
         234  0.17802749271311491     
         235  0.17802749271311491     
         236  0.17802749271311491     
         237  0.17802749271311491     
         238  0.17802749271311491     
         239  0.17802749271311491     
         240  0.17802749271311491     
         241  0.17802749271311491     
         242  0.17802749271311491     
         243  0.17802749271311491     
         244  0.17802749271311491     
         245  0.17802749271311491     
         246  0.17802749271311491     
         247  0.17802749271311491     
         248  0.17802749271311491     
         249  0.17802749271311491     
         250  0.17802749271311491     
         251  0.17802749271311491     
         252  0.17802749271311491     
         253  0.17802749271311491     
         254  0.17802749271311491     
         255  0.17802749271311491     
         256  0.17802749271311491     
         257  0.17802749271311491     
         258  0.17802749271311491     
         259  0.17802749271311491     
         260  0.17802749271311491     
         261  0.17802749271311491     
         262  0.17802749271311491     
         263  0.17802749271311491     
         264  0.17802749271311491     
         265  0.17802749271311491     
         266  0.17802749271311491     
         267  0.17802749271311491     
         268  0.17802749271311491     
         269  0.17802749271311491     
         270  0.17802749271311491     
         271  0.17802749271311491     
         272  0.17802749271311491     
         273  0.17802749271311491     
         274  0.17802749271311491     
         275  0.17802749271311491     
         276  0.17802749271311491     
         277  0.17802749271311491     
         278  0.17802749271311491     
         279  0.17802749271311491     
         280  0.17802749271311491     
         281  0.17802749271311491     
         282  0.17802749271311491     
         283  0.17802749271311491     
         284  0.17802749271311491     
         285  0.17802749271311491     
         286  0.17802749271311491     
         287  0.17802749271311491     
         288  0.17802749271311491     
         289  0.17802749271311491     
         290  0.17802749271311491     
         291  0.17802749271311491     
         292  0.17802749271311491     
         293  0.17802749271311491     
         294  0.17802749271311491     
         295  0.17802749271311491     
         296  0.17802749271311491     
         297  0.17802749271311491     
         298  0.17802749271311491     
         299  0.17802749271311491     
         300  0.17802749271311491     
         301  0.17802749271311491     
         302  0.17802749271311491     
         303  0.17802749271311491     
         304  0.17802749271311491     
         305  0.17802749271311491     
         306  0.17802749271311491     
         307  0.17802749271311491     
         308  0.17802749271311491     
         309  0.17802749271311491     
         310  0.17802749271311491     
         311  0.17802749271311491     
         312  0.17802749271311491     
         313  0.17802749271311491     
         314  0.17802749271311491     
         315  0.17802749271311491     
         316  0.17802749271311491     
         317  0.17802749271311491     
         318  0.17802749271311491     
         319  0.17802749271311491     
         320  0.17802749271311491     
         321  0.17802749271311491     
         322  0.17802749271311491     
         323  0.17802749271311491     
         324  0.17802749271311491     
         325  0.17802749271311491     
         326  0.17802749271311491     
         327  0.17802749271311491     
         328  0.17802749271311491     
         329  0.17802749271311491     
         330  0.17802749271311491     
         331  0.17802749271311491     
         332  0.17802749271311491     
         333  0.17802749271311491     
         334  0.17802749271311491     
         335  0.17802749271311491     
         336  0.17802749271311491     
         337  0.17802749271311491     
         338  0.17802749271311491     
         339  0.17802749271311491     
         340  0.17802749271311491     
         341  0.17802749271311491     
         342  0.17802749271311491     
         343  0.17802749271311491     
         344  0.17802749271311491     
         345  0.17802749271311491     
         346  0.17802749271311491     
         347  0.17802749271311491     
         348  0.17802749271311491     
         349  0.17802749271311491     
         350  0.17802749271311491     
         351  0.17802749271311491     
         352  0.17802749271311491     
         353  0.17802749271311491     
         354  0.17802749271311491     
         355  0.17802749271311491     
         356  0.17802749271311491     
         357  0.17802749271311491     
         358  0.17802749271311491     
         359  0.17802749271311491     
         360  0.17802749271311491     
         361  0.17802749271311491     
         362  0.17802749271311491     
         363  0.17802749271311491     
         364  0.17802749271311491     
         365  0.17802749271311491     
         366  0.17802749271311491     
         367  0.17802749271311491     
         368  0.17802749271311491     
         369  0.17802749271311491     
         370  0.17802749271311491     
         371  0.17802749271311491     
         372  0.17802749271311491     
         373  0.17802749271311491     
         374  0.17802749271311491     
         375  0.17802749271311491     
         376  0.17802749271311491     
         377  0.17802749271311491     
         378  0.17802749271311491     
         379  0.17802749271311491     
         380  0.17802749271311491     
         381  0.17802749271311491     
         382  0.17802749271311491     
         383  0.17802749271311491     
         384  0.17802749271311491     
         385  0.17802749271311491     
         386  0.17802749271311491     
         387  0.17802749271311491     
         388  0.17802749271311491     
         389  0.17802749271311491     
         390  0.17802749271311491     
         391  0.17802749271311491     
         392  0.17802749271311491     
         393  0.17802749271311491     
         394  0.17802749271311491     
         395  0.17802749271311491     
         396  0.17802749271311491     
         397  0.17802749271311491     
         398  0.17802749271311491     
         399  0.17802749271311491     
         400  0.17802749271311491     
         401  0.17802749271311491     
         402  0.17802749271311491     
         403  0.17802749271311491     
         404  0.17802749271311491     
         405  0.17802749271311491     
         406  0.17802749271311491     
         407  0.17802749271311491     
         408  0.17802749271311491     
         409  0.17802749271311491     
         410  0.17802749271311491     
         411  0.17802749271311491     
         412  0.17802749271311491     
         413  0.17802749271311491     
         414  0.17802749271311491     
         415  0.17802749271311491     
         416  0.17802749271311491     
         417  0.17802749271311491     
         418  0.17802749271311491     
         419  0.17802749271311491     
         420  0.17802749271311491     
         421  0.17802749271311491     
         422  0.17802749271311491     
         423  0.17802749271311491     
         424  0.17802749271311491     
         425  0.17802749271311491     
         426  0.17802749271311491     
         427  0.17802749271311491     
         428  0.17802749271311491     
         429  0.17802749271311491     
         430  0.17802749271311491     
         431  0.17802749271311491     
         432  0.17802749271311491     
         433  0.17802749271311491     
         434  0.17802749271311491     
         435  0.17802749271311491     
         436  0.17802749271311491     
         437  0.17802749271311491     
         438  0.17802749271311491     
         439  0.17802749271311491     
         440  0.17802749271311491     
         441  0.17802749271311491     
         442  0.17802749271311491     
         443  0.17802749271311491     
         444  0.17802749271311491     
         445  0.17802749271311491     
         446  0.17802749271311491     
         447  0.17802749271311491     
         448  0.17802749271311491     
         449  0.17802749271311491     
         450  0.17802749271311491     
         451  0.17802749271311491     
         452  0.17802749271311491     
         453  0.17802749271311491     
         454  0.17802749271311491     
         455  0.17802749271311491     
         456  0.17802749271311491     
         457  0.17802749271311491     
         458  0.17802749271311491     
         459  0.17802749271311491     
         460  0.17802749271311491     
         461  0.17802749271311491     
         462  0.17802749271311491     
         463  0.17802749271311491     
         464  0.17802749271311491     
         465  0.17802749271311491     
         466  0.17802749271311491     
         467  0.17802749271311491     
         468  0.17802749271311491     
         469  0.17802749271311491     
         470  0.17802749271311491     
         471  0.17802749271311491     
         472  0.17802749271311491     
         473  0.17802749271311491     
         474  0.17802749271311491     
         475  0.17802749271311491     
         476  0.17802749271311491     
         477  0.17802749271311491     
         478  0.17802749271311491     
         479  0.17802749271311491     
         480  0.17802749271311491     
         481  0.17802749271311491     
         482  0.17802749271311491     
         483  0.17802749271311491     
         484  0.17802749271311491     
         485  0.17802749271311491     
         486  0.17802749271311491     
         487  0.17802749271311491     
         488  0.17802749271311491     
         489  0.17802749271311491     
         490  0.17802749271311491     
         491  0.17802749271311491     
         492  0.17802749271311491     
         493  0.17802749271311491     
         494  0.17802749271311491     
         495  0.17802749271311491     
         496  0.17802749271311491     
         497  0.17802749271311491     
         498  0.17802749271311491     
         499  0.17802749271311491     
         500  0.17802749271311491     
         501  0.17802749271311491     
         502   1.9832715717283733E-002
         503   1.9832715717283733E-002
         504   1.9832715717283733E-002
         505   1.9832715717283733E-002
         506   1.9832715717283733E-002
         507   1.9832715717283733E-002
         508   1.9832715717283733E-002
         509   1.9832715717283733E-002
         510   1.9832715717283733E-002
         511   1.9832715717283733E-002
         512   1.9832715717283733E-002
         513   1.9832715717283733E-002
         514   1.9832715717283733E-002
         515   1.9832715717283733E-002
         516   1.9832715717283733E-002
         517   1.9832715717283733E-002
         518   0.0000000000000000     
