           1   14.751681298027993     
           2   11.101752986855221     
           3   3.7645464415031729     
           4   3.6481539445412148     
           5   3.6481539445412148     
           6   3.6481539445412148     
           7   3.6481539445412148     
           8   3.6481539445412148     
           9   3.6481539445412148     
          10   3.3468002879594030     
          11   3.0390830431057392     
          12   3.0390830431057392     
          13   1.4350213755689154     
          14   1.4350213755689154     
          15   1.4350213755689154     
          16   1.4350213755689154     
          17   1.0596654314345670     
          18   1.0596654314345670     
          19   1.0596654314345670     
          20   1.0596654314345670     
          21   1.0596654314345670     
          22   1.0596654314345670     
          23   1.0596654314345670     
          24   1.0596654314345670     
          25   1.0596654314345670     
          26   1.0596654314345670     
          27   1.0398327157172833     
          28   1.0392529868552209     
          29   1.0000000000000000     
          30   1.0000000000000000     
          31   1.0000000000000000     
          32   1.0000000000000000     
          33   1.0000000000000000     
          34   1.0000000000000000     
          35   1.0000000000000000     
          36   1.0000000000000000     
          37   1.0000000000000000     
          38   1.0000000000000000     
          39   1.0000000000000000     
          40   1.0000000000000000     
          41   1.0000000000000000     
          42   1.0000000000000000     
          43   1.0000000000000000     
          44   1.0000000000000000     
          45   1.0000000000000000     
          46   1.0000000000000000     
          47   1.0000000000000000     
          48   1.0000000000000000     
          49   1.0000000000000000     
          50   1.0000000000000000     
          51   1.0000000000000000     
          52   1.0000000000000000     
          53   1.0000000000000000     
          54   1.0000000000000000     
          55   1.0000000000000000     
          56   1.0000000000000000     
          57   1.0000000000000000     
          58   1.0000000000000000     
          59   1.0000000000000000     
          60   1.0000000000000000     
          61   1.0000000000000000     
          62   1.0000000000000000     
          63   1.0000000000000000     
          64   1.0000000000000000     
          65   1.0000000000000000     
          66   1.0000000000000000     
          67   1.0000000000000000     
          68   1.0000000000000000     
          69   1.0000000000000000     
          70   1.0000000000000000     
          71  0.99983271571728416     
          72  0.99983271571728416     
          73  0.99983271571728416     
          74  0.99983271571728416     
          75  0.99983271571728416     
          76  0.99983271571728416     
          77  0.99983271571728416     
          78  0.99983271571728416     
          79  0.99983271571728416     
          80  0.99983271571728416     
          81  0.99983271571728416     
          82  0.99983271571728416     
          83  0.99983271571728416     
          84  0.99983271571728416     
          85  0.99983271571728416     
          86  0.99983271571728416     
          87  0.99983271571728416     
          88  0.99983271571728416     
          89  0.99983271571728416     
          90  0.99983271571728416     
          91  0.99983271571728416     
          92  0.99983271571728416     
          93  0.99983271571728416     
          94  0.99983271571728416     
          95  0.99983271571728416     
          96  0.99983271571728416     
          97  0.99983271571728416     
          98  0.99983271571728416     
          99  0.99983271571728416     
         100  0.99983271571728416     
         101  0.99983271571728416     
         102  0.99983271571728416     
         103  0.99983271571728416     
         104  0.99983271571728416     
         105  0.99983271571728416     
         106  0.99983271571728416     
         107  0.99983271571728416     
         108  0.99983271571728416     
         109  0.95662947533981146     
         110   9.9085702572502043E-002
         111   9.9085702572502043E-002
         112   9.9085702572502043E-002
         113   9.9085702572502043E-002
         114   9.9085702572502043E-002
         115   9.9085702572502043E-002
         116   9.9085702572502043E-002
         117   9.9085702572502043E-002
         118   9.9085702572502043E-002
         119   9.9085702572502043E-002
         120   9.9085702572502043E-002
         121   1.9832715717283733E-002
         122   1.9832715717283733E-002
         123   1.9832715717283733E-002
         124   1.9832715717283733E-002
         125   1.9832715717283733E-002
         126   1.9832715717283733E-002
         127   1.9832715717283733E-002
         128   1.9832715717283733E-002
         129   1.9832715717283733E-002
         130   1.9832715717283733E-002
         131   1.9832715717283733E-002
         132   1.9832715717283733E-002
         133   1.9832715717283733E-002
         134   1.9832715717283733E-002
         135   1.9832715717283733E-002
         136   1.9832715717283733E-002
         137   1.9832715717283733E-002
         138   1.9832715717283733E-002
         139   1.9832715717283733E-002
         140   1.9832715717283733E-002
         141   1.9832715717283733E-002
         142   1.9832715717283733E-002
         143   1.9832715717283733E-002
         144   1.9832715717283733E-002
         145   1.9832715717283733E-002
         146   1.9832715717283733E-002
         147   1.9832715717283733E-002
         148   1.9832715717283733E-002
         149   1.9832715717283733E-002
         150   1.9832715717283733E-002
         151   1.9832715717283733E-002
         152   1.9832715717283733E-002
         153   1.9832715717283733E-002
         154   1.9832715717283733E-002
         155   1.9832715717283733E-002
         156   1.9832715717283733E-002
         157   1.9832715717283733E-002
         158   1.9832715717283733E-002
         159   1.9832715717283733E-002
         160   1.9832715717283733E-002
         161   1.9832715717283733E-002
         162   1.9832715717283733E-002
         163   1.9832715717283733E-002
         164   1.9832715717283733E-002
         165   1.9832715717283733E-002
         166   1.9832715717283733E-002
         167   1.9832715717283733E-002
         168   1.9832715717283733E-002
         169   1.9832715717283733E-002
         170   1.9832715717283733E-002
         171   1.9832715717283733E-002
         172   1.9832715717283733E-002
         173   1.9832715717283733E-002
         174   1.9832715717283733E-002
         175   1.9832715717283733E-002
         176   1.9832715717283733E-002
         177   1.9832715717283733E-002
         178   1.9832715717283733E-002
         179   1.9832715717283733E-002
         180   1.9832715717283733E-002
         181   1.9832715717283733E-002
         182   1.9832715717283733E-002
         183   1.9832715717283733E-002
         184   1.9832715717283733E-002
         185   1.9832715717283733E-002
         186   1.9832715717283733E-002
         187   1.9832715717283733E-002
         188   1.9832715717283733E-002
         189   1.9832715717283733E-002
         190   1.9832715717283733E-002
         191   1.9832715717283733E-002
         192   1.9832715717283733E-002
         193   1.9832715717283733E-002
         194   1.9832715717283733E-002
         195   1.9832715717283733E-002
         196   1.9832715717283733E-002
         197   1.9832715717283733E-002
         198   1.9832715717283733E-002
         199   1.9832715717283733E-002
         200   1.9832715717283733E-002
         201   1.9832715717283733E-002
         202   1.9832715717283733E-002
         203   1.9832715717283733E-002
         204   1.9832715717283733E-002
         205   1.9832715717283733E-002
         206   1.9832715717283733E-002
         207   1.9832715717283733E-002
         208   1.9832715717283733E-002
         209   1.9832715717283733E-002
         210   1.9832715717283733E-002
         211   1.9832715717283733E-002
         212   1.9832715717283733E-002
         213   1.9832715717283733E-002
         214   1.9832715717283733E-002
         215   1.9832715717283733E-002
         216   1.9832715717283733E-002
         217   1.9832715717283733E-002
         218   1.9832715717283733E-002
         219   1.9832715717283733E-002
         220   1.9832715717283733E-002
         221   1.9832715717283733E-002
         222   1.9832715717283733E-002
         223   1.9832715717283733E-002
         224   1.9832715717283733E-002
         225   1.9832715717283733E-002
         226   1.9832715717283733E-002
         227   1.9832715717283733E-002
         228   1.9832715717283733E-002
         229   1.9832715717283733E-002
         230   1.9832715717283733E-002
         231   1.9832715717283733E-002
         232   1.9832715717283733E-002
         233   1.9832715717283733E-002
         234   1.9832715717283733E-002
         235   1.9832715717283733E-002
         236   1.9832715717283733E-002
         237   1.9832715717283733E-002
         238   1.9832715717283733E-002
         239   1.9832715717283733E-002
         240   1.9832715717283733E-002
         241   1.9832715717283733E-002
         242   1.9832715717283733E-002
         243   1.9832715717283733E-002
         244   1.9832715717283733E-002
         245   1.9832715717283733E-002
         246   0.0000000000000000     
