           1   11.074543782036422     
           2   6.1633875952262187     
           3   6.1633875952262187     
           4   5.5640737318350668     
           5   5.5640737318350668     
           6   4.4717675527657459     
           7   4.4717675527657459     
           8   4.4717675527657459     
           9   4.4717675527657459     
          10   4.4717675527657459     
          11   4.4717675527657459     
          12   4.4717675527657459     
          13   4.4717675527657459     
          14   4.4717675527657459     
          15   4.4717675527657459     
          16   4.4717675527657459     
          17   4.4717675527657459     
          18   4.4717675527657459     
          19   4.4717675527657459     
          20   4.4717675527657459     
          21   4.4717675527657459     
          22   4.4717675527657459     
          23   4.4717675527657459     
          24   4.4717675527657459     
          25   4.4717675527657459     
          26   4.4717675527657459     
          27   4.4717675527657459     
          28   4.4717675527657459     
          29   4.4717675527657459     
          30   4.4717675527657459     
          31   4.4717675527657459     
          32   4.4717675527657459     
          33   4.4717675527657459     
          34   4.4717675527657459     
          35   4.4717675527657459     
          36   4.0868002879594076     
          37   3.7596627719677951     
          38   3.7596627719677951     
          39   3.7596627719677951     
          40   3.7196627719677959     
          41   2.5856678568347640     
          42   2.5856678568347640     
          43   2.5856678568347640     
          44   2.5856678568347640     
          45   2.1180274927131144     
          46   2.1180274927131144     
          47   2.1180274927131144     
          48   2.1180274927131144     
          49   2.1180274927131144     
          50   2.1180274927131144     
          51   2.1180274927131144     
          52   2.1180274927131144     
          53   2.1180274927131144     
          54   2.1180274927131144     
          55   2.0398327157172833     
          56   1.7456678568347606     
          57   1.7456678568347606     
          58   1.7456678568347606     
          59   1.7456678568347606     
          60   1.7456678568347606     
          61   1.7456678568347606     
          62   1.7456678568347606     
          63   1.7456678568347606     
          64   1.7456678568347606     
          65   1.7456678568347606     
          66   1.7456678568347606     
          67   1.7456678568347606     
          68   1.7056678568347614     
          69   1.7056678568347614     
          70   1.7056678568347614     
          71   1.7056678568347614     
          72   1.7056678568347614     
          73   1.7056678568347614     
          74   1.7056678568347614     
          75   1.7056678568347614     
          76   1.3156011044309732     
          77   1.3156011044309732     
          78   1.3156011044309732     
          79   1.1972804795683327     
          80   1.1972804795683327     
          81   1.1190857025725016     
          82   1.1190857025725016     
          83   1.1190857025725016     
          84   1.1190857025725016     
          85   1.1190857025725016     
          86   1.1190857025725016     
          87   1.1190857025725016     
          88   1.1190857025725016     
          89   1.1190857025725016     
          90   1.1190857025725016     
          91   1.1190857025725016     
          92   1.1190857025725016     
          93   1.1190857025725016     
          94   1.1190857025725016     
          95   1.1190857025725016     
          96   1.1190857025725016     
          97   1.1190857025725016     
          98   1.1190857025725016     
          99   1.1190857025725016     
         100   1.1190857025725016     
         101   1.1190857025725016     
         102   1.1190857025725016     
         103   1.1190857025725016     
         104   1.1190857025725016     
         105   1.1190857025725016     
         106   1.1190857025725016     
         107   1.1190857025725016     
         108   1.1190857025725016     
         109   1.0790857025725025     
         110   1.0790857025725025     
         111   1.0790857025725025     
         112   1.0790857025725025     
         113   1.0790857025725025     
         114   1.0790857025725025     
         115   1.0790857025725025     
         116   1.0790857025725025     
         117  0.97646219105709520     
         118  0.97646219105709520     
         119  0.97646219105709520     
         120  0.97646219105709520     
         121  0.72566785683476098     
         122  0.72566785683476098     
         123  0.72566785683476098     
         124  0.72566785683476098     
         125  0.72566785683476098     
         126  0.72566785683476098     
         127  0.72566785683476098     
         128  0.72566785683476098     
         129  0.72566785683476098     
         130  0.72566785683476098     
         131  0.72566785683476098     
         132  0.72566785683476098     
         133  0.72566785683476098     
         134  0.72566785683476098     
         135  0.72566785683476098     
         136  0.72566785683476098     
         137  0.72566785683476098     
         138  0.72566785683476098     
         139  0.72566785683476098     
         140  0.72566785683476098     
         141  0.72566785683476098     
         142  0.72566785683476098     
         143  0.72566785683476098     
         144  0.72566785683476098     
         145  0.72566785683476098     
         146  0.72566785683476098     
         147  0.72566785683476098     
         148  0.72566785683476098     
         149  0.72566785683476098     
         150  0.72566785683476098     
         151  0.72566785683476098     
         152  0.72566785683476098     
         153  0.72566785683476098     
         154  0.72566785683476098     
         155  0.72566785683476098     
         156  0.72566785683476098     
         157  0.72566785683476098     
         158  0.72566785683476098     
         159  0.72566785683476098     
         160  0.72566785683476098     
         161  0.72566785683476098     
         162  0.72566785683476098     
         163  0.72566785683476098     
         164  0.72566785683476098     
         165  0.72566785683476098     
         166  0.72566785683476098     
         167  0.72566785683476098     
         168  0.72566785683476098     
         169  0.72566785683476098     
         170  0.72566785683476098     
         171  0.72566785683476098     
         172  0.72566785683476098     
         173  0.72566785683476098     
         174  0.72566785683476098     
         175  0.72566785683476098     
         176  0.72566785683476098     
         177  0.72566785683476098     
         178  0.72566785683476098     
         179  0.72566785683476098     
         180  0.72566785683476098     
         181  0.72566785683476098     
         182  0.72566785683476098     
         183  0.72566785683476098     
         184  0.72566785683476098     
         185  0.72566785683476098     
         186  0.72566785683476098     
         187  0.72566785683476098     
         188  0.72566785683476098     
         189  0.72566785683476098     
         190  0.72566785683476098     
         191  0.72566785683476098     
         192  0.72566785683476098     
         193  0.72566785683476098     
         194  0.72566785683476098     
         195  0.72566785683476098     
         196  0.72566785683476098     
         197  0.72566785683476098     
         198  0.72566785683476098     
         199  0.72566785683476098     
         200  0.72566785683476098     
         201  0.72566785683476098     
         202  0.72566785683476098     
         203  0.72566785683476098     
         204  0.72566785683476098     
         205  0.72566785683476098     
         206  0.72566785683476098     
         207  0.72566785683476098     
         208  0.72566785683476098     
         209  0.72566785683476098     
         210  0.72566785683476098     
         211  0.72566785683476098     
         212  0.72566785683476098     
         213  0.72566785683476098     
         214  0.72566785683476098     
         215  0.72566785683476098     
         216  0.72566785683476098     
         217  0.72566785683476098     
         218  0.72566785683476098     
         219  0.72566785683476098     
         220  0.72566785683476098     
         221  0.72566785683476098     
         222  0.72566785683476098     
         223  0.72566785683476098     
         224  0.72566785683476098     
         225  0.72566785683476098     
         226  0.72566785683476098     
         227  0.72566785683476098     
         228  0.72566785683476098     
         229  0.72566785683476098     
         230  0.72566785683476098     
         231  0.72566785683476098     
         232  0.72566785683476098     
         233  0.72566785683476098     
         234  0.72566785683476098     
         235  0.72566785683476098     
         236  0.72566785683476098     
         237  0.72566785683476098     
         238  0.72566785683476098     
         239  0.72566785683476098     
         240  0.72566785683476098     
         241  0.72566785683476098     
         242  0.72566785683476098     
         243  0.72566785683476098     
         244  0.72566785683476098     
         245  0.72566785683476098     
         246  0.72566785683476098     
         247  0.72566785683476098     
         248  0.72566785683476098     
         249  0.72566785683476098     
         250  0.72566785683476098     
         251  0.72566785683476098     
         252  0.72566785683476098     
         253  0.72566785683476098     
         254  0.72566785683476098     
         255  0.72566785683476098     
         256  0.72566785683476098     
         257  0.72566785683476098     
         258  0.72566785683476098     
         259  0.72566785683476098     
         260  0.72566785683476098     
         261  0.72566785683476098     
         262  0.72566785683476098     
         263  0.72566785683476098     
         264  0.72566785683476098     
         265  0.72566785683476098     
         266  0.72566785683476098     
         267  0.72566785683476098     
         268  0.72566785683476098     
         269  0.72566785683476098     
         270  0.72566785683476098     
         271  0.72566785683476098     
         272  0.72566785683476098     
         273  0.72566785683476098     
         274  0.72566785683476098     
         275  0.72566785683476098     
         276  0.72566785683476098     
         277  0.72566785683476098     
         278  0.72566785683476098     
         279  0.72566785683476098     
         280  0.72566785683476098     
         281  0.72566785683476098     
         282  0.72566785683476098     
         283  0.72566785683476098     
         284  0.72566785683476098     
         285  0.72566785683476098     
         286  0.72566785683476098     
         287  0.72566785683476098     
         288  0.72566785683476098     
         289  0.72566785683476098     
         290  0.72566785683476098     
         291  0.72566785683476098     
         292  0.72566785683476098     
         293  0.72566785683476098     
         294  0.72566785683476098     
         295  0.72566785683476098     
         296  0.72566785683476098     
         297  0.72566785683476098     
         298  0.72566785683476098     
         299  0.72566785683476098     
         300  0.72566785683476098     
         301  0.72566785683476098     
         302  0.72566785683476098     
         303  0.72566785683476098     
         304  0.72566785683476098     
         305  0.72566785683476098     
         306  0.72566785683476098     
         307  0.72566785683476098     
         308  0.72566785683476098     
         309  0.72566785683476098     
         310  0.72566785683476098     
         311  0.72566785683476098     
         312  0.72566785683476098     
         313  0.72566785683476098     
         314  0.72566785683476098     
         315  0.72566785683476098     
         316  0.72566785683476098     
         317  0.72566785683476098     
         318  0.72566785683476098     
         319  0.72566785683476098     
         320  0.72566785683476098     
         321  0.72566785683476098     
         322  0.72566785683476098     
         323  0.72566785683476098     
         324  0.72566785683476098     
         325  0.72566785683476098     
         326  0.72566785683476098     
         327  0.72566785683476098     
         328  0.72566785683476098     
         329  0.72566785683476098     
         330  0.72566785683476098     
         331  0.72566785683476098     
         332  0.72566785683476098     
         333  0.72566785683476098     
         334  0.72566785683476098     
         335  0.72566785683476098     
         336  0.72566785683476098     
         337  0.72566785683476098     
         338  0.72566785683476098     
         339  0.72566785683476098     
         340  0.72566785683476098     
         341  0.72566785683476098     
         342  0.72566785683476098     
         343  0.72566785683476098     
         344  0.72566785683476098     
         345  0.72566785683476098     
         346  0.72566785683476098     
         347  0.72566785683476098     
         348  0.72566785683476098     
         349  0.72566785683476098     
         350  0.72566785683476098     
         351  0.72566785683476098     
         352  0.72566785683476098     
         353  0.72566785683476098     
         354  0.72566785683476098     
         355  0.72566785683476098     
         356  0.72566785683476098     
         357  0.72566785683476098     
         358  0.72566785683476098     
         359  0.72566785683476098     
         360  0.72566785683476098     
         361  0.72566785683476098     
         362  0.72566785683476098     
         363  0.72566785683476098     
         364  0.72566785683476098     
         365  0.72566785683476098     
         366  0.72566785683476098     
         367  0.72566785683476098     
         368  0.72566785683476098     
         369  0.72566785683476098     
         370  0.72566785683476098     
         371  0.72566785683476098     
         372  0.72566785683476098     
         373  0.72566785683476098     
         374  0.72566785683476098     
         375  0.72566785683476098     
         376  0.72566785683476098     
         377  0.72566785683476098     
         378  0.72566785683476098     
         379  0.72566785683476098     
         380  0.72566785683476098     
         381  0.72566785683476098     
         382  0.72566785683476098     
         383  0.72566785683476098     
         384  0.72566785683476098     
         385  0.72566785683476098     
         386  0.72566785683476098     
         387  0.72566785683476098     
         388  0.72566785683476098     
         389  0.72566785683476098     
         390  0.72566785683476098     
         391  0.72566785683476098     
         392  0.72566785683476098     
         393  0.72566785683476098     
         394  0.72566785683476098     
         395  0.72566785683476098     
         396  0.72566785683476098     
         397  0.72566785683476098     
         398  0.72566785683476098     
         399  0.72566785683476098     
         400  0.72566785683476098     
         401  0.72566785683476098     
         402  0.72566785683476098     
         403  0.72566785683476098     
         404  0.72566785683476098     
         405  0.72566785683476098     
         406  0.72566785683476098     
         407  0.72566785683476098     
         408  0.72566785683476098     
         409  0.72566785683476098     
         410  0.72566785683476098     
         411  0.72566785683476098     
         412  0.72566785683476098     
         413  0.72566785683476098     
         414  0.72566785683476098     
         415  0.72566785683476098     
         416  0.72566785683476098     
         417  0.72566785683476098     
         418  0.72566785683476098     
         419  0.72566785683476098     
         420  0.72566785683476098     
         421  0.72566785683476098     
         422  0.72566785683476098     
         423  0.72566785683476098     
         424  0.72566785683476098     
         425  0.72566785683476098     
         426  0.72566785683476098     
         427  0.72566785683476098     
         428  0.72566785683476098     
         429  0.72566785683476098     
         430  0.72566785683476098     
         431  0.72566785683476098     
         432  0.72566785683476098     
         433  0.72566785683476098     
         434  0.72566785683476098     
         435  0.72566785683476098     
         436  0.72566785683476098     
         437  0.72566785683476098     
         438  0.72566785683476098     
         439  0.72566785683476098     
         440  0.72566785683476098     
         441  0.72566785683476098     
         442  0.72566785683476098     
         443  0.72566785683476098     
         444  0.72566785683476098     
         445  0.72566785683476098     
         446  0.72566785683476098     
         447  0.72566785683476098     
         448  0.72566785683476098     
         449  0.25728047956833322     
         450  0.25728047956833322     
         451  0.25728047956833322     
         452  0.25728047956833322     
         453  0.25728047956833322     
         454  0.25728047956833322     
         455  0.25728047956833322     
         456  0.25728047956833322     
         457  0.25728047956833322     
         458  0.25728047956833322     
         459  0.25728047956833322     
         460  0.25728047956833322     
         461  0.25728047956833322     
         462  0.25728047956833322     
         463  0.25728047956833322     
         464  0.17802749271311491     
         465  0.17802749271311491     
         466  0.17802749271311491     
         467  0.17802749271311491     
         468  0.17802749271311491     
         469  0.17802749271311491     
         470  0.17802749271311491     
         471  0.17802749271311491     
         472  0.17802749271311491     
         473  0.17802749271311491     
         474  0.17802749271311491     
         475  0.17802749271311491     
         476  0.17802749271311491     
         477  0.17802749271311491     
         478  0.17802749271311491     
         479  0.17802749271311491     
         480  0.17802749271311491     
         481  0.17802749271311491     
         482  0.17802749271311491     
         483  0.17802749271311491     
         484  0.17802749271311491     
         485  0.17802749271311491     
         486  0.17802749271311491     
         487  0.17802749271311491     
         488  0.17802749271311491     
         489  0.17802749271311491     
         490  0.17802749271311491     
         491  0.17802749271311491     
         492  0.17802749271311491     
         493  0.17802749271311491     
         494  0.17802749271311491     
         495  0.17802749271311491     
         496  0.17802749271311491     
         497  0.17802749271311491     
         498  0.17802749271311491     
         499  0.17802749271311491     
         500  0.17802749271311491     
         501  0.17802749271311491     
         502  0.17802749271311491     
         503  0.17802749271311491     
         504  0.17802749271311491     
         505  0.17802749271311491     
         506  0.17802749271311491     
         507  0.17802749271311491     
         508  0.17802749271311491     
         509  0.17802749271311491     
         510  0.17802749271311491     
         511  0.17802749271311491     
         512  0.17802749271311491     
         513  0.17802749271311491     
         514  0.17802749271311491     
         515  0.17802749271311491     
         516  0.17802749271311491     
         517  0.17802749271311491     
         518  0.17802749271311491     
         519  0.17802749271311491     
         520  0.17802749271311491     
         521  0.17802749271311491     
         522  0.17802749271311491     
         523  0.17802749271311491     
         524  0.17802749271311491     
         525  0.17802749271311491     
         526  0.17802749271311491     
         527  0.17802749271311491     
         528  0.17802749271311491     
         529  0.17802749271311491     
         530  0.17802749271311491     
         531  0.17802749271311491     
         532  0.17802749271311491     
         533  0.17802749271311491     
         534  0.17802749271311491     
         535  0.17802749271311491     
         536  0.17802749271311491     
         537  0.17802749271311491     
         538  0.15850597371043662     
         539  0.15850597371043662     
         540  0.15850597371043662     
         541  0.15850597371043662     
         542   7.9252986855218310E-002
         543   7.9252986855218310E-002
         544   7.9252986855218310E-002
         545   7.9252986855218310E-002
         546   7.9252986855218310E-002
         547   7.9252986855218310E-002
         548   7.9252986855218310E-002
         549   7.9252986855218310E-002
         550   7.9252986855218310E-002
         551   7.9252986855218310E-002
         552   7.9252986855218310E-002
         553   7.9252986855218310E-002
         554   7.9252986855218310E-002
         555   7.9252986855218310E-002
         556   7.9252986855218310E-002
         557   7.9252986855218310E-002
         558   7.9252986855218310E-002
         559   7.9252986855218310E-002
         560   7.9252986855218310E-002
         561   7.9252986855218310E-002
         562   7.9252986855218310E-002
         563   7.9252986855218310E-002
         564   7.9252986855218310E-002
         565   7.9252986855218310E-002
         566   7.9252986855218310E-002
         567   7.9252986855218310E-002
         568   7.9252986855218310E-002
         569   7.9252986855218310E-002
         570   7.9252986855218310E-002
         571   7.9252986855218310E-002
         572   7.9252986855218310E-002
         573   7.9252986855218310E-002
         574   7.9252986855218310E-002
         575   7.9252986855218310E-002
         576   7.9252986855218310E-002
         577   7.9252986855218310E-002
         578   7.9252986855218310E-002
         579   7.9252986855218310E-002
         580   7.9252986855218310E-002
         581   7.9252986855218310E-002
         582   7.9252986855218310E-002
         583   7.9252986855218310E-002
         584   7.9252986855218310E-002
         585   7.9252986855218310E-002
         586   7.9252986855218310E-002
         587   7.9252986855218310E-002
         588   7.9252986855218310E-002
         589   7.9252986855218310E-002
         590   7.9252986855218310E-002
         591   7.9252986855218310E-002
         592   7.9252986855218310E-002
         593   7.9252986855218310E-002
         594   7.9252986855218310E-002
         595   7.9252986855218310E-002
         596   7.9252986855218310E-002
         597   7.9252986855218310E-002
         598   7.9252986855218310E-002
         599   7.9252986855218310E-002
         600   7.9252986855218310E-002
         601   7.9252986855218310E-002
         602   7.9252986855218310E-002
         603   7.9252986855218310E-002
         604   7.9252986855218310E-002
         605   7.9252986855218310E-002
         606   7.9252986855218310E-002
         607   7.9252986855218310E-002
         608   7.9252986855218310E-002
         609   7.9252986855218310E-002
         610   7.9252986855218310E-002
         611   7.9252986855218310E-002
         612   7.9252986855218310E-002
         613   7.9252986855218310E-002
         614   7.9252986855218310E-002
         615   7.9252986855218310E-002
         616   7.9252986855218310E-002
         617   7.9252986855218310E-002
         618   7.9252986855218310E-002
         619   7.9252986855218310E-002
         620   7.9252986855218310E-002
         621   7.9252986855218310E-002
         622   7.9252986855218310E-002
         623   7.9252986855218310E-002
         624   7.9252986855218310E-002
         625   7.9252986855218310E-002
         626   7.9252986855218310E-002
         627   7.9252986855218310E-002
         628   7.9252986855218310E-002
         629   7.9252986855218310E-002
         630   7.9252986855218310E-002
         631   7.9252986855218310E-002
         632   7.9252986855218310E-002
         633   7.9252986855218310E-002
         634   7.9252986855218310E-002
         635   7.9252986855218310E-002
         636   7.9252986855218310E-002
         637   7.9252986855218310E-002
         638   7.9252986855218310E-002
         639   7.9252986855218310E-002
         640   7.9252986855218310E-002
         641   7.9252986855218310E-002
         642   7.9252986855218310E-002
         643   7.9252986855218310E-002
         644   7.9252986855218310E-002
         645   7.9252986855218310E-002
         646   7.9252986855218310E-002
         647   7.9252986855218310E-002
         648   7.9252986855218310E-002
         649   7.9252986855218310E-002
         650   7.9252986855218310E-002
         651   7.9252986855218310E-002
         652   7.9252986855218310E-002
         653   7.9252986855218310E-002
         654   7.9252986855218310E-002
         655   7.9252986855218310E-002
         656   7.9252986855218310E-002
         657   7.9252986855218310E-002
         658   7.9252986855218310E-002
         659   7.9252986855218310E-002
         660   7.9252986855218310E-002
         661   7.9252986855218310E-002
         662   7.9252986855218310E-002
         663   7.9252986855218310E-002
         664   7.9252986855218310E-002
         665   7.9252986855218310E-002
         666   7.9252986855218310E-002
         667   7.9252986855218310E-002
         668   7.9252986855218310E-002
         669   7.9252986855218310E-002
         670   7.9252986855218310E-002
         671   7.9252986855218310E-002
         672   7.9252986855218310E-002
         673   7.9252986855218310E-002
         674   7.9252986855218310E-002
         675   7.9252986855218310E-002
         676   7.9252986855218310E-002
         677   7.9252986855218310E-002
         678   7.9252986855218310E-002
         679   7.9252986855218310E-002
         680   7.9252986855218310E-002
         681   7.9252986855218310E-002
         682   7.9252986855218310E-002
         683   7.9252986855218310E-002
         684   7.9252986855218310E-002
         685   7.9252986855218310E-002
         686   7.9252986855218310E-002
         687   7.9252986855218310E-002
         688   7.9252986855218310E-002
         689   7.9252986855218310E-002
         690   7.9252986855218310E-002
         691   7.9252986855218310E-002
         692   7.9252986855218310E-002
         693   7.9252986855218310E-002
         694   7.9252986855218310E-002
         695   7.9252986855218310E-002
         696   7.9252986855218310E-002
         697   7.9252986855218310E-002
         698   7.9252986855218310E-002
         699   7.9252986855218310E-002
         700   7.9252986855218310E-002
         701   7.9252986855218310E-002
         702   7.9252986855218310E-002
         703   7.9252986855218310E-002
         704   7.9252986855218310E-002
         705   7.9252986855218310E-002
         706   7.9252986855218310E-002
         707   7.9252986855218310E-002
         708   7.9252986855218310E-002
         709   7.9252986855218310E-002
         710   7.9252986855218310E-002
         711   7.9252986855218310E-002
         712   7.9252986855218310E-002
         713   7.9252986855218310E-002
         714   7.9252986855218310E-002
         715   7.9252986855218310E-002
         716   7.9252986855218310E-002
         717   7.9252986855218310E-002
         718   7.9252986855218310E-002
         719   7.9252986855218310E-002
         720   7.9252986855218310E-002
         721   7.9252986855218310E-002
         722   7.9252986855218310E-002
         723   7.9252986855218310E-002
         724   7.9252986855218310E-002
         725   7.9252986855218310E-002
         726   7.9252986855218310E-002
         727   7.9252986855218310E-002
         728   7.9252986855218310E-002
         729   7.9252986855218310E-002
         730   7.9252986855218310E-002
         731   7.9252986855218310E-002
         732   7.9252986855218310E-002
         733   7.9252986855218310E-002
         734   7.9252986855218310E-002
         735   7.9252986855218310E-002
         736   7.9252986855218310E-002
         737   7.9252986855218310E-002
         738   7.9252986855218310E-002
         739   7.9252986855218310E-002
         740   7.9252986855218310E-002
         741   7.9252986855218310E-002
         742   7.9252986855218310E-002
         743   7.9252986855218310E-002
         744   7.9252986855218310E-002
         745   7.9252986855218310E-002
         746   7.9252986855218310E-002
         747   7.9252986855218310E-002
         748   7.9252986855218310E-002
         749   7.9252986855218310E-002
         750   7.9252986855218310E-002
         751   7.9252986855218310E-002
         752   7.9252986855218310E-002
         753   7.9252986855218310E-002
         754   7.9252986855218310E-002
         755   7.9252986855218310E-002
         756   7.9252986855218310E-002
         757   7.9252986855218310E-002
         758   7.9252986855218310E-002
         759   7.9252986855218310E-002
         760   7.9252986855218310E-002
         761   7.9252986855218310E-002
         762   7.9252986855218310E-002
         763   7.9252986855218310E-002
         764   7.9252986855218310E-002
         765   7.9252986855218310E-002
         766   7.9252986855218310E-002
         767   7.9252986855218310E-002
         768   7.9252986855218310E-002
         769   7.9252986855218310E-002
         770   7.9252986855218310E-002
         771   7.9252986855218310E-002
         772   7.9252986855218310E-002
         773   7.9252986855218310E-002
         774   7.9252986855218310E-002
         775   7.9252986855218310E-002
         776   7.9252986855218310E-002
         777   7.9252986855218310E-002
         778   7.9252986855218310E-002
         779   7.9252986855218310E-002
         780   7.9252986855218310E-002
         781   7.9252986855218310E-002
         782   7.9252986855218310E-002
         783   7.9252986855218310E-002
         784   7.9252986855218310E-002
         785   7.9252986855218310E-002
         786   7.9252986855218310E-002
         787   7.9252986855218310E-002
         788   7.9252986855218310E-002
         789   7.9252986855218310E-002
         790   7.9252986855218310E-002
         791   7.9252986855218310E-002
         792   7.9252986855218310E-002
         793   7.9252986855218310E-002
         794   7.9252986855218310E-002
         795   7.9252986855218310E-002
         796   7.9252986855218310E-002
         797   7.9252986855218310E-002
         798   7.9252986855218310E-002
         799   7.9252986855218310E-002
         800   7.9252986855218310E-002
         801   7.9252986855218310E-002
         802   7.9252986855218310E-002
         803   7.9252986855218310E-002
         804   7.9252986855218310E-002
         805   7.9252986855218310E-002
         806   7.9252986855218310E-002
         807   7.9252986855218310E-002
         808   7.9252986855218310E-002
         809   7.9252986855218310E-002
         810   7.9252986855218310E-002
         811   7.9252986855218310E-002
         812   7.9252986855218310E-002
         813   7.9252986855218310E-002
         814   7.9252986855218310E-002
         815   7.9252986855218310E-002
         816   7.9252986855218310E-002
         817   7.9252986855218310E-002
         818   7.9252986855218310E-002
         819   7.9252986855218310E-002
         820   7.9252986855218310E-002
         821   7.9252986855218310E-002
         822   7.9252986855218310E-002
         823   7.9252986855218310E-002
         824   7.9252986855218310E-002
         825   7.9252986855218310E-002
         826   7.9252986855218310E-002
         827   7.9252986855218310E-002
         828   7.9252986855218310E-002
         829   7.9252986855218310E-002
         830   7.9252986855218310E-002
         831   7.9252986855218310E-002
         832   7.9252986855218310E-002
         833   7.9252986855218310E-002
         834   7.9252986855218310E-002
         835   7.9252986855218310E-002
         836   7.9252986855218310E-002
         837   7.9252986855218310E-002
         838   7.9252986855218310E-002
         839   7.9252986855218310E-002
         840   7.9252986855218310E-002
         841   7.9252986855218310E-002
         842   7.9252986855218310E-002
         843   7.9252986855218310E-002
         844   7.9252986855218310E-002
         845   7.9252986855218310E-002
         846   7.9252986855218310E-002
         847   7.9252986855218310E-002
         848   7.9252986855218310E-002
         849   7.9252986855218310E-002
         850   7.9252986855218310E-002
         851   7.9252986855218310E-002
         852   7.9252986855218310E-002
         853   7.9252986855218310E-002
         854   7.9252986855218310E-002
         855   7.9252986855218310E-002
         856   7.9252986855218310E-002
         857   7.9252986855218310E-002
         858   7.9252986855218310E-002
         859   7.9252986855218310E-002
         860   7.9252986855218310E-002
         861   7.9252986855218310E-002
         862   7.9252986855218310E-002
         863   7.9252986855218310E-002
         864   7.9252986855218310E-002
         865   7.9252986855218310E-002
         866   7.9252986855218310E-002
         867   7.9252986855218310E-002
         868   7.9252986855218310E-002
         869   7.9252986855218310E-002
         870   7.9252986855218310E-002
         871   7.9252986855218310E-002
         872   7.9252986855218310E-002
         873   7.9252986855218310E-002
         874   7.9252986855218310E-002
         875   7.9252986855218310E-002
         876   7.9252986855218310E-002
         877   7.9252986855218310E-002
         878   7.9252986855218310E-002
         879   7.9252986855218310E-002
         880   7.9252986855218310E-002
         881   7.9252986855218310E-002
         882   7.9252986855218310E-002
         883   7.9252986855218310E-002
         884   7.9252986855218310E-002
         885   7.9252986855218310E-002
         886   7.9252986855218310E-002
         887   7.9252986855218310E-002
         888   7.9252986855218310E-002
         889   7.9252986855218310E-002
         890   7.9252986855218310E-002
         891   7.9252986855218310E-002
         892   7.9252986855218310E-002
         893   7.9252986855218310E-002
         894   7.9252986855218310E-002
         895   7.9252986855218310E-002
         896   7.9252986855218310E-002
         897   7.9252986855218310E-002
         898   7.9252986855218310E-002
         899   7.9252986855218310E-002
         900   7.9252986855218310E-002
         901   7.9252986855218310E-002
         902   7.9252986855218310E-002
         903   7.9252986855218310E-002
         904   7.9252986855218310E-002
         905   7.9252986855218310E-002
         906   7.9252986855218310E-002
         907   7.9252986855218310E-002
         908   7.9252986855218310E-002
         909   7.9252986855218310E-002
         910   7.9252986855218310E-002
         911   7.9252986855218310E-002
         912   7.9252986855218310E-002
         913   7.9252986855218310E-002
         914   7.9252986855218310E-002
         915   7.9252986855218310E-002
         916   7.9252986855218310E-002
         917   7.9252986855218310E-002
         918   7.9252986855218310E-002
         919   7.9252986855218310E-002
         920   7.9252986855218310E-002
         921   7.9252986855218310E-002
         922   7.9252986855218310E-002
         923   7.9252986855218310E-002
         924   7.9252986855218310E-002
         925   7.9252986855218310E-002
         926   7.9252986855218310E-002
         927   7.9252986855218310E-002
         928   7.9252986855218310E-002
         929   7.9252986855218310E-002
         930   7.9252986855218310E-002
         931   7.9252986855218310E-002
         932   7.9252986855218310E-002
         933   7.9252986855218310E-002
         934   7.9252986855218310E-002
         935   7.9252986855218310E-002
         936   7.9252986855218310E-002
         937   7.9252986855218310E-002
         938   7.9252986855218310E-002
         939   7.9252986855218310E-002
         940   7.9252986855218310E-002
         941   7.9252986855218310E-002
         942   7.9252986855218310E-002
         943   7.9252986855218310E-002
         944   7.9252986855218310E-002
         945   7.9252986855218310E-002
         946   7.9252986855218310E-002
         947   7.9252986855218310E-002
         948   7.9252986855218310E-002
         949   7.9252986855218310E-002
         950   7.9252986855218310E-002
         951   7.9252986855218310E-002
         952   7.9252986855218310E-002
         953   7.9252986855218310E-002
         954   7.9252986855218310E-002
         955   7.9252986855218310E-002
         956   7.9252986855218310E-002
         957   7.9252986855218310E-002
         958   7.9252986855218310E-002
         959   7.9252986855218310E-002
         960   7.9252986855218310E-002
         961   7.9252986855218310E-002
         962   7.9252986855218310E-002
         963   7.9252986855218310E-002
         964   7.9252986855218310E-002
         965   7.9252986855218310E-002
         966   7.9252986855218310E-002
         967   7.9252986855218310E-002
         968   7.9252986855218310E-002
         969   7.9252986855218310E-002
         970   7.9252986855218310E-002
         971   7.9252986855218310E-002
         972   7.9252986855218310E-002
         973   7.9252986855218310E-002
         974   7.9252986855218310E-002
         975   7.9252986855218310E-002
         976   7.9252986855218310E-002
         977   7.9252986855218310E-002
         978   7.9252986855218310E-002
         979   7.9252986855218310E-002
         980   7.9252986855218310E-002
         981   7.9252986855218310E-002
         982   7.9252986855218310E-002
         983   7.9252986855218310E-002
         984   7.9252986855218310E-002
         985   7.9252986855218310E-002
         986   7.9252986855218310E-002
         987   7.9252986855218310E-002
         988   7.9252986855218310E-002
         989   7.9252986855218310E-002
         990   7.9252986855218310E-002
         991   7.9252986855218310E-002
         992   7.9252986855218310E-002
         993   7.9252986855218310E-002
         994   7.9252986855218310E-002
         995   7.9252986855218310E-002
         996   7.9252986855218310E-002
         997   7.9252986855218310E-002
         998   7.9252986855218310E-002
         999   7.9252986855218310E-002
        1000   7.9252986855218310E-002
        1001   7.9252986855218310E-002
        1002   7.9252986855218310E-002
        1003   7.9252986855218310E-002
        1004   7.9252986855218310E-002
        1005   7.9252986855218310E-002
        1006   7.9252986855218310E-002
        1007   7.9252986855218310E-002
        1008   7.9252986855218310E-002
        1009   7.9252986855218310E-002
        1010   7.9252986855218310E-002
        1011   7.9252986855218310E-002
        1012   7.9252986855218310E-002
        1013   7.9252986855218310E-002
        1014   7.9252986855218310E-002
        1015   7.9252986855218310E-002
        1016   7.9252986855218310E-002
        1017   7.9252986855218310E-002
        1018   7.9252986855218310E-002
        1019   7.9252986855218310E-002
        1020   7.9252986855218310E-002
        1021   7.9252986855218310E-002
        1022   7.9252986855218310E-002
        1023   7.9252986855218310E-002
        1024   7.9252986855218310E-002
        1025   7.9252986855218310E-002
        1026   7.9252986855218310E-002
        1027   7.9252986855218310E-002
        1028   7.9252986855218310E-002
        1029   7.9252986855218310E-002
        1030   7.9252986855218310E-002
        1031   7.9252986855218310E-002
        1032   7.9252986855218310E-002
        1033   7.9252986855218310E-002
        1034   7.9252986855218310E-002
        1035   7.9252986855218310E-002
        1036   7.9252986855218310E-002
        1037   7.9252986855218310E-002
        1038   7.9252986855218310E-002
        1039   7.9252986855218310E-002
        1040   7.9252986855218310E-002
        1041   7.9252986855218310E-002
        1042   7.9252986855218310E-002
        1043   7.9252986855218310E-002
        1044   7.9252986855218310E-002
        1045   7.9252986855218310E-002
        1046   7.9252986855218310E-002
        1047   7.9252986855218310E-002
        1048   7.9252986855218310E-002
        1049   7.9252986855218310E-002
        1050   7.9252986855218310E-002
        1051   7.9252986855218310E-002
        1052   7.9252986855218310E-002
        1053   7.9252986855218310E-002
        1054   7.9252986855218310E-002
        1055   7.9252986855218310E-002
        1056   7.9252986855218310E-002
        1057   7.9252986855218310E-002
        1058   7.9252986855218310E-002
        1059   7.9252986855218310E-002
        1060   7.9252986855218310E-002
        1061   7.9252986855218310E-002
        1062   7.9252986855218310E-002
        1063   7.9252986855218310E-002
        1064   7.9252986855218310E-002
        1065   7.9252986855218310E-002
        1066   7.9252986855218310E-002
        1067   7.9252986855218310E-002
        1068   7.9252986855218310E-002
        1069   7.9252986855218310E-002
        1070   7.9252986855218310E-002
        1071   7.9252986855218310E-002
        1072   7.9252986855218310E-002
        1073   7.9252986855218310E-002
        1074   7.9252986855218310E-002
        1075   7.9252986855218310E-002
        1076   7.9252986855218310E-002
        1077   7.9252986855218310E-002
        1078   7.9252986855218310E-002
        1079   7.9252986855218310E-002
        1080   7.9252986855218310E-002
        1081   7.9252986855218310E-002
        1082   7.9252986855218310E-002
        1083   7.9252986855218310E-002
        1084   7.9252986855218310E-002
        1085   7.9252986855218310E-002
        1086   7.9252986855218310E-002
        1087   7.9252986855218310E-002
        1088   7.9252986855218310E-002
        1089   7.9252986855218310E-002
        1090   7.9252986855218310E-002
        1091   7.9252986855218310E-002
        1092   7.9252986855218310E-002
        1093   7.9252986855218310E-002
        1094   7.9252986855218310E-002
        1095   7.9252986855218310E-002
        1096   7.9252986855218310E-002
        1097   7.9252986855218310E-002
        1098   7.9252986855218310E-002
        1099   7.9252986855218310E-002
        1100   7.9252986855218310E-002
        1101   7.9252986855218310E-002
        1102   7.9252986855218310E-002
        1103   7.9252986855218310E-002
        1104   7.9252986855218310E-002
        1105   7.9252986855218310E-002
        1106   7.9252986855218310E-002
        1107   7.9252986855218310E-002
        1108   7.9252986855218310E-002
        1109   7.9252986855218310E-002
        1110   7.9252986855218310E-002
        1111   7.9252986855218310E-002
        1112   7.9252986855218310E-002
        1113   7.9252986855218310E-002
        1114   7.9252986855218310E-002
        1115   7.9252986855218310E-002
        1116   7.9252986855218310E-002
        1117   7.9252986855218310E-002
        1118   7.9252986855218310E-002
        1119   7.9252986855218310E-002
        1120   7.9252986855218310E-002
        1121   7.9252986855218310E-002
        1122   7.9252986855218310E-002
        1123   7.9252986855218310E-002
        1124   7.9252986855218310E-002
        1125   7.9252986855218310E-002
        1126   7.9252986855218310E-002
        1127   7.9252986855218310E-002
        1128   7.9252986855218310E-002
        1129   7.9252986855218310E-002
        1130   7.9252986855218310E-002
        1131   7.9252986855218310E-002
        1132   7.9252986855218310E-002
        1133   7.9252986855218310E-002
        1134   7.9252986855218310E-002
        1135   7.9252986855218310E-002
        1136   7.9252986855218310E-002
        1137   7.9252986855218310E-002
        1138   7.9252986855218310E-002
        1139   7.9252986855218310E-002
        1140   7.9252986855218310E-002
        1141   7.9252986855218310E-002
        1142   7.9252986855218310E-002
        1143   7.9252986855218310E-002
        1144   7.9252986855218310E-002
        1145   7.9252986855218310E-002
        1146   7.9252986855218310E-002
        1147   7.9252986855218310E-002
        1148   7.9252986855218310E-002
        1149   7.9252986855218310E-002
        1150   7.9252986855218310E-002
        1151   7.9252986855218310E-002
        1152   7.9252986855218310E-002
        1153   7.9252986855218310E-002
        1154   7.9252986855218310E-002
        1155   7.9252986855218310E-002
        1156   7.9252986855218310E-002
        1157   7.9252986855218310E-002
        1158   7.9252986855218310E-002
        1159   7.9252986855218310E-002
        1160   7.9252986855218310E-002
        1161   7.9252986855218310E-002
        1162   7.9252986855218310E-002
        1163   7.9252986855218310E-002
        1164   7.9252986855218310E-002
        1165   7.9252986855218310E-002
        1166   7.9252986855218310E-002
        1167   7.9252986855218310E-002
        1168   7.9252986855218310E-002
        1169   7.9252986855218310E-002
        1170   7.9252986855218310E-002
        1171   7.9252986855218310E-002
        1172   7.9252986855218310E-002
        1173   7.9252986855218310E-002
        1174   7.9252986855218310E-002
        1175   7.9252986855218310E-002
        1176   7.9252986855218310E-002
        1177   7.9252986855218310E-002
        1178   7.9252986855218310E-002
        1179   7.9252986855218310E-002
        1180   7.9252986855218310E-002
        1181   7.9252986855218310E-002
        1182   7.9252986855218310E-002
        1183   7.9252986855218310E-002
        1184   7.9252986855218310E-002
        1185   7.9252986855218310E-002
        1186   7.9252986855218310E-002
        1187   7.9252986855218310E-002
        1188   7.9252986855218310E-002
        1189   7.9252986855218310E-002
        1190   7.9252986855218310E-002
        1191   7.9252986855218310E-002
        1192   7.9252986855218310E-002
        1193   7.9252986855218310E-002
        1194   7.9252986855218310E-002
        1195   7.9252986855218310E-002
        1196   7.9252986855218310E-002
        1197   7.9252986855218310E-002
        1198   7.9252986855218310E-002
        1199   7.9252986855218310E-002
        1200   7.9252986855218310E-002
        1201   7.9252986855218310E-002
        1202   7.9252986855218310E-002
        1203   7.9252986855218310E-002
        1204   7.9252986855218310E-002
        1205   7.9252986855218310E-002
        1206   7.9252986855218310E-002
        1207   7.9252986855218310E-002
        1208   7.9252986855218310E-002
        1209   7.9252986855218310E-002
        1210   7.9252986855218310E-002
        1211   7.9252986855218310E-002
        1212   7.9252986855218310E-002
        1213   7.9252986855218310E-002
        1214   7.9252986855218310E-002
        1215   7.9252986855218310E-002
        1216   7.9252986855218310E-002
        1217   7.9252986855218310E-002
        1218   7.9252986855218310E-002
        1219   7.9252986855218310E-002
        1220   7.9252986855218310E-002
        1221   7.9252986855218310E-002
        1222   7.9252986855218310E-002
        1223   7.9252986855218310E-002
        1224   7.9252986855218310E-002
        1225   7.9252986855218310E-002
        1226   7.9252986855218310E-002
        1227   7.9252986855218310E-002
        1228   7.9252986855218310E-002
        1229   7.9252986855218310E-002
        1230   7.9252986855218310E-002
        1231   7.9252986855218310E-002
        1232   7.9252986855218310E-002
        1233   7.9252986855218310E-002
        1234   7.9252986855218310E-002
        1235   7.9252986855218310E-002
        1236   7.9252986855218310E-002
        1237   7.9252986855218310E-002
        1238   7.9252986855218310E-002
        1239   7.9252986855218310E-002
        1240   7.9252986855218310E-002
        1241   7.9252986855218310E-002
        1242   7.9252986855218310E-002
        1243   7.9252986855218310E-002
        1244   7.9252986855218310E-002
        1245   7.9252986855218310E-002
        1246   7.9252986855218310E-002
        1247   7.9252986855218310E-002
        1248   7.9252986855218310E-002
        1249   7.9252986855218310E-002
        1250   7.9252986855218310E-002
        1251   7.9252986855218310E-002
        1252   7.9252986855218310E-002
        1253   7.9252986855218310E-002
        1254   7.9252986855218310E-002
        1255   7.9252986855218310E-002
        1256   7.9252986855218310E-002
        1257   7.9252986855218310E-002
        1258   7.9252986855218310E-002
        1259   7.9252986855218310E-002
        1260   7.9252986855218310E-002
        1261   7.9252986855218310E-002
        1262   7.9252986855218310E-002
        1263   7.9252986855218310E-002
        1264   7.9252986855218310E-002
        1265   7.9252986855218310E-002
        1266   7.9252986855218310E-002
        1267   7.9252986855218310E-002
        1268   7.9252986855218310E-002
        1269   7.9252986855218310E-002
        1270   7.9252986855218310E-002
        1271   7.9252986855218310E-002
        1272   7.9252986855218310E-002
        1273   7.9252986855218310E-002
        1274   7.9252986855218310E-002
        1275   7.9252986855218310E-002
        1276   7.9252986855218310E-002
        1277   7.9252986855218310E-002
        1278   7.9252986855218310E-002
        1279   7.9252986855218310E-002
        1280   7.9252986855218310E-002
        1281   7.9252986855218310E-002
        1282   7.9252986855218310E-002
        1283   7.9252986855218310E-002
        1284   7.9252986855218310E-002
        1285   7.9252986855218310E-002
        1286   7.9252986855218310E-002
        1287   7.9252986855218310E-002
        1288   7.9252986855218310E-002
        1289   7.9252986855218310E-002
        1290   7.9252986855218310E-002
        1291   7.9252986855218310E-002
        1292   7.9252986855218310E-002
        1293   7.9252986855218310E-002
        1294   7.9252986855218310E-002
        1295   7.9252986855218310E-002
        1296   7.9252986855218310E-002
        1297   7.9252986855218310E-002
        1298   7.9252986855218310E-002
        1299   7.9252986855218310E-002
        1300   7.9252986855218310E-002
        1301   7.9252986855218310E-002
        1302   7.9252986855218310E-002
        1303   7.9252986855218310E-002
        1304   7.9252986855218310E-002
        1305   7.9252986855218310E-002
        1306   7.9252986855218310E-002
        1307   7.9252986855218310E-002
        1308   7.9252986855218310E-002
        1309   7.9252986855218310E-002
        1310   7.9252986855218310E-002
        1311   7.9252986855218310E-002
        1312   7.9252986855218310E-002
        1313   7.9252986855218310E-002
        1314   7.9252986855218310E-002
        1315   7.9252986855218310E-002
        1316   7.9252986855218310E-002
        1317   7.9252986855218310E-002
        1318   7.9252986855218310E-002
        1319   7.9252986855218310E-002
        1320   7.9252986855218310E-002
        1321   7.9252986855218310E-002
        1322   7.9252986855218310E-002
        1323   7.9252986855218310E-002
        1324   7.9252986855218310E-002
        1325   7.9252986855218310E-002
        1326   7.9252986855218310E-002
        1327   7.9252986855218310E-002
        1328   7.9252986855218310E-002
        1329   7.9252986855218310E-002
        1330   7.9252986855218310E-002
        1331   7.9252986855218310E-002
        1332   7.9252986855218310E-002
        1333   7.9252986855218310E-002
        1334   7.9252986855218310E-002
        1335   7.9252986855218310E-002
        1336   7.9252986855218310E-002
        1337   7.9252986855218310E-002
        1338   7.9252986855218310E-002
        1339   7.9252986855218310E-002
        1340   7.9252986855218310E-002
        1341   7.9252986855218310E-002
        1342   7.9252986855218310E-002
        1343   7.9252986855218310E-002
        1344   7.9252986855218310E-002
        1345   7.9252986855218310E-002
        1346   7.9252986855218310E-002
        1347   7.9252986855218310E-002
        1348   7.9252986855218310E-002
        1349   7.9252986855218310E-002
        1350   7.9252986855218310E-002
        1351   7.9252986855218310E-002
        1352   7.9252986855218310E-002
        1353   7.9252986855218310E-002
        1354   7.9252986855218310E-002
        1355   7.9252986855218310E-002
        1356   7.9252986855218310E-002
        1357   7.9252986855218310E-002
        1358   7.9252986855218310E-002
        1359   7.9252986855218310E-002
        1360   7.9252986855218310E-002
        1361   7.9252986855218310E-002
        1362   7.9252986855218310E-002
        1363   7.9252986855218310E-002
        1364   7.9252986855218310E-002
        1365   7.9252986855218310E-002
        1366   7.9252986855218310E-002
        1367   7.9252986855218310E-002
        1368   7.9252986855218310E-002
        1369   7.9252986855218310E-002
        1370   7.9252986855218310E-002
        1371   7.9252986855218310E-002
        1372   7.9252986855218310E-002
        1373   7.9252986855218310E-002
        1374   7.9252986855218310E-002
        1375   7.9252986855218310E-002
        1376   7.9252986855218310E-002
        1377   7.9252986855218310E-002
        1378   7.9252986855218310E-002
        1379   7.9252986855218310E-002
        1380   7.9252986855218310E-002
        1381   7.9252986855218310E-002
        1382   7.9252986855218310E-002
        1383   7.9252986855218310E-002
        1384   7.9252986855218310E-002
        1385   7.9252986855218310E-002
        1386   7.9252986855218310E-002
        1387   7.9252986855218310E-002
        1388   7.9252986855218310E-002
        1389   7.9252986855218310E-002
        1390   7.9252986855218310E-002
        1391   7.9252986855218310E-002
        1392   7.9252986855218310E-002
        1393   7.9252986855218310E-002
        1394   7.9252986855218310E-002
        1395   7.9252986855218310E-002
        1396   7.9252986855218310E-002
        1397   7.9252986855218310E-002
        1398   7.9252986855218310E-002
        1399   7.9252986855218310E-002
        1400   7.9252986855218310E-002
        1401   7.9252986855218310E-002
        1402   7.9252986855218310E-002
        1403   7.9252986855218310E-002
        1404   7.9252986855218310E-002
        1405   7.9252986855218310E-002
        1406   7.9252986855218310E-002
        1407   7.9252986855218310E-002
        1408   7.9252986855218310E-002
        1409   7.9252986855218310E-002
        1410   7.9252986855218310E-002
        1411   7.9252986855218310E-002
        1412   7.9252986855218310E-002
        1413   7.9252986855218310E-002
        1414   7.9252986855218310E-002
        1415   7.9252986855218310E-002
        1416   7.9252986855218310E-002
        1417   7.9252986855218310E-002
        1418   7.9252986855218310E-002
        1419   7.9252986855218310E-002
        1420   7.9252986855218310E-002
        1421   7.9252986855218310E-002
        1422   7.9252986855218310E-002
        1423   7.9252986855218310E-002
        1424   7.9252986855218310E-002
        1425   7.9252986855218310E-002
        1426   7.9252986855218310E-002
        1427   7.9252986855218310E-002
        1428   7.9252986855218310E-002
        1429   7.9252986855218310E-002
        1430   7.9252986855218310E-002
        1431   7.9252986855218310E-002
        1432   7.9252986855218310E-002
        1433   7.9252986855218310E-002
        1434   7.9252986855218310E-002
        1435   7.9252986855218310E-002
        1436   7.9252986855218310E-002
        1437   7.9252986855218310E-002
        1438   7.9252986855218310E-002
        1439   7.9252986855218310E-002
        1440   7.9252986855218310E-002
        1441   7.9252986855218310E-002
        1442   7.9252986855218310E-002
        1443   7.9252986855218310E-002
        1444   7.9252986855218310E-002
        1445   7.9252986855218310E-002
        1446   7.9252986855218310E-002
        1447   7.9252986855218310E-002
        1448   7.9252986855218310E-002
        1449   7.9252986855218310E-002
        1450   7.9252986855218310E-002
        1451   7.9252986855218310E-002
        1452   7.9252986855218310E-002
        1453   7.9252986855218310E-002
        1454   7.9252986855218310E-002
        1455   7.9252986855218310E-002
        1456   7.9252986855218310E-002
        1457   7.9252986855218310E-002
        1458   7.9252986855218310E-002
        1459   7.9252986855218310E-002
        1460   7.9252986855218310E-002
        1461   7.9252986855218310E-002
        1462   7.9252986855218310E-002
        1463   7.9252986855218310E-002
        1464   7.9252986855218310E-002
        1465   7.9252986855218310E-002
        1466   7.9252986855218310E-002
        1467   7.9252986855218310E-002
        1468   7.9252986855218310E-002
        1469   7.9252986855218310E-002
        1470   7.9252986855218310E-002
        1471   7.9252986855218310E-002
        1472   7.9252986855218310E-002
        1473   7.9252986855218310E-002
        1474   7.9252986855218310E-002
        1475   7.9252986855218310E-002
        1476   7.9252986855218310E-002
        1477   7.9252986855218310E-002
        1478   7.9252986855218310E-002
        1479   7.9252986855218310E-002
        1480   7.9252986855218310E-002
        1481   7.9252986855218310E-002
        1482   7.9252986855218310E-002
        1483   7.9252986855218310E-002
        1484   7.9252986855218310E-002
        1485   7.9252986855218310E-002
        1486   7.9252986855218310E-002
        1487   7.9252986855218310E-002
        1488   7.9252986855218310E-002
        1489   7.9252986855218310E-002
        1490   7.9252986855218310E-002
        1491   7.9252986855218310E-002
        1492   7.9252986855218310E-002
        1493   7.9252986855218310E-002
        1494   7.9252986855218310E-002
        1495   7.9252986855218310E-002
        1496   7.9252986855218310E-002
        1497   7.9252986855218310E-002
        1498   7.9252986855218310E-002
        1499   7.9252986855218310E-002
        1500   7.9252986855218310E-002
        1501   7.9252986855218310E-002
        1502   7.9252986855218310E-002
        1503   7.9252986855218310E-002
        1504   7.9252986855218310E-002
        1505   7.9252986855218310E-002
        1506   7.9252986855218310E-002
        1507   7.9252986855218310E-002
        1508   7.9252986855218310E-002
        1509   7.9252986855218310E-002
        1510   7.9252986855218310E-002
        1511   7.9252986855218310E-002
        1512   7.9252986855218310E-002
        1513   7.9252986855218310E-002
        1514   7.9252986855218310E-002
        1515   7.9252986855218310E-002
        1516   7.9252986855218310E-002
        1517   7.9252986855218310E-002
        1518   7.9252986855218310E-002
        1519   7.9252986855218310E-002
        1520   7.9252986855218310E-002
        1521   7.9252986855218310E-002
        1522   7.9252986855218310E-002
        1523   7.9252986855218310E-002
        1524   7.9252986855218310E-002
        1525   7.9252986855218310E-002
        1526   7.9252986855218310E-002
        1527   7.9252986855218310E-002
        1528   7.9252986855218310E-002
        1529   7.9252986855218310E-002
        1530   7.9252986855218310E-002
        1531   7.9252986855218310E-002
        1532   7.9252986855218310E-002
        1533   7.9252986855218310E-002
        1534   7.9252986855218310E-002
        1535   7.9252986855218310E-002
        1536   7.9252986855218310E-002
        1537   7.9252986855218310E-002
        1538   7.9252986855218310E-002
        1539   7.9252986855218310E-002
        1540   7.9252986855218310E-002
        1541   7.9252986855218310E-002
        1542   7.9252986855218310E-002
        1543   7.9252986855218310E-002
        1544   7.9252986855218310E-002
        1545   7.9252986855218310E-002
        1546   7.9252986855218310E-002
        1547   7.9252986855218310E-002
        1548   7.9252986855218310E-002
        1549   7.9252986855218310E-002
        1550   7.9252986855218310E-002
        1551   7.9252986855218310E-002
        1552   7.9252986855218310E-002
        1553   7.9252986855218310E-002
        1554   7.9252986855218310E-002
        1555   7.9252986855218310E-002
        1556   7.9252986855218310E-002
        1557   7.9252986855218310E-002
        1558   7.9252986855218310E-002
        1559   7.9252986855218310E-002
        1560   7.9252986855218310E-002
        1561   7.9252986855218310E-002
        1562   7.9252986855218310E-002
        1563   7.9252986855218310E-002
        1564   7.9252986855218310E-002
        1565   7.9252986855218310E-002
        1566   7.9252986855218310E-002
        1567   7.9252986855218310E-002
        1568   7.9252986855218310E-002
        1569   7.9252986855218310E-002
        1570   7.9252986855218310E-002
        1571   7.9252986855218310E-002
        1572   7.9252986855218310E-002
        1573   7.9252986855218310E-002
        1574   7.9252986855218310E-002
        1575   7.9252986855218310E-002
        1576   7.9252986855218310E-002
        1577   7.9252986855218310E-002
        1578   7.9252986855218310E-002
        1579   7.9252986855218310E-002
        1580   7.9252986855218310E-002
        1581   7.9252986855218310E-002
        1582   7.9252986855218310E-002
        1583   7.9252986855218310E-002
        1584   7.9252986855218310E-002
        1585   7.9252986855218310E-002
        1586   7.9252986855218310E-002
        1587   7.9252986855218310E-002
        1588   7.9252986855218310E-002
        1589   7.9252986855218310E-002
        1590   7.9252986855218310E-002
        1591   7.9252986855218310E-002
        1592   7.9252986855218310E-002
        1593   7.9252986855218310E-002
        1594   7.9252986855218310E-002
        1595   7.9252986855218310E-002
        1596   7.9252986855218310E-002
        1597   7.9252986855218310E-002
        1598   7.9252986855218310E-002
        1599   7.9252986855218310E-002
        1600   7.9252986855218310E-002
        1601   7.9252986855218310E-002
        1602   7.9252986855218310E-002
        1603   7.9252986855218310E-002
        1604   7.9252986855218310E-002
        1605   7.9252986855218310E-002
        1606   7.9252986855218310E-002
        1607   7.9252986855218310E-002
        1608   7.9252986855218310E-002
        1609   7.9252986855218310E-002
        1610   7.9252986855218310E-002
        1611   7.9252986855218310E-002
        1612   7.9252986855218310E-002
        1613   7.9252986855218310E-002
        1614   7.9252986855218310E-002
        1615   7.9252986855218310E-002
        1616   7.9252986855218310E-002
        1617   7.9252986855218310E-002
        1618   7.9252986855218310E-002
        1619   7.9252986855218310E-002
        1620   7.9252986855218310E-002
        1621   7.9252986855218310E-002
        1622   7.9252986855218310E-002
        1623   7.9252986855218310E-002
        1624   7.9252986855218310E-002
        1625   7.9252986855218310E-002
        1626   7.9252986855218310E-002
        1627   7.9252986855218310E-002
        1628   7.9252986855218310E-002
        1629   7.9252986855218310E-002
        1630   7.9252986855218310E-002
        1631   7.9252986855218310E-002
        1632   7.9252986855218310E-002
        1633   7.9252986855218310E-002
        1634   7.9252986855218310E-002
        1635   7.9252986855218310E-002
        1636   7.9252986855218310E-002
        1637   7.9252986855218310E-002
        1638   7.9252986855218310E-002
        1639   7.9252986855218310E-002
        1640   7.9252986855218310E-002
        1641   7.9252986855218310E-002
        1642   7.9252986855218310E-002
        1643   7.9252986855218310E-002
        1644   7.9252986855218310E-002
        1645   7.9252986855218310E-002
        1646   7.9252986855218310E-002
        1647   7.9252986855218310E-002
        1648   7.9252986855218310E-002
        1649   7.9252986855218310E-002
        1650   7.9252986855218310E-002
        1651   7.9252986855218310E-002
        1652   7.9252986855218310E-002
        1653   7.9252986855218310E-002
        1654   7.9252986855218310E-002
        1655   7.9252986855218310E-002
        1656   7.9252986855218310E-002
        1657   7.9252986855218310E-002
        1658   7.9252986855218310E-002
        1659   7.9252986855218310E-002
        1660   7.9252986855218310E-002
        1661   7.9252986855218310E-002
        1662   7.9252986855218310E-002
        1663   7.9252986855218310E-002
        1664   7.9252986855218310E-002
        1665   7.9252986855218310E-002
        1666   7.9252986855218310E-002
        1667   7.9252986855218310E-002
        1668   7.9252986855218310E-002
        1669   7.9252986855218310E-002
        1670   7.9252986855218310E-002
        1671   7.9252986855218310E-002
        1672   7.9252986855218310E-002
        1673   7.9252986855218310E-002
        1674   7.9252986855218310E-002
        1675   7.9252986855218310E-002
        1676   7.9252986855218310E-002
        1677   7.9252986855218310E-002
        1678   7.9252986855218310E-002
        1679   7.9252986855218310E-002
        1680   7.9252986855218310E-002
        1681   7.9252986855218310E-002
        1682   7.9252986855218310E-002
        1683   7.9252986855218310E-002
        1684   7.9252986855218310E-002
        1685   7.9252986855218310E-002
        1686   7.9252986855218310E-002
        1687   7.9252986855218310E-002
        1688   7.9252986855218310E-002
        1689   7.9252986855218310E-002
        1690   7.9252986855218310E-002
        1691   7.9252986855218310E-002
        1692   7.9252986855218310E-002
        1693   7.9252986855218310E-002
        1694   7.9252986855218310E-002
        1695   7.9252986855218310E-002
        1696   7.9252986855218310E-002
        1697   7.9252986855218310E-002
        1698   7.9252986855218310E-002
        1699   7.9252986855218310E-002
        1700   7.9252986855218310E-002
        1701   7.9252986855218310E-002
        1702   7.9252986855218310E-002
        1703   7.9252986855218310E-002
        1704   7.9252986855218310E-002
        1705   7.9252986855218310E-002
        1706   7.9252986855218310E-002
        1707   7.9252986855218310E-002
        1708   7.9252986855218310E-002
        1709   7.9252986855218310E-002
        1710   7.9252986855218310E-002
        1711   7.9252986855218310E-002
        1712   7.9252986855218310E-002
        1713   7.9252986855218310E-002
        1714   7.9252986855218310E-002
        1715   7.9252986855218310E-002
        1716   7.9252986855218310E-002
        1717   7.9252986855218310E-002
        1718   7.9252986855218310E-002
        1719   0.0000000000000000     
