           1   16.583092884342129     
           2   16.523672613204198     
           3   9.7831659152786248     
           4   9.7831659152786248     
           5   9.7831659152786248     
           6   9.7744195698600240     
           7   6.4304826181927712     
           8   6.4304826181927712     
           9   5.6673320502100415     
          10   1.0792529868552183     
          11   1.0792529868552183     
          12   1.0792529868552183     
          13   1.0792529868552183     
          14   1.0792529868552183     
          15   1.0792529868552183     
          16   1.0790857025725025     
          17   1.0790857025725025     
          18   1.0790857025725025     
          19   1.0790857025725025     
          20   1.0790857025725025     
          21   1.0790857025725025     
          22   1.0790857025725025     
          23   1.0790857025725025     
          24   1.0790857025725025     
          25  0.99983271571728416     
          26  0.99983271571728416     
          27  0.99983271571728416     
          28  0.99983271571728416     
          29  0.99983271571728416     
          30  0.99983271571728416     
          31  0.99983271571728416     
          32  0.99983271571728416     
          33  0.99983271571728416     
          34  0.99983271571728416     
          35  0.99983271571728416     
          36  0.99983271571728416     
          37  0.99983271571728416     
          38  0.99983271571728416     
          39  0.99983271571728416     
          40  0.99983271571728416     
          41  0.99983271571728416     
          42  0.99983271571728416     
          43  0.99983271571728416     
          44  0.99983271571728416     
          45  0.99983271571728416     
          46  0.99983271571728416     
          47  0.99983271571728416     
          48  0.99983271571728416     
          49  0.99983271571728416     
          50  0.99983271571728416     
          51  0.99983271571728416     
          52  0.99983271571728416     
          53  0.99983271571728416     
          54  0.99983271571728416     
          55  0.99983271571728416     
          56  0.99983271571728416     
          57  0.99983271571728416     
          58  0.99983271571728416     
          59  0.99983271571728416     
          60  0.99983271571728416     
          61  0.99983271571728416     
          62  0.99983271571728416     
          63  0.99983271571728416     
          64  0.99983271571728416     
          65  0.99983271571728416     
          66  0.99983271571728416     
          67  0.99983271571728416     
          68  0.99983271571728416     
          69  0.99983271571728416     
          70  0.99983271571728416     
          71  0.99983271571728416     
          72  0.99983271571728416     
          73  0.99983271571728416     
          74  0.99983271571728416     
          75  0.99983271571728416     
          76  0.99983271571728416     
          77  0.99983271571728416     
          78  0.99983271571728416     
          79  0.99983271571728416     
          80  0.99983271571728416     
          81  0.99983271571728416     
          82  0.99983271571728416     
          83  0.99983271571728416     
          84  0.99983271571728416     
          85  0.99983271571728416     
          86  0.99983271571728416     
          87  0.99983271571728416     
          88  0.99983271571728416     
          89  0.99983271571728416     
          90  0.99983271571728416     
          91  0.99983271571728416     
          92  0.99983271571728416     
          93  0.99983271571728416     
          94  0.99983271571728416     
          95  0.99983271571728416     
          96  0.99983271571728416     
          97  0.99983271571728416     
          98  0.99983271571728416     
          99  0.99983271571728416     
         100  0.99983271571728416     
         101  0.99983271571728416     
         102  0.99983271571728416     
         103  0.99983271571728416     
         104  0.99983271571728416     
         105  0.99983271571728416     
         106  0.99983271571728416     
         107  0.99983271571728416     
         108  0.99983271571728416     
         109  0.99983271571728416     
         110  0.99983271571728416     
         111  0.99983271571728416     
         112  0.99983271571728416     
         113  0.99983271571728416     
         114  0.99983271571728416     
         115  0.99983271571728416     
         116  0.99983271571728416     
         117  0.99983271571728416     
         118  0.99983271571728416     
         119  0.99983271571728416     
         120  0.99983271571728416     
         121  0.99983271571728416     
         122  0.99983271571728416     
         123  0.99983271571728416     
         124  0.99983271571728416     
         125  0.99983271571728416     
         126  0.99983271571728416     
         127  0.99983271571728416     
         128  0.99983271571728416     
         129  0.99983271571728416     
         130  0.99983271571728416     
         131  0.99983271571728416     
         132  0.99983271571728416     
         133  0.99983271571728416     
         134  0.99983271571728416     
         135  0.99983271571728416     
         136  0.99983271571728416     
         137  0.99983271571728416     
         138  0.99983271571728416     
         139  0.99983271571728416     
         140  0.99983271571728416     
         141  0.99983271571728416     
         142  0.99983271571728416     
         143  0.99983271571728416     
         144  0.99983271571728416     
         145  0.99983271571728416     
         146  0.99983271571728416     
         147  0.99983271571728416     
         148  0.99983271571728416     
         149  0.99983271571728416     
         150  0.99983271571728416     
         151  0.99983271571728416     
         152  0.99983271571728416     
         153  0.99983271571728416     
         154  0.99983271571728416     
         155  0.99983271571728416     
         156  0.99983271571728416     
         157  0.99983271571728416     
         158  0.99983271571728416     
         159  0.99983271571728416     
         160  0.99983271571728416     
         161  0.99983271571728416     
         162  0.99983271571728416     
         163  0.99983271571728416     
         164  0.99983271571728416     
         165  0.99983271571728416     
         166  0.99983271571728416     
         167  0.99983271571728416     
         168  0.99983271571728416     
         169  0.99983271571728416     
         170  0.99983271571728416     
         171  0.99983271571728416     
         172  0.99983271571728416     
         173  0.99983271571728416     
         174  0.99983271571728416     
         175  0.99983271571728416     
         176  0.99983271571728416     
         177  0.99983271571728416     
         178  0.99983271571728416     
         179  0.99983271571728416     
         180  0.99983271571728416     
         181  0.99983271571728416     
         182  0.99983271571728416     
         183  0.99983271571728416     
         184  0.99983271571728416     
         185  0.99983271571728416     
         186  0.99983271571728416     
         187  0.99983271571728416     
         188  0.99983271571728416     
         189  0.99983271571728416     
         190  0.99983271571728416     
         191  0.99983271571728416     
         192  0.99983271571728416     
         193  0.99983271571728416     
         194  0.99983271571728416     
         195  0.99983271571728416     
         196  0.99983271571728416     
         197  0.99983271571728416     
         198  0.99983271571728416     
         199  0.99983271571728416     
         200  0.99983271571728416     
         201  0.99983271571728416     
         202  0.99983271571728416     
         203  0.99983271571728416     
         204  0.99983271571728416     
         205  0.99983271571728416     
         206  0.99983271571728416     
         207  0.99983271571728416     
         208  0.99983271571728416     
         209  0.99983271571728416     
         210  0.99983271571728416     
         211  0.99983271571728416     
         212  0.99983271571728416     
         213  0.99983271571728416     
         214  0.99983271571728416     
         215  0.99983271571728416     
         216  0.99983271571728416     
         217  0.99983271571728416     
         218  0.99983271571728416     
         219  0.99983271571728416     
         220  0.99983271571728416     
         221  0.99983271571728416     
         222  0.99983271571728416     
         223  0.99983271571728416     
         224  0.99983271571728416     
         225  0.99983271571728416     
         226  0.99983271571728416     
         227  0.99983271571728416     
         228  0.99983271571728416     
         229  0.99983271571728416     
         230  0.99983271571728416     
         231  0.99983271571728416     
         232  0.99983271571728416     
         233  0.99983271571728416     
         234  0.99983271571728416     
         235  0.99983271571728416     
         236  0.99983271571728416     
         237  0.99983271571728416     
         238  0.99983271571728416     
         239  0.99983271571728416     
         240  0.99983271571728416     
         241  0.99983271571728416     
         242  0.99983271571728416     
         243  0.99983271571728416     
         244  0.99983271571728416     
         245  0.99983271571728416     
         246  0.99983271571728416     
         247  0.99983271571728416     
         248  0.99983271571728416     
         249  0.99983271571728416     
         250  0.33560110443097280     
         251  0.33560110443097280     
         252  0.33560110443097280     
         253  0.33560110443097280     
         254  0.33560110443097280     
         255  0.33560110443097280     
         256  0.33560110443097280     
         257  0.33560110443097280     
         258  0.33560110443097280     
         259  0.33560110443097280     
         260  0.33560110443097280     
         261  0.33560110443097280     
         262  0.33560110443097280     
         263   1.9832715717283733E-002
         264   1.9832715717283733E-002
         265   1.9832715717283733E-002
         266   1.9832715717283733E-002
         267   1.9832715717283733E-002
         268   1.9832715717283733E-002
         269   1.9832715717283733E-002
         270   1.9832715717283733E-002
         271   1.9832715717283733E-002
         272   1.9832715717283733E-002
         273   1.9832715717283733E-002
         274   1.9832715717283733E-002
         275   0.0000000000000000     
