           1   16.603333199561369     
           2   11.636142666498994     
           3   10.661603529831167     
           4   10.661603529831167     
           5   4.4314289407131033     
           6   4.4314289407131033     
           7   4.4314289407131033     
           8   4.3056651973679916     
           9   2.8291683406788461     
          10   1.5858351411174798     
          11   1.5858351411174798     
          12   1.1180274927131144     
          13   1.1180274927131144     
          14   1.1180274927131144     
          15   1.1180274927131144     
          16   1.1180274927131144     
          17   1.1180274927131144     
          18   1.1180274927131144     
          19   1.1180274927131144     
          20   1.1180274927131144     
          21   1.1180274927131144     
          22   1.1180274927131144     
          23   1.1180274927131144     
          24   1.1180274927131144     
          25   1.1180274927131144     
          26   1.1180274927131144     
          27   1.1180274927131144     
          28   1.1180274927131144     
          29   1.1180274927131144     
          30   1.1180274927131144     
          31   1.1180274927131144     
          32   1.1180274927131144     
          33   1.1180274927131144     
          34   1.1180274927131144     
          35   1.1180274927131144     
          36   1.1180274927131144     
          37   1.1180274927131144     
          38   1.1180274927131144     
          39   1.1180274927131144     
          40   1.1180274927131144     
          41   1.1180274927131144     
          42   1.1180274927131144     
          43   1.1180274927131144     
          44   1.1180274927131144     
          45   1.1180274927131144     
          46   1.1180274927131144     
          47   1.1180274927131144     
          48   1.1180274927131144     
          49   1.1180274927131144     
          50   1.1180274927131144     
          51   1.1180274927131144     
          52   1.1180274927131144     
          53   1.1180274927131144     
          54   1.1180274927131144     
          55   1.1180274927131144     
          56   1.1180274927131144     
          57   1.1180274927131144     
          58   1.1180274927131144     
          59   1.1180274927131144     
          60   1.1180274927131144     
          61   1.1180274927131144     
          62   1.1180274927131144     
          63   1.1180274927131144     
          64   1.1180274927131144     
          65   1.1180274927131144     
          66   1.1180274927131144     
          67   1.1180274927131144     
          68   1.1180274927131144     
          69   1.1180274927131144     
          70   1.1180274927131144     
          71   1.1180274927131144     
          72   1.1180274927131144     
          73   1.1180274927131144     
          74   1.1180274927131144     
          75   1.1180274927131144     
          76   1.1180274927131144     
          77   1.1180274927131144     
          78   1.1180274927131144     
          79   1.1180274927131144     
          80   1.1180274927131144     
          81   1.1180274927131144     
          82   1.1180274927131144     
          83   1.1180274927131144     
          84   1.1180274927131144     
          85   1.1180274927131144     
          86   1.1180274927131144     
          87   1.1180274927131144     
          88   1.1180274927131144     
          89   1.1180274927131144     
          90   1.1180274927131144     
          91   1.1180274927131144     
          92   1.1180274927131144     
          93   1.1180274927131144     
          94   1.1180274927131144     
          95   1.1180274927131144     
          96   1.1180274927131144     
          97  0.17802749271311491     
          98  0.17802749271311491     
          99   1.9832715717283733E-002
         100   1.9832715717283733E-002
         101   1.9832715717283733E-002
         102   1.9832715717283733E-002
         103   1.9832715717283733E-002
         104   1.9832715717283733E-002
         105   1.9832715717283733E-002
         106   1.9832715717283733E-002
         107   1.9832715717283733E-002
         108   1.9832715717283733E-002
         109   1.9832715717283733E-002
         110   1.9832715717283733E-002
         111   1.9832715717283733E-002
         112   1.9832715717283733E-002
         113   1.9832715717283733E-002
         114   1.9832715717283733E-002
         115   1.9832715717283733E-002
         116   1.9832715717283733E-002
         117   1.9832715717283733E-002
         118   1.9832715717283733E-002
         119   1.9832715717283733E-002
         120   1.9832715717283733E-002
         121   1.9832715717283733E-002
         122   1.9832715717283733E-002
         123   1.9832715717283733E-002
         124   1.9832715717283733E-002
         125   1.9832715717283733E-002
         126   1.9832715717283733E-002
         127   1.9832715717283733E-002
         128   1.9832715717283733E-002
         129   1.9832715717283733E-002
         130   1.9832715717283733E-002
         131   1.9832715717283733E-002
         132   1.9832715717283733E-002
         133   1.9832715717283733E-002
         134   1.9832715717283733E-002
         135   1.9832715717283733E-002
         136   1.9832715717283733E-002
         137   1.9832715717283733E-002
         138   1.9832715717283733E-002
         139   1.9832715717283733E-002
         140   1.9832715717283733E-002
         141   1.9832715717283733E-002
         142   1.9832715717283733E-002
         143   1.9832715717283733E-002
         144   1.9832715717283733E-002
         145   1.9832715717283733E-002
         146   1.9832715717283733E-002
         147   1.9832715717283733E-002
         148   1.9832715717283733E-002
         149   1.9832715717283733E-002
         150   1.9832715717283733E-002
         151   1.9832715717283733E-002
         152   1.9832715717283733E-002
         153   1.9832715717283733E-002
         154   1.9832715717283733E-002
         155   1.9832715717283733E-002
         156   1.9832715717283733E-002
         157   1.9832715717283733E-002
         158   1.9832715717283733E-002
         159   1.9832715717283733E-002
         160   1.9832715717283733E-002
         161   1.9832715717283733E-002
         162   1.9832715717283733E-002
         163   1.9832715717283733E-002
         164   1.9832715717283733E-002
         165   1.9832715717283733E-002
         166   1.9832715717283733E-002
         167   1.9832715717283733E-002
         168   1.9832715717283733E-002
         169   1.9832715717283733E-002
         170   1.9832715717283733E-002
         171   1.9832715717283733E-002
         172   1.9832715717283733E-002
         173   1.9832715717283733E-002
         174   1.9832715717283733E-002
         175   1.9832715717283733E-002
         176   1.9832715717283733E-002
         177   1.9832715717283733E-002
         178   1.9832715717283733E-002
         179   1.9832715717283733E-002
         180   1.9832715717283733E-002
         181   1.9832715717283733E-002
         182   1.9832715717283733E-002
         183   1.9832715717283733E-002
         184   1.9832715717283733E-002
         185   1.9832715717283733E-002
         186   1.9832715717283733E-002
         187   1.9832715717283733E-002
         188   1.9832715717283733E-002
         189   1.9832715717283733E-002
         190   1.9832715717283733E-002
         191   1.9832715717283733E-002
         192   1.9832715717283733E-002
         193   1.9832715717283733E-002
         194   1.9832715717283733E-002
         195   1.9832715717283733E-002
         196   1.9832715717283733E-002
         197   1.9832715717283733E-002
         198   1.9832715717283733E-002
         199   1.9832715717283733E-002
         200   1.9832715717283733E-002
         201   1.9832715717283733E-002
         202   1.9832715717283733E-002
         203   0.0000000000000000     
