           1   17.878268388713714     
           2   17.878268388713714     
           3   17.878268388713714     
           4   17.878268388713714     
           5   13.832327674755213     
           6   13.832327674755213     
           7   11.733935144484228     
           8   11.733935144484228     
           9   11.733935144484228     
          10   11.733935144484228     
          11   11.733935144484228     
          12   11.733935144484228     
          13   11.733935144484228     
          14   11.377294939561558     
          15   11.377294939561558     
          16   11.377294939561558     
          17   11.377294939561558     
          18   11.065192818230383     
          19   11.065192818230383     
          20   11.065192818230383     
          21   10.611764893298972     
          22   9.8552680366098251     
          23   9.8552680366098251     
          24   9.5285643123882693     
          25   9.5285643123882693     
          26   9.5285643123882693     
          27   9.5285643123882693     
          28   8.3115367774273814     
          29   8.3115367774273814     
          30   8.3115367774273814     
          31   8.3115367774273814     
          32   8.3115367774273814     
          33   8.3115367774273814     
          34   8.3115367774273814     
          35   8.3115367774273814     
          36   8.3115367774273814     
          37   8.3115367774273814     
          38   8.3115367774273814     
          39   8.3115367774273814     
          40   8.3115367774273814     
          41   8.3115367774273814     
          42   8.3115367774273814     
          43   8.3115367774273814     
          44   8.3115367774273814     
          45   6.3885643123882732     
          46   6.3885643123882732     
          47   6.3885643123882732     
          48   5.5277032257621510     
          49   5.5277032257621510     
          50   5.5277032257621510     
          51   5.3915367774273815     
          52   4.4699623297615751     
          53   4.4699623297615751     
          54   4.4699623297615751     
          55   4.4699623297615751     
          56   4.4699623297615751     
          57   4.4699623297615751     
          58   4.4699623297615751     
          59   4.4699623297615751     
          60   4.4699623297615751     
          61   4.4699623297615751     
          62   4.4699623297615751     
          63   4.4699623297615751     
          64   4.4699623297615751     
          65   4.4699623297615751     
          66   4.4699623297615751     
          67   4.4699623297615751     
          68   4.1557683887136907     
          69   4.1557683887136907     
          70   4.1557683887136907     
          71   4.1557683887136907     
          72   4.1557683887136907     
          73   4.1557683887136907     
          74   4.1557683887136907     
          75   3.7448207449798447     
          76   3.7448207449798447     
          77   3.7448207449798447     
          78   3.7448207449798447     
          79   3.7448207449798447     
          80   3.7448207449798447     
          81   3.7448207449798447     
          82   3.7448207449798447     
          83   3.7448207449798447     
          84   3.7448207449798447     
          85   3.7448207449798447     
          86   3.7448207449798447     
          87   3.7448207449798447     
          88   3.7448207449798447     
          89   3.7448207449798447     
          90   3.7448207449798447     
          91   3.7448207449798447     
          92   3.7448207449798447     
          93   3.7448207449798447     
          94   3.7448207449798447     
          95   3.7448207449798447     
          96   3.7448207449798447     
          97   3.7448207449798447     
          98   3.7448207449798447     
          99   3.7448207449798447     
         100   3.7448207449798447     
         101   3.7448207449798447     
         102   3.7448207449798447     
         103   3.7448207449798447     
         104   3.7448207449798447     
         105   3.7448207449798447     
         106   3.7448207449798447     
         107   3.7448207449798447     
         108   3.7448207449798447     
         109   3.7448207449798447     
         110   3.7448207449798447     
         111   3.7448207449798447     
         112   3.7448207449798447     
         113   3.7448207449798447     
         114   3.7448207449798447     
         115   3.7448207449798447     
         116   3.7448207449798447     
         117   3.7448207449798447     
         118   3.7448207449798447     
         119   3.7448207449798447     
         120   3.7448207449798447     
         121   3.7448207449798447     
         122   3.7448207449798447     
         123   3.0390830431057392     
         124   3.0390830431057392     
         125   3.0390830431057392     
         126   3.0390830431057392     
         127   3.0390830431057392     
         128   3.0390830431057392     
         129   3.0390830431057392     
         130   3.0390830431057392     
         131   3.0390830431057392     
         132   3.0390830431057392     
         133   3.0390830431057392     
         134   3.0390830431057392     
         135   3.0390830431057392     
         136   3.0390830431057392     
         137   3.0390830431057392     
         138   3.0390830431057392     
         139   3.0390830431057392     
         140   3.0390830431057392     
         141   3.0390830431057392     
         142   3.0390830431057392     
         143   3.0390830431057392     
         144   3.0390830431057392     
         145   3.0390830431057392     
         146   3.0390830431057392     
         147   3.0390830431057392     
         148   2.0785059737104419     
         149   2.0785059737104419     
         150   2.0785059737104419     
         151   2.0785059737104419     
         152   2.0785059737104419     
         153   2.0785059737104419     
         154   2.0785059737104419     
         155   2.0785059737104419     
         156   2.0785059737104419     
         157   2.0785059737104419     
         158   2.0785059737104419     
         159   2.0785059737104419     
         160   2.0785059737104419     
         161   2.0785059737104419     
         162   2.0785059737104419     
         163   2.0785059737104419     
         164   2.0785059737104419     
         165   2.0785059737104419     
         166   2.0785059737104419     
         167   2.0785059737104419     
         168   2.0785059737104419     
         169   2.0785059737104419     
         170   2.0785059737104419     
         171   2.0785059737104419     
         172   2.0785059737104419     
         173   2.0785059737104419     
         174   2.0785059737104419     
         175   2.0785059737104419     
         176   2.0785059737104419     
         177   2.0785059737104419     
         178   2.0785059737104419     
         179   2.0785059737104419     
         180   2.0785059737104419     
         181   2.0785059737104419     
         182   2.0785059737104419     
         183   2.0785059737104419     
         184   2.0785059737104419     
         185   2.0785059737104419     
         186   2.0785059737104419     
         187   2.0785059737104419     
         188   2.0785059737104419     
         189   2.0785059737104419     
         190   2.0785059737104419     
         191   2.0785059737104419     
         192   2.0785059737104419     
         193   2.0785059737104419     
         194   2.0785059737104419     
         195   2.0785059737104419     
         196   2.0785059737104419     
         197   2.0785059737104419     
         198   2.0785059737104419     
         199   2.0785059737104419     
         200   2.0785059737104419     
         201   2.0785059737104419     
         202   2.0785059737104419     
         203   2.0785059737104419     
         204   2.0785059737104419     
         205   2.0785059737104419     
         206   2.0785059737104419     
         207   2.0785059737104419     
         208   2.0785059737104419     
         209   2.0785059737104419     
         210   2.0785059737104419     
         211   2.0785059737104419     
         212   2.0785059737104419     
         213   2.0785059737104419     
         214   2.0785059737104419     
         215   2.0785059737104419     
         216   2.0785059737104419     
         217   2.0785059737104419     
         218   2.0785059737104419     
         219   2.0785059737104419     
         220   1.0790857025725025     
         221   1.0790857025725025     
         222   1.0790857025725025     
         223   1.0196654314345679     
         224   1.0196654314345679     
         225   1.0196654314345679     
         226  0.99983271571728416     
         227  0.99983271571728416     
         228  0.99983271571728416     
         229  0.99983271571728416     
         230  0.99983271571728416     
         231  0.19786020843039864     
         232   3.9665431434567466E-002
         233   3.9665431434567466E-002
         234   3.9665431434567466E-002
         235   3.9665431434567466E-002
         236   3.9665431434567466E-002
         237   3.9665431434567466E-002
         238   3.9665431434567466E-002
         239   3.9665431434567466E-002
         240   3.9665431434567466E-002
         241   3.9665431434567466E-002
         242   3.9665431434567466E-002
         243   3.9665431434567466E-002
         244   3.9665431434567466E-002
         245   3.9665431434567466E-002
         246   3.9665431434567466E-002
         247   3.9665431434567466E-002
         248   3.9665431434567466E-002
         249   3.9665431434567466E-002
         250   3.9665431434567466E-002
         251   3.9665431434567466E-002
         252   3.9665431434567466E-002
         253   3.9665431434567466E-002
         254   3.9665431434567466E-002
         255   3.9665431434567466E-002
         256   3.9665431434567466E-002
         257   3.9665431434567466E-002
         258   3.9665431434567466E-002
         259   3.9665431434567466E-002
         260   3.9665431434567466E-002
         261   3.9665431434567466E-002
         262   3.9665431434567466E-002
         263   3.9665431434567466E-002
         264   3.9665431434567466E-002
         265   3.9665431434567466E-002
         266   3.9665431434567466E-002
         267   1.9832715717283733E-002
         268   1.9832715717283733E-002
         269   1.9832715717283733E-002
         270   1.9832715717283733E-002
         271   1.9832715717283733E-002
         272   1.9832715717283733E-002
         273   1.9832715717283733E-002
         274   1.9832715717283733E-002
         275   1.9832715717283733E-002
         276   1.9832715717283733E-002
         277   1.9832715717283733E-002
         278   1.9832715717283733E-002
         279   1.9832715717283733E-002
         280   1.9832715717283733E-002
         281   1.9832715717283733E-002
         282   1.9832715717283733E-002
         283   1.9832715717283733E-002
         284   1.9832715717283733E-002
         285   1.9832715717283733E-002
         286   1.9832715717283733E-002
         287   1.9832715717283733E-002
         288   1.9832715717283733E-002
         289   1.9832715717283733E-002
         290   1.9832715717283733E-002
         291   1.9832715717283733E-002
         292   1.9832715717283733E-002
         293   1.9832715717283733E-002
         294   1.9832715717283733E-002
         295   1.9832715717283733E-002
         296   1.9832715717283733E-002
         297   1.9832715717283733E-002
         298   1.9832715717283733E-002
         299   1.9832715717283733E-002
         300   1.9832715717283733E-002
         301   1.9832715717283733E-002
         302   1.9832715717283733E-002
         303   1.9832715717283733E-002
         304   1.9832715717283733E-002
         305   1.9832715717283733E-002
         306   1.9832715717283733E-002
         307   1.9832715717283733E-002
         308   1.9832715717283733E-002
         309   1.9832715717283733E-002
         310   1.9832715717283733E-002
         311   1.9832715717283733E-002
         312   1.9832715717283733E-002
         313   1.9832715717283733E-002
         314   1.9832715717283733E-002
         315   1.9832715717283733E-002
         316   1.9832715717283733E-002
         317   1.9832715717283733E-002
         318   1.9832715717283733E-002
         319   0.0000000000000000     
