           1   18.286797628492636     
           2   18.286797628492636     
           3   9.1764541152066723     
           4   5.8839004639305124     
           5   5.8839004639305124     
           6   5.8839004639305124     
           7   5.0917883172219671     
           8   3.9496414899596930     
           9   2.5646534606971301     
          10   2.5646534606971301     
          11   2.5646534606971301     
          12   2.5646534606971301     
          13   2.5646534606971301     
          14   1.2578602084303991     
          15   1.2578602084303991     
          16   1.2578602084303991     
          17   1.2578602084303991     
          18   1.2578602084303991     
          19   1.2578602084303991     
          20   1.2578602084303991     
          21   1.2578602084303991     
          22   1.2578602084303991     
          23   1.2578602084303991     
          24   1.2578602084303991     
          25   1.1378602084303981     
          26   1.1378602084303981     
          27   1.1378602084303981     
          28   1.1378602084303981     
          29   1.1378602084303981     
          30   1.1378602084303981     
          31   1.1378602084303981     
          32   1.1378602084303981     
          33   1.1378602084303981     
          34   1.1378602084303981     
          35   1.1378602084303981     
          36   1.1378602084303981     
          37   1.1378602084303981     
          38   1.1378602084303981     
          39   1.0596654314345670     
          40   1.0596654314345670     
          41   1.0196654314345679     
          42   1.0196654314345679     
          43   1.0196654314345679     
          44   1.0196654314345679     
          45   1.0196654314345679     
          46   1.0196654314345679     
          47   1.0196654314345679     
          48   1.0196654314345679     
          49   1.0196654314345679     
          50   1.0196654314345679     
          51   1.0196654314345679     
          52   1.0196654314345679     
          53   1.0196654314345679     
          54   1.0196654314345679     
          55   1.0196654314345679     
          56   1.0196654314345679     
          57   1.0196654314345679     
          58   1.0000000000000000     
          59   1.0000000000000000     
          60   1.0000000000000000     
          61   1.0000000000000000     
          62   1.0000000000000000     
          63   1.0000000000000000     
          64  0.99983271571728416     
          65  0.99983271571728416     
          66  0.99983271571728416     
          67  0.99983271571728416     
          68  0.99983271571728416     
          69  0.99983271571728416     
          70  0.99983271571728416     
          71  0.99983271571728416     
          72  0.99983271571728416     
          73  0.99983271571728416     
          74  0.99983271571728416     
          75  0.99983271571728416     
          76  0.99983271571728416     
          77  0.99983271571728416     
          78  0.99983271571728416     
          79  0.99983271571728416     
          80  0.99983271571728416     
          81  0.99983271571728416     
          82  0.99983271571728416     
          83  0.99983271571728416     
          84  0.99983271571728416     
          85  0.99983271571728416     
          86  0.99983271571728416     
          87  0.99983271571728416     
          88  0.99983271571728416     
          89  0.99983271571728416     
          90  0.99983271571728416     
          91  0.99983271571728416     
          92  0.99983271571728416     
          93  0.99983271571728416     
          94  0.99983271571728416     
          95  0.99983271571728416     
          96  0.99983271571728416     
          97  0.99983271571728416     
          98  0.99983271571728416     
          99  0.99983271571728416     
         100  0.99983271571728416     
         101  0.99983271571728416     
         102  0.99983271571728416     
         103  0.99983271571728416     
         104  0.99983271571728416     
         105  0.99983271571728416     
         106  0.99983271571728416     
         107  0.99983271571728416     
         108  0.99983271571728416     
         109  0.99983271571728416     
         110  0.99983271571728416     
         111  0.99983271571728416     
         112  0.99983271571728416     
         113  0.99983271571728416     
         114  0.99983271571728416     
         115  0.99983271571728416     
         116  0.99983271571728416     
         117  0.99983271571728416     
         118  0.99983271571728416     
         119  0.99983271571728416     
         120  0.99983271571728416     
         121  0.99983271571728416     
         122  0.99983271571728416     
         123  0.99983271571728416     
         124  0.99983271571728416     
         125  0.99983271571728416     
         126  0.99983271571728416     
         127  0.99983271571728416     
         128  0.99983271571728416     
         129  0.99983271571728416     
         130  0.99983271571728416     
         131  0.99983271571728416     
         132  0.99983271571728416     
         133  0.99983271571728416     
         134  0.99983271571728416     
         135  0.99983271571728416     
         136  0.99983271571728416     
         137  0.99983271571728416     
         138  0.99983271571728416     
         139  0.99983271571728416     
         140  0.99983271571728416     
         141  0.99983271571728416     
         142  0.99983271571728416     
         143  0.99983271571728416     
         144  0.99983271571728416     
         145  0.99983271571728416     
         146  0.99983271571728416     
         147  0.99983271571728416     
         148  0.99983271571728416     
         149  0.99983271571728416     
         150  0.99983271571728416     
         151  0.99983271571728416     
         152  0.99983271571728416     
         153  0.99983271571728416     
         154  0.99983271571728416     
         155  0.99983271571728416     
         156  0.99983271571728416     
         157  0.99983271571728416     
         158  0.99983271571728416     
         159  0.99983271571728416     
         160  0.99983271571728416     
         161  0.99983271571728416     
         162  0.99983271571728416     
         163  0.99983271571728416     
         164  0.99983271571728416     
         165  0.99983271571728416     
         166  0.99983271571728416     
         167  0.99983271571728416     
         168  0.99983271571728416     
         169  0.99983271571728416     
         170  0.99983271571728416     
         171  0.99983271571728416     
         172  0.99983271571728416     
         173  0.99983271571728416     
         174  0.99983271571728416     
         175  0.99983271571728416     
         176  0.99983271571728416     
         177  0.99983271571728416     
         178  0.99983271571728416     
         179  0.99983271571728416     
         180  0.99983271571728416     
         181  0.99983271571728416     
         182  0.99983271571728416     
         183  0.99983271571728416     
         184  0.99983271571728416     
         185  0.99983271571728416     
         186  0.99983271571728416     
         187  0.99983271571728416     
         188  0.99983271571728416     
         189  0.99983271571728416     
         190  0.99983271571728416     
         191  0.99983271571728416     
         192  0.99983271571728416     
         193  0.99983271571728416     
         194  0.99983271571728416     
         195  0.99983271571728416     
         196  0.99983271571728416     
         197  0.99983271571728416     
         198  0.99983271571728416     
         199  0.99983271571728416     
         200  0.99983271571728416     
         201  0.99983271571728416     
         202  0.99983271571728416     
         203  0.99983271571728416     
         204  0.99983271571728416     
         205  0.99983271571728416     
         206  0.99983271571728416     
         207  0.99983271571728416     
         208  0.99983271571728416     
         209  0.99983271571728416     
         210  0.99983271571728416     
         211  0.99983271571728416     
         212  0.99983271571728416     
         213  0.39502137556890737     
         214  0.39502137556890737     
         215   7.9252986855218310E-002
         216   7.9252986855218310E-002
         217   7.9252986855218310E-002
         218   7.9252986855218310E-002
         219   7.9252986855218310E-002
         220   7.9252986855218310E-002
         221   7.9252986855218310E-002
         222   7.9252986855218310E-002
         223   7.9252986855218310E-002
         224   7.9252986855218310E-002
         225   7.9252986855218310E-002
         226   7.9252986855218310E-002
         227   7.9252986855218310E-002
         228   7.9252986855218310E-002
         229   7.9252986855218310E-002
         230   7.9252986855218310E-002
         231   7.9252986855218310E-002
         232   7.9252986855218310E-002
         233   7.9252986855218310E-002
         234   7.9252986855218310E-002
         235   7.9252986855218310E-002
         236   7.9252986855218310E-002
         237   7.9252986855218310E-002
         238   7.9252986855218310E-002
         239   7.9252986855218310E-002
         240   7.9252986855218310E-002
         241   7.9252986855218310E-002
         242   7.9252986855218310E-002
         243   7.9252986855218310E-002
         244   7.9252986855218310E-002
         245   7.9252986855218310E-002
         246   7.9252986855218310E-002
         247   7.9252986855218310E-002
         248   7.9252986855218310E-002
         249   7.9252986855218310E-002
         250   7.9252986855218310E-002
         251   7.9252986855218310E-002
         252   7.9252986855218310E-002
         253   7.9252986855218310E-002
         254   7.9252986855218310E-002
         255   7.9252986855218310E-002
         256   7.9252986855218310E-002
         257   7.9252986855218310E-002
         258   7.9252986855218310E-002
         259   7.9252986855218310E-002
         260   7.9252986855218310E-002
         261   7.9252986855218310E-002
         262   7.9252986855218310E-002
         263   7.9252986855218310E-002
         264   7.9252986855218310E-002
         265   7.9252986855218310E-002
         266   7.9252986855218310E-002
         267   7.9252986855218310E-002
         268   7.9252986855218310E-002
         269   7.9252986855218310E-002
         270   7.9252986855218310E-002
         271   7.9252986855218310E-002
         272   7.9252986855218310E-002
         273   7.9252986855218310E-002
         274   7.9252986855218310E-002
         275   7.9252986855218310E-002
         276   7.9252986855218310E-002
         277   7.9252986855218310E-002
         278   7.9252986855218310E-002
         279   7.9252986855218310E-002
         280   7.9252986855218310E-002
         281   7.9252986855218310E-002
         282   7.9252986855218310E-002
         283   7.9252986855218310E-002
         284   7.9252986855218310E-002
         285   7.9252986855218310E-002
         286   7.9252986855218310E-002
         287   7.9252986855218310E-002
         288   7.9252986855218310E-002
         289   7.9252986855218310E-002
         290   7.9252986855218310E-002
         291   7.9252986855218310E-002
         292   7.9252986855218310E-002
         293   7.9252986855218310E-002
         294   7.9252986855218310E-002
         295   7.9252986855218310E-002
         296   7.9252986855218310E-002
         297   7.9252986855218310E-002
         298   7.9252986855218310E-002
         299   7.9252986855218310E-002
         300   7.9252986855218310E-002
         301   7.9252986855218310E-002
         302   7.9252986855218310E-002
         303   7.9252986855218310E-002
         304   7.9252986855218310E-002
         305   7.9252986855218310E-002
         306   7.9252986855218310E-002
         307   7.9252986855218310E-002
         308   7.9252986855218310E-002
         309   7.9252986855218310E-002
         310   7.9252986855218310E-002
         311   7.9252986855218310E-002
         312   7.9252986855218310E-002
         313   7.9252986855218310E-002
         314   7.9252986855218310E-002
         315   7.9252986855218310E-002
         316   7.9252986855218310E-002
         317   7.9252986855218310E-002
         318   7.9252986855218310E-002
         319   7.9252986855218310E-002
         320   7.9252986855218310E-002
         321   7.9252986855218310E-002
         322   7.9252986855218310E-002
         323   7.9252986855218310E-002
         324   7.9252986855218310E-002
         325   7.9252986855218310E-002
         326   7.9252986855218310E-002
         327   7.9252986855218310E-002
         328   7.9252986855218310E-002
         329   7.9252986855218310E-002
         330   7.9252986855218310E-002
         331   7.9252986855218310E-002
         332   7.9252986855218310E-002
         333   7.9252986855218310E-002
         334   7.9252986855218310E-002
         335   7.9252986855218310E-002
         336   7.9252986855218310E-002
         337   7.9252986855218310E-002
         338   7.9252986855218310E-002
         339   7.9252986855218310E-002
         340   7.9252986855218310E-002
         341   7.9252986855218310E-002
         342   7.9252986855218310E-002
         343   7.9252986855218310E-002
         344   7.9252986855218310E-002
         345   7.9252986855218310E-002
         346   7.9252986855218310E-002
         347   7.9252986855218310E-002
         348   7.9252986855218310E-002
         349   7.9252986855218310E-002
         350   7.9252986855218310E-002
         351   7.9252986855218310E-002
         352   7.9252986855218310E-002
         353   7.9252986855218310E-002
         354   7.9252986855218310E-002
         355   7.9252986855218310E-002
         356   7.9252986855218310E-002
         357   7.9252986855218310E-002
         358   7.9252986855218310E-002
         359   7.9252986855218310E-002
         360   7.9252986855218310E-002
         361   7.9252986855218310E-002
         362   7.9252986855218310E-002
         363   7.9252986855218310E-002
         364   7.9252986855218310E-002
         365   7.9252986855218310E-002
         366   7.9252986855218310E-002
         367   7.9252986855218310E-002
         368   7.9252986855218310E-002
         369   7.9252986855218310E-002
         370   7.9252986855218310E-002
         371   7.9252986855218310E-002
         372   7.9252986855218310E-002
         373   7.9252986855218310E-002
         374   7.9252986855218310E-002
         375   7.9252986855218310E-002
         376   7.9252986855218310E-002
         377   7.9252986855218310E-002
         378   7.9252986855218310E-002
         379   7.9252986855218310E-002
         380   7.9252986855218310E-002
         381   7.9252986855218310E-002
         382   7.9252986855218310E-002
         383   7.9252986855218310E-002
         384   7.9252986855218310E-002
         385   7.9252986855218310E-002
         386   7.9252986855218310E-002
         387   7.9252986855218310E-002
         388   7.9252986855218310E-002
         389   7.9252986855218310E-002
         390   7.9252986855218310E-002
         391   7.9252986855218310E-002
         392   7.9252986855218310E-002
         393   7.9252986855218310E-002
         394   7.9252986855218310E-002
         395   7.9252986855218310E-002
         396   7.9252986855218310E-002
         397   7.9252986855218310E-002
         398   7.9252986855218310E-002
         399   7.9252986855218310E-002
         400   7.9252986855218310E-002
         401   7.9252986855218310E-002
         402   7.9252986855218310E-002
         403   7.9252986855218310E-002
         404   7.9252986855218310E-002
         405   7.9252986855218310E-002
         406   7.9252986855218310E-002
         407   7.9252986855218310E-002
         408   7.9252986855218310E-002
         409   7.9252986855218310E-002
         410   7.9252986855218310E-002
         411   7.9252986855218310E-002
         412   7.9252986855218310E-002
         413   7.9252986855218310E-002
         414   7.9252986855218310E-002
         415   7.9252986855218310E-002
         416   7.9252986855218310E-002
         417   7.9252986855218310E-002
         418   7.9252986855218310E-002
         419   7.9252986855218310E-002
         420   7.9252986855218310E-002
         421   7.9252986855218310E-002
         422   7.9252986855218310E-002
         423   7.9252986855218310E-002
         424   7.9252986855218310E-002
         425   7.9252986855218310E-002
         426   7.9252986855218310E-002
         427   7.9252986855218310E-002
         428   7.9252986855218310E-002
         429   7.9252986855218310E-002
         430   7.9252986855218310E-002
         431   7.9252986855218310E-002
         432   7.9252986855218310E-002
         433   7.9252986855218310E-002
         434   7.9252986855218310E-002
         435   7.9252986855218310E-002
         436   7.9252986855218310E-002
         437   7.9252986855218310E-002
         438   7.9252986855218310E-002
         439   7.9252986855218310E-002
         440   7.9252986855218310E-002
         441   7.9252986855218310E-002
         442   7.9252986855218310E-002
         443   7.9252986855218310E-002
         444   7.9252986855218310E-002
         445   7.9252986855218310E-002
         446   7.9252986855218310E-002
         447   7.9252986855218310E-002
         448   7.9252986855218310E-002
         449   7.9252986855218310E-002
         450   7.9252986855218310E-002
         451   7.9252986855218310E-002
         452   7.9252986855218310E-002
         453   7.9252986855218310E-002
         454   7.9252986855218310E-002
         455   7.9252986855218310E-002
         456   7.9252986855218310E-002
         457   7.9252986855218310E-002
         458   7.9252986855218310E-002
         459   7.9252986855218310E-002
         460   7.9252986855218310E-002
         461   7.9252986855218310E-002
         462   7.9252986855218310E-002
         463   7.9252986855218310E-002
         464   7.9252986855218310E-002
         465   7.9252986855218310E-002
         466   7.9252986855218310E-002
         467   7.9252986855218310E-002
         468   7.9252986855218310E-002
         469   7.9252986855218310E-002
         470   7.9252986855218310E-002
         471   7.9252986855218310E-002
         472   7.9252986855218310E-002
         473   7.9252986855218310E-002
         474   7.9252986855218310E-002
         475   7.9252986855218310E-002
         476   7.9252986855218310E-002
         477   7.9252986855218310E-002
         478   7.9252986855218310E-002
         479   7.9252986855218310E-002
         480   7.9252986855218310E-002
         481   7.9252986855218310E-002
         482   7.9252986855218310E-002
         483   7.9252986855218310E-002
         484   7.9252986855218310E-002
         485   7.9252986855218310E-002
         486   7.9252986855218310E-002
         487   7.9252986855218310E-002
         488   7.9252986855218310E-002
         489   7.9252986855218310E-002
         490   7.9252986855218310E-002
         491   7.9252986855218310E-002
         492   7.9252986855218310E-002
         493   7.9252986855218310E-002
         494   7.9252986855218310E-002
         495   7.9252986855218310E-002
         496   7.9252986855218310E-002
         497   7.9252986855218310E-002
         498   7.9252986855218310E-002
         499   7.9252986855218310E-002
         500   7.9252986855218310E-002
         501   7.9252986855218310E-002
         502   7.9252986855218310E-002
         503   7.9252986855218310E-002
         504   7.9252986855218310E-002
         505   7.9252986855218310E-002
         506   7.9252986855218310E-002
         507   7.9252986855218310E-002
         508   7.9252986855218310E-002
         509   7.9252986855218310E-002
         510   7.9252986855218310E-002
         511   7.9252986855218310E-002
         512   7.9252986855218310E-002
         513   7.9252986855218310E-002
         514   7.9252986855218310E-002
         515   7.9252986855218310E-002
         516   7.9252986855218310E-002
         517   7.9252986855218310E-002
         518   7.9252986855218310E-002
         519   7.9252986855218310E-002
         520   7.9252986855218310E-002
         521   7.9252986855218310E-002
         522   1.9832715717283733E-002
         523   1.9832715717283733E-002
         524   1.9832715717283733E-002
         525   1.9832715717283733E-002
         526   1.9832715717283733E-002
         527   1.9832715717283733E-002
         528   1.9832715717283733E-002
         529   1.9832715717283733E-002
         530   1.9832715717283733E-002
         531   1.9832715717283733E-002
         532   1.9832715717283733E-002
         533   1.9832715717283733E-002
         534   1.9832715717283733E-002
         535   1.9832715717283733E-002
         536   1.9832715717283733E-002
         537   1.9832715717283733E-002
         538   1.9832715717283733E-002
         539   1.9832715717283733E-002
         540   1.9832715717283733E-002
         541   1.9832715717283733E-002
         542   1.9832715717283733E-002
         543   1.9832715717283733E-002
         544   1.9832715717283733E-002
         545   1.9832715717283733E-002
         546   1.9832715717283733E-002
         547   1.9832715717283733E-002
         548   1.9832715717283733E-002
         549   1.9832715717283733E-002
         550   1.9832715717283733E-002
         551   1.9832715717283733E-002
         552   1.9832715717283733E-002
         553   1.9832715717283733E-002
         554   1.9832715717283733E-002
         555   1.9832715717283733E-002
         556   1.9832715717283733E-002
         557   1.9832715717283733E-002
         558   1.9832715717283733E-002
         559   1.9832715717283733E-002
         560   1.9832715717283733E-002
         561   1.9832715717283733E-002
         562   1.9832715717283733E-002
         563   1.9832715717283733E-002
         564   1.9832715717283733E-002
         565   1.9832715717283733E-002
         566   1.9832715717283733E-002
         567   1.9832715717283733E-002
         568   1.9832715717283733E-002
         569   1.9832715717283733E-002
         570   1.9832715717283733E-002
         571   1.9832715717283733E-002
         572   1.9832715717283733E-002
         573   1.9832715717283733E-002
         574   1.9832715717283733E-002
         575   1.9832715717283733E-002
         576   1.9832715717283733E-002
         577   1.9832715717283733E-002
         578   1.9832715717283733E-002
         579   1.9832715717283733E-002
         580   1.9832715717283733E-002
         581   1.9832715717283733E-002
         582   1.9832715717283733E-002
         583   1.9832715717283733E-002
         584   1.9832715717283733E-002
         585   1.9832715717283733E-002
         586   1.9832715717283733E-002
         587   1.9832715717283733E-002
         588   1.9832715717283733E-002
         589   1.9832715717283733E-002
         590   1.9832715717283733E-002
         591   1.9832715717283733E-002
         592   1.9832715717283733E-002
         593   1.9832715717283733E-002
         594   1.9832715717283733E-002
         595   1.9832715717283733E-002
         596   1.9832715717283733E-002
         597   1.9832715717283733E-002
         598   1.9832715717283733E-002
         599   1.9832715717283733E-002
         600   1.9832715717283733E-002
         601   1.9832715717283733E-002
         602   1.9832715717283733E-002
         603   1.9832715717283733E-002
         604   1.9832715717283733E-002
         605   1.9832715717283733E-002
         606   1.9832715717283733E-002
         607   1.9832715717283733E-002
         608   1.9832715717283733E-002
         609   1.9832715717283733E-002
         610   1.9832715717283733E-002
         611   1.9832715717283733E-002
         612   1.9832715717283733E-002
         613   1.9832715717283733E-002
         614   1.9832715717283733E-002
         615   1.9832715717283733E-002
         616   1.9832715717283733E-002
         617   1.9832715717283733E-002
         618   1.9832715717283733E-002
         619   1.9832715717283733E-002
         620   1.9832715717283733E-002
         621   1.9832715717283733E-002
         622   1.9832715717283733E-002
         623   0.0000000000000000     
