   0.0000000000000000        0.0000000000000000     
   2.0000000000000000E-003   0.0000000000000000     
   4.0000000000000001E-003   0.0000000000000000     
   6.0000000000000001E-003   0.0000000000000000     
   8.0000000000000002E-003   0.0000000000000000     
   1.0000000000000000E-002   0.0000000000000000     
   1.2000000000000000E-002   0.0000000000000000     
   1.4000000000000000E-002   0.0000000000000000     
   1.6000000000000000E-002   0.0000000000000000     
   1.7999999999999999E-002   0.0000000000000000     
   2.0000000000000000E-002   0.0000000000000000     
   2.1999999999999999E-002   0.0000000000000000     
   2.4000000000000000E-002   0.0000000000000000     
   2.5999999999999999E-002   0.0000000000000000     
   2.8000000000000001E-002   0.0000000000000000     
   2.9999999999999999E-002   0.0000000000000000     
   3.2000000000000001E-002   0.0000000000000000     
   3.4000000000000002E-002   0.0000000000000000     
   3.5999999999999997E-002   0.0000000000000000     
   3.7999999999999999E-002   0.0000000000000000     
   4.0000000000000001E-002   0.0000000000000000     
   4.2000000000000003E-002   0.0000000000000000     
   4.3999999999999997E-002   0.0000000000000000     
   4.5999999999999999E-002   0.0000000000000000     
   4.8000000000000001E-002   0.0000000000000000     
   5.0000000000000003E-002   0.0000000000000000     
   5.1999999999999998E-002   0.0000000000000000     
   5.3999999999999999E-002   0.0000000000000000     
   5.6000000000000001E-002   0.0000000000000000     
   5.8000000000000003E-002   0.0000000000000000     
   5.9999999999999998E-002   0.0000000000000000     
   6.2000000000000000E-002   0.0000000000000000     
   6.4000000000000001E-002   0.0000000000000000     
   6.6000000000000003E-002   0.0000000000000000     
   6.8000000000000005E-002   0.0000000000000000     
   7.0000000000000007E-002   0.0000000000000000     
   7.1999999999999995E-002   0.0000000000000000     
   7.3999999999999996E-002   0.0000000000000000     
   7.5999999999999998E-002   0.0000000000000000     
   7.8000000000000000E-002   0.0000000000000000     
   8.0000000000000002E-002   0.0000000000000000     
   8.2000000000000003E-002   0.0000000000000000     
   8.4000000000000005E-002   0.0000000000000000     
   8.5999999999999993E-002   0.0000000000000000     
   8.7999999999999995E-002   0.0000000000000000     
   8.9999999999999997E-002   0.0000000000000000     
   9.1999999999999998E-002   0.0000000000000000     
   9.4000000000000000E-002   0.0000000000000000     
   9.6000000000000002E-002   0.0000000000000000     
   9.8000000000000004E-002   0.0000000000000000     
  0.10000000000000001        0.0000000000000000     
  0.10199999999999999        0.0000000000000000     
  0.10400000000000000        0.0000000000000000     
  0.10600000000000000        0.0000000000000000     
  0.10800000000000000        0.0000000000000000     
  0.11000000000000000        0.0000000000000000     
  0.11200000000000000        0.0000000000000000     
  0.11400000000000000        0.0000000000000000     
  0.11600000000000001        0.0000000000000000     
  0.11799999999999999        0.0000000000000000     
  0.12000000000000000        0.0000000000000000     
  0.12200000000000000        0.0000000000000000     
  0.12400000000000000        0.0000000000000000     
  0.12600000000000000        0.0000000000000000     
  0.12800000000000000        0.0000000000000000     
  0.13000000000000000        0.0000000000000000     
  0.13200000000000001        0.0000000000000000     
  0.13400000000000001        0.0000000000000000     
  0.13600000000000001        0.0000000000000000     
  0.13800000000000001        0.0000000000000000     
  0.14000000000000001        0.0000000000000000     
  0.14199999999999999        0.0000000000000000     
  0.14399999999999999        0.0000000000000000     
  0.14599999999999999        0.0000000000000000     
  0.14799999999999999        0.0000000000000000     
  0.14999999999999999        2.0967018649058674E-005
  0.15200000000000000        6.4552479549969234E-005
  0.15400000000000000        1.8844248930162109E-004
  0.15600000000000000        5.2139583877448565E-004
  0.15800000000000000        1.3667378873446841E-003
  0.16000000000000000        3.3923805516552262E-003
  0.16200000000000001        7.9681310706849612E-003
  0.16400000000000001        1.7697780060694574E-002
  0.16600000000000001        3.7136491218740506E-002
  0.16800000000000001        7.3539697799456127E-002
  0.17000000000000001       0.13723960846713329     
  0.17199999999999999       0.24093712755406399     
  0.17399999999999999       0.39699517379053917     
  0.17599999999999999       0.61201171151788258     
  0.17799999999999999       0.87884294286564135     
  0.17999999999999999        1.1679177730376424     
  0.18200000000000000        1.4216855685142109     
  0.18400000000000000        1.5572708256005967     
  0.18600000000000000        1.4814499269193249     
  0.18800000000000000        1.1180398462721688     
  0.19000000000000000       0.44140079239049157     
  0.19200000000000000      -0.49627970037887909     
  0.19400000000000001       -1.5581077281204219     
  0.19600000000000001       -2.5451204098995741     
  0.19800000000000001       -3.2461890890564988     
  0.20000000000000001       -3.5000000000000000     
  0.20200000000000001       -3.2461890890564988     
  0.20399999999999999       -2.5451204098995772     
  0.20599999999999999       -1.5581077281204254     
  0.20799999999999999      -0.49627970037887909     
  0.20999999999999999       0.44140079239048857     
  0.21199999999999999        1.1180398462721668     
  0.21400000000000000        1.4814499269193249     
  0.21600000000000000        1.5572708256005967     
  0.21800000000000000        1.4216855685142109     
  0.22000000000000000        1.1679177730376424     
  0.22200000000000000       0.87884294286564080     
  0.22400000000000000       0.61201171151788347     
  0.22600000000000001       0.39699517379053989     
  0.22800000000000001       0.24093712755406432     
  0.23000000000000001       0.13723960846713348     
  0.23200000000000001        7.3539697799456127E-002
  0.23400000000000001        3.7136491218740506E-002
  0.23599999999999999        1.7697780060694574E-002
  0.23799999999999999        7.9681310706850098E-003
  0.23999999999999999        3.3923805516552418E-003
  0.24199999999999999        1.3667378873446863E-003
  0.24399999999999999        5.2139583877448728E-004
  0.24600000000000000        1.8844248930162109E-004
  0.24800000000000000        6.4552479549969234E-005
  0.25000000000000000        2.0967018649058674E-005
  0.25200000000000000        0.0000000000000000     
  0.25400000000000000        0.0000000000000000     
  0.25600000000000001        0.0000000000000000     
  0.25800000000000001        0.0000000000000000     
  0.26000000000000001        0.0000000000000000     
  0.26200000000000001        0.0000000000000000     
  0.26400000000000001        0.0000000000000000     
  0.26600000000000001        0.0000000000000000     
  0.26800000000000002        0.0000000000000000     
  0.27000000000000002        0.0000000000000000     
  0.27200000000000002        0.0000000000000000     
  0.27400000000000002        0.0000000000000000     
  0.27600000000000002        0.0000000000000000     
  0.27800000000000002        0.0000000000000000     
  0.28000000000000003        0.0000000000000000     
  0.28199999999999997        0.0000000000000000     
  0.28399999999999997        0.0000000000000000     
  0.28599999999999998        0.0000000000000000     
  0.28799999999999998        0.0000000000000000     
  0.28999999999999998        0.0000000000000000     
  0.29199999999999998        0.0000000000000000     
  0.29399999999999998        0.0000000000000000     
  0.29599999999999999        0.0000000000000000     
  0.29799999999999999        0.0000000000000000     
  0.29999999999999999        0.0000000000000000     
  0.30199999999999999        0.0000000000000000     
  0.30399999999999999        0.0000000000000000     
  0.30599999999999999        0.0000000000000000     
  0.30800000000000000        0.0000000000000000     
  0.31000000000000000        0.0000000000000000     
  0.31200000000000000        0.0000000000000000     
  0.31400000000000000        0.0000000000000000     
  0.31600000000000000        0.0000000000000000     
  0.31800000000000000        0.0000000000000000     
  0.32000000000000001        0.0000000000000000     
  0.32200000000000001        0.0000000000000000     
  0.32400000000000001        0.0000000000000000     
  0.32600000000000001        0.0000000000000000     
  0.32800000000000001        0.0000000000000000     
  0.33000000000000002        0.0000000000000000     
  0.33200000000000002        0.0000000000000000     
  0.33400000000000002        0.0000000000000000     
  0.33600000000000002        0.0000000000000000     
  0.33800000000000002        0.0000000000000000     
  0.34000000000000002        0.0000000000000000     
  0.34200000000000003        0.0000000000000000     
  0.34399999999999997        0.0000000000000000     
  0.34599999999999997        0.0000000000000000     
  0.34799999999999998        0.0000000000000000     
  0.34999999999999998        8.9858651353108595E-006
  0.35199999999999998        2.7665348378558247E-005
  0.35399999999999998        8.0761066843551901E-005
  0.35599999999999998        2.2345535947477954E-004
  0.35799999999999998        5.8574480886200745E-004
  0.35999999999999999        1.4538773792808113E-003
  0.36199999999999999        3.4149133160078400E-003
  0.36399999999999999        7.5847628831548185E-003
  0.36599999999999999        1.5915639093745930E-002
  0.36799999999999999        3.1517013342624051E-002
  0.37000000000000000        5.8816975057342846E-002
  0.37200000000000000       0.10325876895174171     
  0.37400000000000000       0.17014078876737393     
  0.37600000000000000       0.26229073350766396     
  0.37800000000000000       0.37664697551384629     
  0.38000000000000000       0.50053618844470393     
  0.38200000000000001       0.60929381507751890     
  0.38400000000000001       0.66740178240025572     
  0.38600000000000001       0.63490711153685353     
  0.38800000000000001       0.47915993411664370     
  0.39000000000000001       0.18917176816735354     
  0.39200000000000002      -0.21269130016237675     
  0.39400000000000002      -0.66776045490875224     
  0.39600000000000002       -1.0907658899569603     
  0.39800000000000002       -1.3912238953099281     
  0.40000000000000002       -1.5000000000000000     
  0.40200000000000002       -1.3912238953099281     
  0.40400000000000003       -1.0907658899569617     
  0.40600000000000003      -0.66776045490875380     
  0.40799999999999997      -0.21269130016237675     
  0.40999999999999998       0.18917176816735223     
  0.41199999999999998       0.47915993411664293     
  0.41399999999999998       0.63490711153685353     
  0.41599999999999998       0.66740178240025572     
  0.41799999999999998       0.60929381507751890     
  0.41999999999999998       0.50053618844470393     
  0.42199999999999999       0.37664697551384607     
  0.42399999999999999       0.26229073350766435     
  0.42599999999999999       0.17014078876737423     
  0.42799999999999999       0.10325876895174185     
  0.42999999999999999        5.8816975057342930E-002
  0.43200000000000000        3.1517013342624051E-002
  0.43400000000000000        1.5915639093745930E-002
  0.43600000000000000        7.5847628831548185E-003
  0.43800000000000000        3.4149133160078608E-003
  0.44000000000000000        1.4538773792808178E-003
  0.44200000000000000        5.8574480886200843E-004
  0.44400000000000001        2.2345535947478027E-004
  0.44600000000000001        8.0761066843551901E-005
  0.44800000000000001        2.7665348378558247E-005
  0.45000000000000001        8.9858651353108595E-006
  0.45200000000000001        0.0000000000000000     
  0.45400000000000001        0.0000000000000000     
  0.45600000000000002        0.0000000000000000     
  0.45800000000000002        0.0000000000000000     
  0.46000000000000002        0.0000000000000000     
  0.46200000000000002        0.0000000000000000     
  0.46400000000000002        0.0000000000000000     
  0.46600000000000003        0.0000000000000000     
  0.46800000000000003        0.0000000000000000     
  0.46999999999999997        0.0000000000000000     
  0.47199999999999998        0.0000000000000000     
  0.47399999999999998        0.0000000000000000     
  0.47599999999999998        0.0000000000000000     
  0.47799999999999998        0.0000000000000000     
  0.47999999999999998        0.0000000000000000     
  0.48199999999999998        0.0000000000000000     
  0.48399999999999999        0.0000000000000000     
  0.48599999999999999        0.0000000000000000     
  0.48799999999999999        0.0000000000000000     
  0.48999999999999999        0.0000000000000000     
  0.49199999999999999        0.0000000000000000     
  0.49399999999999999        0.0000000000000000     
  0.49600000000000000        0.0000000000000000     
  0.49800000000000000        0.0000000000000000     
  0.50000000000000000        0.0000000000000000     
  0.50200000000000000        0.0000000000000000     
  0.50400000000000000        0.0000000000000000     
  0.50600000000000001        0.0000000000000000     
  0.50800000000000001        0.0000000000000000     
  0.51000000000000001        0.0000000000000000     
  0.51200000000000001        0.0000000000000000     
  0.51400000000000001        0.0000000000000000     
  0.51600000000000001        0.0000000000000000     
  0.51800000000000002        0.0000000000000000     
  0.52000000000000002        0.0000000000000000     
  0.52200000000000002        0.0000000000000000     
  0.52400000000000002        0.0000000000000000     
  0.52600000000000002        0.0000000000000000     
  0.52800000000000002        0.0000000000000000     
  0.53000000000000003        0.0000000000000000     
  0.53200000000000003        0.0000000000000000     
  0.53400000000000003        0.0000000000000000     
  0.53600000000000003        0.0000000000000000     
  0.53800000000000003        0.0000000000000000     
  0.54000000000000004        0.0000000000000000     
  0.54200000000000004        0.0000000000000000     
  0.54400000000000004        0.0000000000000000     
  0.54600000000000004        0.0000000000000000     
  0.54800000000000004        0.0000000000000000     
  0.55000000000000004        2.9952883784369533E-006
  0.55200000000000005        9.2217827928527485E-006
  0.55400000000000005        2.6920355614517298E-005
  0.55600000000000005        7.4485119824926514E-005
  0.55800000000000005        1.9524826962066916E-004
  0.56000000000000005        4.8462579309360373E-004
  0.56200000000000006        1.1383044386692801E-003
  0.56399999999999995        2.5282542943849393E-003
  0.56599999999999995        5.3052130312486439E-003
  0.56799999999999995        1.0505671114208017E-002
  0.56999999999999995        1.9605658352447614E-002
  0.57199999999999995        3.4419589650580569E-002
  0.57399999999999995        5.6713596255791310E-002
  0.57599999999999996        8.7430244502554655E-002
  0.57799999999999996       0.12554899183794876     
  0.57999999999999996       0.16684539614823463     
  0.58199999999999996       0.20309793835917297     
  0.58399999999999996       0.22246726080008525     
  0.58599999999999997       0.21163570384561783     
  0.58799999999999997       0.15971997803888124     
  0.58999999999999997        6.3057256055784508E-002
  0.59199999999999997       -7.0897100054125584E-002
  0.59399999999999997      -0.22258681830291741     
  0.59599999999999997      -0.36358862998565344     
  0.59799999999999998      -0.46374129843664269     
  0.59999999999999998      -0.50000000000000000     
  0.60199999999999998      -0.46374129843664269     
  0.60399999999999998      -0.36358862998565389     
  0.60599999999999998      -0.22258681830291793     
  0.60799999999999998       -7.0897100054125584E-002
  0.60999999999999999        6.3057256055784078E-002
  0.61199999999999999       0.15971997803888097     
  0.61399999999999999       0.21163570384561783     
  0.61599999999999999       0.22246726080008525     
  0.61799999999999999       0.20309793835917297     
  0.62000000000000000       0.16684539614823463     
  0.62200000000000000       0.12554899183794868     
  0.62400000000000000        8.7430244502554780E-002
  0.62600000000000000        5.6713596255791414E-002
  0.62800000000000000        3.4419589650580618E-002
  0.63000000000000000        1.9605658352447642E-002
  0.63200000000000001        1.0505671114208017E-002
  0.63400000000000001        5.3052130312486439E-003
  0.63600000000000001        2.5282542943849393E-003
  0.63800000000000001        1.1383044386692870E-003
  0.64000000000000001        4.8462579309360596E-004
  0.64200000000000002        1.9524826962066946E-004
  0.64400000000000002        7.4485119824926758E-005
  0.64600000000000002        2.6920355614517298E-005
  0.64800000000000002        9.2217827928527485E-006
  0.65000000000000002        2.9952883784369533E-006
  0.65200000000000002        0.0000000000000000     
  0.65400000000000003        0.0000000000000000     
  0.65600000000000003        0.0000000000000000     
  0.65800000000000003        0.0000000000000000     
  0.66000000000000003        0.0000000000000000     
  0.66200000000000003        0.0000000000000000     
  0.66400000000000003        0.0000000000000000     
  0.66600000000000004        0.0000000000000000     
  0.66800000000000004        0.0000000000000000     
  0.67000000000000004        0.0000000000000000     
  0.67200000000000004        0.0000000000000000     
  0.67400000000000004        0.0000000000000000     
  0.67600000000000005        0.0000000000000000     
  0.67800000000000005        0.0000000000000000     
  0.68000000000000005        0.0000000000000000     
  0.68200000000000005        0.0000000000000000     
  0.68400000000000005        0.0000000000000000     
  0.68600000000000005        0.0000000000000000     
  0.68799999999999994        0.0000000000000000     
  0.68999999999999995        0.0000000000000000     
  0.69199999999999995        0.0000000000000000     
  0.69399999999999995        0.0000000000000000     
  0.69599999999999995        0.0000000000000000     
  0.69799999999999995        0.0000000000000000     
  0.69999999999999996        0.0000000000000000     
  0.70199999999999996        0.0000000000000000     
  0.70399999999999996        0.0000000000000000     
  0.70599999999999996        0.0000000000000000     
  0.70799999999999996        0.0000000000000000     
  0.70999999999999996        0.0000000000000000     
  0.71199999999999997        0.0000000000000000     
  0.71399999999999997        0.0000000000000000     
  0.71599999999999997        0.0000000000000000     
  0.71799999999999997        0.0000000000000000     
  0.71999999999999997        0.0000000000000000     
  0.72199999999999998        0.0000000000000000     
  0.72399999999999998        0.0000000000000000     
  0.72599999999999998        0.0000000000000000     
  0.72799999999999998        0.0000000000000000     
  0.72999999999999998        0.0000000000000000     
  0.73199999999999998        0.0000000000000000     
  0.73399999999999999        0.0000000000000000     
  0.73599999999999999        0.0000000000000000     
  0.73799999999999999        0.0000000000000000     
  0.73999999999999999        0.0000000000000000     
  0.74199999999999999        0.0000000000000000     
  0.74399999999999999        0.0000000000000000     
  0.74600000000000000        0.0000000000000000     
  0.74800000000000000        0.0000000000000000     
  0.75000000000000000        0.0000000000000000     
  0.75200000000000000        0.0000000000000000     
  0.75400000000000000        0.0000000000000000     
  0.75600000000000001        0.0000000000000000     
  0.75800000000000001        0.0000000000000000     
  0.76000000000000001        0.0000000000000000     
  0.76200000000000001        0.0000000000000000     
  0.76400000000000001        0.0000000000000000     
  0.76600000000000001        0.0000000000000000     
  0.76800000000000002        0.0000000000000000     
  0.77000000000000002        0.0000000000000000     
  0.77200000000000002        0.0000000000000000     
  0.77400000000000002        0.0000000000000000     
  0.77600000000000002        0.0000000000000000     
  0.77800000000000002        0.0000000000000000     
  0.78000000000000003        0.0000000000000000     
  0.78200000000000003        0.0000000000000000     
  0.78400000000000003        0.0000000000000000     
  0.78600000000000003        0.0000000000000000     
  0.78800000000000003        0.0000000000000000     
  0.79000000000000004        0.0000000000000000     
  0.79200000000000004        0.0000000000000000     
  0.79400000000000004        0.0000000000000000     
  0.79600000000000004        0.0000000000000000     
  0.79800000000000004        0.0000000000000000     
  0.80000000000000004        0.0000000000000000     
  0.80200000000000005        0.0000000000000000     
  0.80400000000000005        0.0000000000000000     
  0.80600000000000005        0.0000000000000000     
  0.80800000000000005        0.0000000000000000     
  0.81000000000000005        0.0000000000000000     
  0.81200000000000006        0.0000000000000000     
  0.81399999999999995        0.0000000000000000     
  0.81599999999999995        0.0000000000000000     
  0.81799999999999995        0.0000000000000000     
  0.81999999999999995        0.0000000000000000     
  0.82199999999999995        0.0000000000000000     
  0.82399999999999995        0.0000000000000000     
  0.82599999999999996        0.0000000000000000     
  0.82799999999999996        0.0000000000000000     
  0.82999999999999996        0.0000000000000000     
  0.83199999999999996        0.0000000000000000     
  0.83399999999999996        0.0000000000000000     
  0.83599999999999997        0.0000000000000000     
  0.83799999999999997        0.0000000000000000     
  0.83999999999999997        0.0000000000000000     
  0.84199999999999997        0.0000000000000000     
  0.84399999999999997        0.0000000000000000     
  0.84599999999999997        0.0000000000000000     
  0.84799999999999998        0.0000000000000000     
  0.84999999999999998        0.0000000000000000     
  0.85199999999999998        0.0000000000000000     
  0.85399999999999998        0.0000000000000000     
  0.85599999999999998        0.0000000000000000     
  0.85799999999999998        0.0000000000000000     
  0.85999999999999999        0.0000000000000000     
  0.86199999999999999        0.0000000000000000     
  0.86399999999999999        0.0000000000000000     
  0.86599999999999999        0.0000000000000000     
  0.86799999999999999        0.0000000000000000     
  0.87000000000000000        0.0000000000000000     
  0.87200000000000000        0.0000000000000000     
  0.87400000000000000        0.0000000000000000     
  0.87600000000000000        0.0000000000000000     
  0.87800000000000000        0.0000000000000000     
  0.88000000000000000        0.0000000000000000     
  0.88200000000000001        0.0000000000000000     
  0.88400000000000001        0.0000000000000000     
  0.88600000000000001        0.0000000000000000     
  0.88800000000000001        0.0000000000000000     
  0.89000000000000001        0.0000000000000000     
  0.89200000000000002        0.0000000000000000     
  0.89400000000000002        0.0000000000000000     
  0.89600000000000002        0.0000000000000000     
  0.89800000000000002        0.0000000000000000     
  0.90000000000000002        0.0000000000000000     
  0.90200000000000002        0.0000000000000000     
  0.90400000000000003        0.0000000000000000     
  0.90600000000000003        0.0000000000000000     
  0.90800000000000003        0.0000000000000000     
  0.91000000000000003        0.0000000000000000     
  0.91200000000000003        0.0000000000000000     
  0.91400000000000003        0.0000000000000000     
  0.91600000000000004        0.0000000000000000     
  0.91800000000000004        0.0000000000000000     
  0.92000000000000004        0.0000000000000000     
  0.92200000000000004        0.0000000000000000     
  0.92400000000000004        0.0000000000000000     
  0.92600000000000005        0.0000000000000000     
  0.92800000000000005        0.0000000000000000     
  0.93000000000000005        0.0000000000000000     
  0.93200000000000005        0.0000000000000000     
  0.93400000000000005        0.0000000000000000     
  0.93600000000000005        0.0000000000000000     
  0.93799999999999994        0.0000000000000000     
  0.93999999999999995        0.0000000000000000     
  0.94199999999999995        0.0000000000000000     
  0.94399999999999995        0.0000000000000000     
  0.94599999999999995        0.0000000000000000     
  0.94799999999999995        0.0000000000000000     
  0.94999999999999996       -2.3962307027495626E-005
  0.95199999999999996       -7.3774262342821988E-005
  0.95399999999999996       -2.1536284491613839E-004
  0.95599999999999996       -5.9588095859941211E-004
  0.95799999999999996       -1.5619861569653533E-003
  0.95999999999999996       -3.8770063447488299E-003
  0.96199999999999997       -9.1064355093542406E-003
  0.96399999999999997       -2.0226034355079515E-002
  0.96599999999999997       -4.2441704249989151E-002
  0.96799999999999997       -8.4045368913664140E-002
  0.96999999999999997      -0.15684526681958091     
  0.97199999999999998      -0.27535671720464455     
  0.97399999999999998      -0.45370877004633048     
  0.97599999999999998      -0.69944195602043724     
  0.97799999999999998       -1.0043919347035901     
  0.97999999999999998       -1.3347631691858770     
  0.98199999999999998       -1.6247835068733838     
  0.98399999999999999       -1.7797380864006820     
  0.98599999999999999       -1.6930856307649427     
  0.98799999999999999       -1.2777598243110500     
  0.98999999999999999      -0.50445804844627606     
  0.99199999999999999       0.56717680043300467     
  0.99399999999999999        1.7806945464233392     
  0.99600000000000000        2.9087090398852276     
  0.99800000000000000        3.7099303874931415     
   1.0000000000000000        4.0000000000000000     
   1.0020000000000000        3.7099303874931415     
   1.0040000000000000        2.9087090398852311     
   1.0060000000000000        1.7806945464233435     
   1.0080000000000000       0.56717680043300467     
   1.0100000000000000      -0.50445804844627262     
   1.0120000000000000       -1.2777598243110477     
   1.0140000000000000       -1.6930856307649427     
   1.0160000000000000       -1.7797380864006820     
   1.0180000000000000       -1.6247835068733838     
   1.0200000000000000       -1.3347631691858770     
   1.0220000000000000       -1.0043919347035895     
   1.0240000000000000      -0.69944195602043824     
   1.0260000000000000      -0.45370877004633131     
   1.0280000000000000      -0.27535671720464494     
   1.0300000000000000      -0.15684526681958114     
   1.0320000000000000       -8.4045368913664140E-002
   1.0340000000000000       -4.2441704249989151E-002
   1.0360000000000000       -2.0226034355079515E-002
   1.0380000000000000       -9.1064355093542961E-003
   1.0400000000000000       -3.8770063447488476E-003
   1.0420000000000000       -1.5619861569653557E-003
   1.0440000000000000       -5.9588095859941406E-004
   1.0460000000000000       -2.1536284491613839E-004
   1.0480000000000000       -7.3774262342821988E-005
   1.0500000000000000       -2.3962307027495626E-005
   1.0520000000000000        0.0000000000000000     
   1.0540000000000000        0.0000000000000000     
   1.0560000000000000        0.0000000000000000     
   1.0580000000000001        0.0000000000000000     
   1.0600000000000001        0.0000000000000000     
   1.0620000000000001        0.0000000000000000     
   1.0640000000000001        0.0000000000000000     
   1.0660000000000001        0.0000000000000000     
   1.0680000000000001        0.0000000000000000     
   1.0700000000000001        0.0000000000000000     
   1.0720000000000001        0.0000000000000000     
   1.0740000000000001        0.0000000000000000     
   1.0760000000000001        0.0000000000000000     
   1.0780000000000001        0.0000000000000000     
   1.0800000000000001        0.0000000000000000     
   1.0820000000000001        0.0000000000000000     
   1.0840000000000001        0.0000000000000000     
   1.0860000000000001        0.0000000000000000     
   1.0880000000000001        0.0000000000000000     
   1.0900000000000001        0.0000000000000000     
   1.0920000000000001        0.0000000000000000     
   1.0940000000000001        0.0000000000000000     
   1.0960000000000001        0.0000000000000000     
   1.0980000000000001        0.0000000000000000     
   1.1000000000000001        0.0000000000000000     
   1.1020000000000001        0.0000000000000000     
   1.1040000000000001        0.0000000000000000     
   1.1060000000000001        0.0000000000000000     
   1.1080000000000001        0.0000000000000000     
   1.1100000000000001        0.0000000000000000     
   1.1120000000000001        0.0000000000000000     
   1.1140000000000001        0.0000000000000000     
   1.1160000000000001        0.0000000000000000     
   1.1180000000000001        0.0000000000000000     
   1.1200000000000001        0.0000000000000000     
   1.1220000000000001        0.0000000000000000     
   1.1240000000000001        0.0000000000000000     
   1.1259999999999999        0.0000000000000000     
   1.1279999999999999        0.0000000000000000     
   1.1299999999999999        0.0000000000000000     
   1.1319999999999999        0.0000000000000000     
   1.1339999999999999        0.0000000000000000     
   1.1359999999999999        0.0000000000000000     
   1.1379999999999999        0.0000000000000000     
   1.1399999999999999        0.0000000000000000     
   1.1419999999999999        0.0000000000000000     
   1.1439999999999999        0.0000000000000000     
   1.1459999999999999        0.0000000000000000     
   1.1479999999999999        0.0000000000000000     
   1.1499999999999999        2.3962307027495626E-005
   1.1519999999999999        7.3774262342821988E-005
   1.1539999999999999        2.1536284491613839E-004
   1.1559999999999999        5.9588095859941211E-004
   1.1579999999999999        1.5619861569653533E-003
   1.1599999999999999        3.8770063447488299E-003
   1.1619999999999999        9.1064355093542406E-003
   1.1639999999999999        2.0226034355079515E-002
   1.1659999999999999        4.2441704249989151E-002
   1.1679999999999999        8.4045368913664140E-002
   1.1699999999999999       0.15684526681958091     
   1.1719999999999999       0.27535671720464455     
   1.1739999999999999       0.45370877004633048     
   1.1759999999999999       0.69944195602043724     
   1.1779999999999999        1.0043919347035901     
   1.1799999999999999        1.3347631691858770     
   1.1819999999999999        1.6247835068733838     
   1.1839999999999999        1.7797380864006820     
   1.1859999999999999        1.6930856307649427     
   1.1879999999999999        1.2777598243110500     
   1.1899999999999999       0.50445804844627606     
   1.1919999999999999      -0.56717680043300467     
   1.1940000000000000       -1.7806945464233392     
   1.1960000000000000       -2.9087090398852276     
   1.1980000000000000       -3.7099303874931415     
   1.2000000000000000       -4.0000000000000000     
   1.2020000000000000       -3.7099303874931415     
   1.2040000000000000       -2.9087090398852311     
   1.2060000000000000       -1.7806945464233435     
   1.2080000000000000      -0.56717680043300467     
   1.2100000000000000       0.50445804844627262     
   1.2120000000000000        1.2777598243110477     
   1.2140000000000000        1.6930856307649427     
   1.2160000000000000        1.7797380864006820     
   1.2180000000000000        1.6247835068733838     
   1.2200000000000000        1.3347631691858770     
   1.2220000000000000        1.0043919347035895     
   1.2240000000000000       0.69944195602043824     
   1.2260000000000000       0.45370877004633131     
   1.2280000000000000       0.27535671720464494     
   1.2300000000000000       0.15684526681958114     
   1.2320000000000000        8.4045368913664140E-002
   1.2340000000000000        4.2441704249989151E-002
   1.2360000000000000        2.0226034355079515E-002
   1.2380000000000000        9.1064355093542961E-003
   1.2400000000000000        3.8770063447488476E-003
   1.2420000000000000        1.5619861569653557E-003
   1.2440000000000000        5.9588095859941406E-004
   1.2460000000000000        2.1536284491613839E-004
   1.2480000000000000        7.3774262342821988E-005
   1.2500000000000000        2.3962307027495626E-005
   1.2520000000000000        0.0000000000000000     
   1.2540000000000000        0.0000000000000000     
   1.2560000000000000        0.0000000000000000     
   1.2580000000000000        0.0000000000000000     
   1.2600000000000000        0.0000000000000000     
   1.2620000000000000        0.0000000000000000     
   1.2640000000000000        0.0000000000000000     
   1.2660000000000000        0.0000000000000000     
   1.2680000000000000        0.0000000000000000     
   1.2700000000000000        0.0000000000000000     
   1.2720000000000000        0.0000000000000000     
   1.2740000000000000        0.0000000000000000     
   1.2760000000000000        0.0000000000000000     
   1.2780000000000000        0.0000000000000000     
   1.2800000000000000        0.0000000000000000     
   1.2820000000000000        0.0000000000000000     
   1.2840000000000000        0.0000000000000000     
   1.2860000000000000        0.0000000000000000     
   1.2880000000000000        0.0000000000000000     
   1.2900000000000000        0.0000000000000000     
   1.2920000000000000        0.0000000000000000     
   1.2940000000000000        0.0000000000000000     
   1.2960000000000000        0.0000000000000000     
   1.2980000000000000        0.0000000000000000     
   1.3000000000000000        0.0000000000000000     
   1.3020000000000000        0.0000000000000000     
   1.3040000000000000        0.0000000000000000     
   1.3060000000000000        0.0000000000000000     
   1.3080000000000001        0.0000000000000000     
   1.3100000000000001        0.0000000000000000     
   1.3120000000000001        0.0000000000000000     
   1.3140000000000001        0.0000000000000000     
   1.3160000000000001        0.0000000000000000     
   1.3180000000000001        0.0000000000000000     
   1.3200000000000001        0.0000000000000000     
   1.3220000000000001        0.0000000000000000     
   1.3240000000000001        0.0000000000000000     
   1.3260000000000001        0.0000000000000000     
   1.3280000000000001        0.0000000000000000     
   1.3300000000000001        0.0000000000000000     
   1.3320000000000001        0.0000000000000000     
   1.3340000000000001        0.0000000000000000     
   1.3360000000000001        0.0000000000000000     
   1.3380000000000001        0.0000000000000000     
   1.3400000000000001        0.0000000000000000     
   1.3420000000000001        0.0000000000000000     
   1.3440000000000001        0.0000000000000000     
   1.3460000000000001        0.0000000000000000     
   1.3480000000000001        0.0000000000000000     
   1.3500000000000001        5.9905767568739066E-006
   1.3520000000000001        1.8443565585705497E-005
   1.3540000000000001        5.3840711229034596E-005
   1.3560000000000001        1.4897023964985303E-004
   1.3580000000000001        3.9049653924133832E-004
   1.3600000000000001        9.6925158618720746E-004
   1.3620000000000001        2.2766088773385602E-003
   1.3640000000000001        5.0565085887698787E-003
   1.3660000000000001        1.0610426062497288E-002
   1.3680000000000001        2.1011342228416035E-002
   1.3700000000000001        3.9211316704895229E-002
   1.3720000000000001        6.8839179301161138E-002
   1.3740000000000001       0.11342719251158262     
   1.3759999999999999       0.17486048900510931     
   1.3779999999999999       0.25109798367589753     
   1.3799999999999999       0.33369079229646925     
   1.3819999999999999       0.40619587671834595     
   1.3839999999999999       0.44493452160017050     
   1.3859999999999999       0.42327140769123567     
   1.3879999999999999       0.31943995607776249     
   1.3899999999999999       0.12611451211156902     
   1.3919999999999999      -0.14179420010825117     
   1.3939999999999999      -0.44517363660583481     
   1.3959999999999999      -0.72717725997130689     
   1.3979999999999999      -0.92748259687328538     
   1.3999999999999999       -1.0000000000000000     
   1.4019999999999999      -0.92748259687328538     
   1.4039999999999999      -0.72717725997130778     
   1.4059999999999999      -0.44517363660583587     
   1.4079999999999999      -0.14179420010825117     
   1.4099999999999999       0.12611451211156816     
   1.4119999999999999       0.31943995607776193     
   1.4139999999999999       0.42327140769123567     
   1.4159999999999999       0.44493452160017050     
   1.4179999999999999       0.40619587671834595     
   1.4199999999999999       0.33369079229646925     
   1.4219999999999999       0.25109798367589736     
   1.4239999999999999       0.17486048900510956     
   1.4259999999999999       0.11342719251158283     
   1.4279999999999999        6.8839179301161235E-002
   1.4299999999999999        3.9211316704895284E-002
   1.4319999999999999        2.1011342228416035E-002
   1.4339999999999999        1.0610426062497288E-002
   1.4359999999999999        5.0565085887698787E-003
   1.4379999999999999        2.2766088773385740E-003
   1.4399999999999999        9.6925158618721191E-004
   1.4419999999999999        3.9049653924133892E-004
   1.4440000000000000        1.4897023964985352E-004
   1.4460000000000000        5.3840711229034596E-005
   1.4480000000000000        1.8443565585705497E-005
   1.4500000000000000        5.9905767568739066E-006
   1.4520000000000000        0.0000000000000000     
   1.4540000000000000        0.0000000000000000     
   1.4560000000000000        0.0000000000000000     
   1.4580000000000000        0.0000000000000000     
   1.4600000000000000        0.0000000000000000     
   1.4620000000000000        0.0000000000000000     
   1.4640000000000000        0.0000000000000000     
   1.4660000000000000        0.0000000000000000     
   1.4680000000000000        0.0000000000000000     
   1.4700000000000000        0.0000000000000000     
   1.4720000000000000        0.0000000000000000     
   1.4740000000000000        0.0000000000000000     
   1.4760000000000000        0.0000000000000000     
   1.4780000000000000        0.0000000000000000     
   1.4800000000000000        0.0000000000000000     
   1.4820000000000000        0.0000000000000000     
   1.4840000000000000        0.0000000000000000     
   1.4860000000000000        0.0000000000000000     
   1.4880000000000000        0.0000000000000000     
   1.4900000000000000        0.0000000000000000     
   1.4920000000000000        0.0000000000000000     
   1.4940000000000000        0.0000000000000000     
   1.4960000000000000        0.0000000000000000     
   1.4980000000000000        0.0000000000000000     
   1.5000000000000000        0.0000000000000000     
   1.5020000000000000        0.0000000000000000     
   1.5040000000000000        0.0000000000000000     
   1.5060000000000000        0.0000000000000000     
   1.5080000000000000        0.0000000000000000     
   1.5100000000000000        0.0000000000000000     
   1.5120000000000000        0.0000000000000000     
   1.5140000000000000        0.0000000000000000     
   1.5160000000000000        0.0000000000000000     
   1.5180000000000000        0.0000000000000000     
   1.5200000000000000        0.0000000000000000     
   1.5220000000000000        0.0000000000000000     
   1.5240000000000000        0.0000000000000000     
   1.5260000000000000        0.0000000000000000     
   1.5280000000000000        0.0000000000000000     
   1.5300000000000000        0.0000000000000000     
   1.5320000000000000        0.0000000000000000     
   1.5340000000000000        0.0000000000000000     
   1.5360000000000000        0.0000000000000000     
   1.5380000000000000        0.0000000000000000     
   1.5400000000000000        0.0000000000000000     
   1.5420000000000000        0.0000000000000000     
   1.5440000000000000        0.0000000000000000     
   1.5460000000000000        0.0000000000000000     
   1.5480000000000000        0.0000000000000000     
   1.5500000000000000        0.0000000000000000     
   1.5520000000000000        0.0000000000000000     
   1.5540000000000000        0.0000000000000000     
   1.5560000000000000        0.0000000000000000     
   1.5580000000000001        0.0000000000000000     
   1.5600000000000001        0.0000000000000000     
   1.5620000000000001        0.0000000000000000     
   1.5640000000000001        0.0000000000000000     
   1.5660000000000001        0.0000000000000000     
   1.5680000000000001        0.0000000000000000     
   1.5700000000000001        0.0000000000000000     
   1.5720000000000001        0.0000000000000000     
   1.5740000000000001        0.0000000000000000     
   1.5760000000000001        0.0000000000000000     
   1.5780000000000001        0.0000000000000000     
   1.5800000000000001        0.0000000000000000     
   1.5820000000000001        0.0000000000000000     
   1.5840000000000001        0.0000000000000000     
   1.5860000000000001        0.0000000000000000     
   1.5880000000000001        0.0000000000000000     
   1.5900000000000001        0.0000000000000000     
   1.5920000000000001        0.0000000000000000     
   1.5940000000000001        0.0000000000000000     
   1.5960000000000001        0.0000000000000000     
   1.5980000000000001        0.0000000000000000     
   1.6000000000000001        0.0000000000000000     
   1.6020000000000001        0.0000000000000000     
   1.6040000000000001        0.0000000000000000     
   1.6060000000000001        0.0000000000000000     
   1.6080000000000001        0.0000000000000000     
   1.6100000000000001        0.0000000000000000     
   1.6120000000000001        0.0000000000000000     
   1.6140000000000001        0.0000000000000000     
   1.6160000000000001        0.0000000000000000     
   1.6180000000000001        0.0000000000000000     
   1.6200000000000001        0.0000000000000000     
   1.6220000000000001        0.0000000000000000     
   1.6240000000000001        0.0000000000000000     
   1.6259999999999999        0.0000000000000000     
   1.6279999999999999        0.0000000000000000     
   1.6299999999999999        0.0000000000000000     
   1.6319999999999999        0.0000000000000000     
   1.6339999999999999        0.0000000000000000     
   1.6359999999999999        0.0000000000000000     
   1.6379999999999999        0.0000000000000000     
   1.6399999999999999        0.0000000000000000     
   1.6419999999999999        0.0000000000000000     
   1.6439999999999999        0.0000000000000000     
   1.6459999999999999        0.0000000000000000     
   1.6479999999999999        0.0000000000000000     
   1.6499999999999999        0.0000000000000000     
   1.6519999999999999        0.0000000000000000     
   1.6539999999999999        0.0000000000000000     
   1.6559999999999999        0.0000000000000000     
   1.6579999999999999        0.0000000000000000     
   1.6599999999999999        0.0000000000000000     
   1.6619999999999999        0.0000000000000000     
   1.6639999999999999        0.0000000000000000     
   1.6659999999999999        0.0000000000000000     
   1.6679999999999999        0.0000000000000000     
   1.6699999999999999        0.0000000000000000     
   1.6719999999999999        0.0000000000000000     
   1.6739999999999999        0.0000000000000000     
   1.6759999999999999        0.0000000000000000     
   1.6779999999999999        0.0000000000000000     
   1.6799999999999999        0.0000000000000000     
   1.6819999999999999        0.0000000000000000     
   1.6839999999999999        0.0000000000000000     
   1.6859999999999999        0.0000000000000000     
   1.6879999999999999        0.0000000000000000     
   1.6899999999999999        0.0000000000000000     
   1.6919999999999999        0.0000000000000000     
   1.6940000000000000        0.0000000000000000     
   1.6960000000000000        0.0000000000000000     
   1.6980000000000000        0.0000000000000000     
   1.7000000000000000        0.0000000000000000     
   1.7020000000000000        0.0000000000000000     
   1.7040000000000000        0.0000000000000000     
   1.7060000000000000        0.0000000000000000     
   1.7080000000000000        0.0000000000000000     
   1.7100000000000000        0.0000000000000000     
   1.7120000000000000        0.0000000000000000     
   1.7140000000000000        0.0000000000000000     
   1.7160000000000000        0.0000000000000000     
   1.7180000000000000        0.0000000000000000     
   1.7200000000000000        0.0000000000000000     
   1.7220000000000000        0.0000000000000000     
   1.7240000000000000        0.0000000000000000     
   1.7260000000000000        0.0000000000000000     
   1.7280000000000000        0.0000000000000000     
   1.7300000000000000        0.0000000000000000     
   1.7320000000000000        0.0000000000000000     
   1.7340000000000000        0.0000000000000000     
   1.7360000000000000        0.0000000000000000     
   1.7380000000000000        0.0000000000000000     
   1.7400000000000000        0.0000000000000000     
   1.7420000000000000        0.0000000000000000     
   1.7440000000000000        0.0000000000000000     
   1.7460000000000000        0.0000000000000000     
   1.7480000000000000        0.0000000000000000     
   1.7500000000000000       -5.9905767568739066E-006
   1.7520000000000000       -1.8443565585705497E-005
   1.7540000000000000       -5.3840711229034596E-005
   1.7560000000000000       -1.4897023964985303E-004
   1.7580000000000000       -3.9049653924133832E-004
   1.7600000000000000       -9.6925158618720746E-004
   1.7620000000000000       -2.2766088773385602E-003
   1.7640000000000000       -5.0565085887698787E-003
   1.7660000000000000       -1.0610426062497288E-002
   1.7680000000000000       -2.1011342228416035E-002
   1.7700000000000000       -3.9211316704895229E-002
   1.7720000000000000       -6.8839179301161138E-002
   1.7740000000000000      -0.11342719251158262     
   1.7760000000000000      -0.17486048900510931     
   1.7780000000000000      -0.25109798367589753     
   1.7800000000000000      -0.33369079229646925     
   1.7820000000000000      -0.40619587671834595     
   1.7840000000000000      -0.44493452160017050     
   1.7860000000000000      -0.42327140769123567     
   1.7880000000000000      -0.31943995607776249     
   1.7900000000000000      -0.12611451211156902     
   1.7920000000000000       0.14179420010825117     
   1.7940000000000000       0.44517363660583481     
   1.7960000000000000       0.72717725997130689     
   1.7980000000000000       0.92748259687328538     
   1.8000000000000000        1.0000000000000000     
   1.8020000000000000       0.92748259687328538     
   1.8040000000000000       0.72717725997130778     
   1.8060000000000000       0.44517363660583587     
   1.8080000000000001       0.14179420010825117     
   1.8100000000000001      -0.12611451211156816     
   1.8120000000000001      -0.31943995607776193     
   1.8140000000000001      -0.42327140769123567     
   1.8160000000000001      -0.44493452160017050     
   1.8180000000000001      -0.40619587671834595     
   1.8200000000000001      -0.33369079229646925     
   1.8220000000000001      -0.25109798367589736     
   1.8240000000000001      -0.17486048900510956     
   1.8260000000000001      -0.11342719251158283     
   1.8280000000000001       -6.8839179301161235E-002
   1.8300000000000001       -3.9211316704895284E-002
   1.8320000000000001       -2.1011342228416035E-002
   1.8340000000000001       -1.0610426062497288E-002
   1.8360000000000001       -5.0565085887698787E-003
   1.8380000000000001       -2.2766088773385740E-003
   1.8400000000000001       -9.6925158618721191E-004
   1.8420000000000001       -3.9049653924133892E-004
   1.8440000000000001       -1.4897023964985352E-004
   1.8460000000000001       -5.3840711229034596E-005
   1.8480000000000001       -1.8443565585705497E-005
   1.8500000000000001       -5.9905767568739066E-006
   1.8520000000000001        0.0000000000000000     
   1.8540000000000001        0.0000000000000000     
   1.8560000000000001        0.0000000000000000     
   1.8580000000000001        0.0000000000000000     
   1.8600000000000001        0.0000000000000000     
   1.8620000000000001        0.0000000000000000     
   1.8640000000000001        0.0000000000000000     
   1.8660000000000001        0.0000000000000000     
   1.8680000000000001        0.0000000000000000     
   1.8700000000000001        0.0000000000000000     
   1.8720000000000001        0.0000000000000000     
   1.8740000000000001        0.0000000000000000     
   1.8759999999999999        0.0000000000000000     
   1.8779999999999999        0.0000000000000000     
   1.8799999999999999        0.0000000000000000     
   1.8819999999999999        0.0000000000000000     
   1.8839999999999999        0.0000000000000000     
   1.8859999999999999        0.0000000000000000     
   1.8879999999999999        0.0000000000000000     
   1.8899999999999999        0.0000000000000000     
   1.8919999999999999        0.0000000000000000     
   1.8939999999999999        0.0000000000000000     
   1.8959999999999999        0.0000000000000000     
   1.8979999999999999        0.0000000000000000     
   1.8999999999999999        0.0000000000000000     
   1.9019999999999999        0.0000000000000000     
   1.9039999999999999        0.0000000000000000     
   1.9059999999999999        0.0000000000000000     
   1.9079999999999999        0.0000000000000000     
   1.9099999999999999        0.0000000000000000     
   1.9119999999999999        0.0000000000000000     
   1.9139999999999999        0.0000000000000000     
   1.9159999999999999        0.0000000000000000     
   1.9179999999999999        0.0000000000000000     
   1.9199999999999999        0.0000000000000000     
   1.9219999999999999        0.0000000000000000     
   1.9239999999999999        0.0000000000000000     
   1.9259999999999999        0.0000000000000000     
   1.9279999999999999        0.0000000000000000     
   1.9299999999999999        0.0000000000000000     
   1.9319999999999999        0.0000000000000000     
   1.9339999999999999        0.0000000000000000     
   1.9359999999999999        0.0000000000000000     
   1.9379999999999999        0.0000000000000000     
   1.9399999999999999        0.0000000000000000     
   1.9419999999999999        0.0000000000000000     
   1.9440000000000000        0.0000000000000000     
   1.9460000000000000        0.0000000000000000     
   1.9480000000000000        0.0000000000000000     
   1.9500000000000000        0.0000000000000000     
   1.9520000000000000        0.0000000000000000     
   1.9540000000000000        0.0000000000000000     
   1.9560000000000000        0.0000000000000000     
   1.9580000000000000        0.0000000000000000     
   1.9600000000000000        0.0000000000000000     
   1.9620000000000000        0.0000000000000000     
   1.9640000000000000        0.0000000000000000     
   1.9660000000000000        0.0000000000000000     
   1.9680000000000000        0.0000000000000000     
   1.9700000000000000        0.0000000000000000     
   1.9720000000000000        0.0000000000000000     
   1.9740000000000000        0.0000000000000000     
   1.9760000000000000        0.0000000000000000     
   1.9780000000000000        0.0000000000000000     
   1.9800000000000000        0.0000000000000000     
   1.9820000000000000        0.0000000000000000     
   1.9840000000000000        0.0000000000000000     
   1.9860000000000000        0.0000000000000000     
   1.9880000000000000        0.0000000000000000     
   1.9900000000000000        0.0000000000000000     
   1.9920000000000000        0.0000000000000000     
   1.9940000000000000        0.0000000000000000     
   1.9960000000000000        0.0000000000000000     
   1.9980000000000000        0.0000000000000000     
   2.0000000000000000        0.0000000000000000     
