           1   8.0433637777615701     
           2   8.0433637777615701     
           3   8.0433637777615701     
           4   5.6899623297615758     
           5   5.6899623297615758     
           6   5.6899623297615758     
           7   5.6899623297615758     
           8   5.6899623297615758     
           9   5.6899623297615758     
          10   3.6633637777615693     
          11  0.51176755276574504     
          12  0.51176755276574504     
          13  0.51176755276574504     
          14  0.51176755276574504     
          15  0.51176755276574504     
          16  0.51176755276574504     
          17  0.51176755276574504     
          18  0.51176755276574504     
          19  0.51176755276574504     
          20  0.51176755276574504     
          21  0.51176755276574504     
          22  0.51176755276574504     
          23  0.51176755276574504     
          24  0.51176755276574504     
          25  0.51176755276574504     
          26  0.51176755276574504     
          27  0.51176755276574504     
          28  0.51176755276574504     
          29  0.51176755276574504     
          30  0.51176755276574504     
          31  0.51176755276574504     
          32  0.51176755276574504     
          33  0.19786020843039864     
          34  0.19786020843039864     
          35  0.19786020843039864     
          36  0.19786020843039864     
          37  0.19786020843039864     
          38  0.19786020843039864     
          39  0.19786020843039864     
          40  0.19786020843039864     
          41  0.19786020843039864     
          42  0.19786020843039864     
          43  0.19786020843039864     
          44  0.19786020843039864     
          45  0.19786020843039864     
          46  0.19786020843039864     
          47  0.19786020843039864     
          48  0.19786020843039864     
          49  0.19786020843039864     
          50  0.19786020843039864     
          51  0.19786020843039864     
          52  0.19786020843039864     
          53  0.19786020843039864     
          54  0.19786020843039864     
          55  0.19786020843039864     
          56  0.19786020843039864     
          57  0.19786020843039864     
          58  0.19786020843039864     
          59  0.19786020843039864     
          60  0.19786020843039864     
          61  0.19786020843039864     
          62  0.19786020843039864     
          63  0.19786020843039864     
          64  0.19786020843039864     
          65  0.19786020843039864     
          66  0.19786020843039864     
          67  0.19786020843039864     
          68  0.19786020843039864     
          69  0.19786020843039864     
          70  0.19786020843039864     
          71  0.19786020843039864     
          72  0.19786020843039864     
          73  0.19786020843039864     
          74  0.19786020843039864     
          75  0.19786020843039864     
          76  0.19786020843039864     
          77  0.19786020843039864     
          78  0.19786020843039864     
          79  0.19786020843039864     
          80  0.19786020843039864     
          81  0.19786020843039864     
          82  0.19786020843039864     
          83  0.19786020843039864     
          84  0.19786020843039864     
          85  0.19786020843039864     
          86  0.19786020843039864     
          87  0.19786020843039864     
          88  0.19786020843039864     
          89  0.19786020843039864     
          90  0.19786020843039864     
          91  0.19786020843039864     
          92  0.19786020843039864     
          93  0.19786020843039864     
          94  0.19786020843039864     
          95  0.19786020843039864     
          96  0.19786020843039864     
          97  0.19786020843039864     
          98  0.19786020843039864     
          99  0.19786020843039864     
         100  0.19786020843039864     
         101  0.19786020843039864     
         102  0.19786020843039864     
         103  0.19786020843039864     
         104  0.19786020843039864     
         105  0.19786020843039864     
         106  0.19786020843039864     
         107  0.19786020843039864     
         108  0.19786020843039864     
         109  0.19786020843039864     
         110  0.19786020843039864     
         111  0.19786020843039864     
         112  0.19786020843039864     
         113  0.19786020843039864     
         114  0.19786020843039864     
         115  0.19786020843039864     
         116  0.19786020843039864     
         117  0.19786020843039864     
         118  0.19786020843039864     
         119  0.19786020843039864     
         120  0.19786020843039864     
         121  0.19786020843039864     
         122  0.19786020843039864     
         123  0.19786020843039864     
         124  0.19786020843039864     
         125  0.19786020843039864     
         126  0.19786020843039864     
         127   1.9832715717283733E-002
         128   1.9832715717283733E-002
         129   1.9832715717283733E-002
         130   1.9832715717283733E-002
         131   1.9832715717283733E-002
         132   1.9832715717283733E-002
         133   1.9832715717283733E-002
         134   1.9832715717283733E-002
         135   1.9832715717283733E-002
         136   1.9832715717283733E-002
         137   1.9832715717283733E-002
         138   1.9832715717283733E-002
         139   1.9832715717283733E-002
         140   1.9832715717283733E-002
         141   1.9832715717283733E-002
         142   1.9832715717283733E-002
         143   1.9832715717283733E-002
         144   1.9832715717283733E-002
         145   1.9832715717283733E-002
         146   1.9832715717283733E-002
         147   1.9832715717283733E-002
         148   1.9832715717283733E-002
         149   1.9832715717283733E-002
         150   1.9832715717283733E-002
         151   0.0000000000000000     
