           1   20.472045775995923     
           2   16.377162106460581     
           3   4.7204821144995837     
           4   4.7204821144995837     
           5   4.7204821144995837     
           6   4.7204821144995837     
           7   3.6205891336935379     
           8   3.6205891336935379     
           9   3.6205891336935379     
          10   1.9416035298311680     
          11   1.9416035298311680     
          12   1.9416035298311680     
          13   1.9416035298311680     
          14   1.9416035298311680     
          15   1.9416035298311680     
          16   1.9416035298311680     
          17   1.9416035298311680     
          18   1.9416035298311680     
          19   1.9416035298311680     
          20   1.9416035298311680     
          21   1.9416035298311680     
          22   1.9416035298311680     
          23   1.9416035298311680     
          24   1.9416035298311680     
          25   1.9416035298311680     
          26   1.9416035298311680     
          27   1.9416035298311680     
          28   1.9416035298311680     
          29   1.9416035298311680     
          30   1.9416035298311680     
          31   1.9416035298311680     
          32   1.9416035298311680     
          33   1.9416035298311680     
          34   1.9416035298311680     
          35   1.9416035298311680     
          36   1.9416035298311680     
          37   1.9416035298311680     
          38   1.9416035298311680     
          39   1.9416035298311680     
          40   1.9416035298311680     
          41   1.9416035298311680     
          42   1.9416035298311680     
          43   1.9416035298311680     
          44   1.9416035298311680     
          45   1.9416035298311680     
          46   1.9416035298311680     
          47   1.9416035298311680     
          48   1.9416035298311680     
          49   1.9416035298311680     
          50   1.9416035298311680     
          51   1.9416035298311680     
          52   1.9416035298311680     
          53   1.9416035298311680     
          54   1.9416035298311680     
          55   1.9416035298311680     
          56   1.9416035298311680     
          57   1.9416035298311680     
          58   1.9416035298311680     
          59   1.9416035298311680     
          60   1.9416035298311680     
          61   1.9416035298311680     
          62   1.9416035298311680     
          63   1.9416035298311680     
          64   1.9416035298311680     
          65   1.9416035298311680     
          66   1.9416035298311680     
          67   1.9416035298311680     
          68   1.9416035298311680     
          69   1.9416035298311680     
          70   1.9416035298311680     
          71   1.4919348370484613     
          72   1.4919348370484613     
          73   1.4919348370484613     
          74   1.4919348370484613     
          75   1.4919348370484613     
          76   1.4919348370484613     
          77   1.4919348370484613     
          78   1.4919348370484613     
          79   1.4919348370484613     
          80   1.4919348370484613     
          81   1.4919348370484613     
          82   1.4919348370484613     
          83   1.4919348370484613     
          84   1.4919348370484613     
          85   1.4919348370484613     
          86   1.4919348370484613     
          87   1.4919348370484613     
          88   1.4919348370484613     
          89   1.4919348370484613     
          90   1.4919348370484613     
          91   1.4919348370484613     
          92   1.4919348370484613     
          93   1.4919348370484613     
          94   1.4919348370484613     
          95   1.2960549854262293     
          96   1.2960549854262293     
          97   1.2960549854262293     
          98   1.2960549854262293     
          99   1.2960549854262293     
         100   1.2960549854262293     
         101   1.2960549854262293     
         102   1.2960549854262293     
         103   1.2960549854262293     
         104   1.2960549854262293     
         105   1.2960549854262293     
         106   1.2172804795683358     
         107   1.2172804795683358     
         108   1.2172804795683358     
         109   1.2172804795683358     
         110   1.2172804795683358     
         111   1.2172804795683358     
         112   1.2172804795683358     
         113   1.2172804795683358     
         114   1.2172804795683358     
         115   1.2172804795683358     
         116   1.2172804795683358     
         117   1.2172804795683358     
         118   1.2172804795683358     
         119   1.2172804795683358     
         120   1.2172804795683358     
         121   1.2172804795683358     
         122   1.2172804795683358     
         123   1.2172804795683358     
         124   1.2172804795683358     
         125   1.2172804795683358     
         126   1.2172804795683358     
         127   1.2172804795683358     
         128   1.2172804795683358     
         129   1.2172804795683358     
         130   1.2172804795683358     
         131   1.2172804795683358     
         132   1.2172804795683358     
         133   1.2172804795683358     
         134   1.2172804795683358     
         135   1.2172804795683358     
         136   1.2172804795683358     
         137   1.2172804795683358     
         138   1.2172804795683358     
         139   1.2172804795683358     
         140   1.2172804795683358     
         141   1.2172804795683358     
         142   1.2172804795683358     
         143   1.2172804795683358     
         144   1.2172804795683358     
         145   1.2172804795683358     
         146   1.2172804795683358     
         147   1.2172804795683358     
         148   1.2172804795683358     
         149   1.2172804795683358     
         150   1.2172804795683358     
         151   1.2172804795683358     
         152   1.2172804795683358     
         153   1.2172804795683358     
         154   1.2172804795683358     
         155   1.2172804795683358     
         156   1.2172804795683358     
         157   1.2172804795683358     
         158   1.1190857025725016     
         159   1.1190857025725016     
         160   1.1190857025725016     
         161   1.1190857025725016     
         162   1.1190857025725016     
         163   1.1190857025725016     
         164   1.1190857025725016     
         165   1.1190857025725016     
         166   1.1190857025725016     
         167   1.1190857025725016     
         168   1.1190857025725016     
         169   1.1190857025725016     
         170   1.1190857025725016     
         171   1.1190857025725016     
         172   1.1190857025725016     
         173   1.1190857025725016     
         174   1.1190857025725016     
         175   1.1190857025725016     
         176   1.1190857025725016     
         177   1.1190857025725016     
         178   1.1190857025725016     
         179   1.1190857025725016     
         180   1.1190857025725016     
         181   1.1190857025725016     
         182   1.1190857025725016     
         183   1.1190857025725016     
         184   1.1190857025725016     
         185   1.1190857025725016     
         186   1.1190857025725016     
         187   1.1190857025725016     
         188   1.1190857025725016     
         189   1.1190857025725016     
         190   1.1190857025725016     
         191   1.1190857025725016     
         192   1.1190857025725016     
         193   1.1190857025725016     
         194   1.1190857025725016     
         195   1.1190857025725016     
         196   1.1190857025725016     
         197   1.1190857025725016     
         198   1.1190857025725016     
         199   1.1190857025725016     
         200   1.1190857025725016     
         201   1.1190857025725016     
         202   1.1190857025725016     
         203   1.1190857025725016     
         204   1.1190857025725016     
         205   1.1190857025725016     
         206   1.1190857025725016     
         207   1.1190857025725016     
         208   1.1190857025725016     
         209   1.1190857025725016     
         210   1.1190857025725016     
         211   1.1190857025725016     
         212   1.1190857025725016     
         213   1.1190857025725016     
         214   1.1190857025725016     
         215   1.1190857025725016     
         216   1.1190857025725016     
         217   1.1190857025725016     
         218   1.1190857025725016     
         219   1.1190857025725016     
         220   1.1190857025725016     
         221   1.1190857025725016     
         222   1.1190857025725016     
         223   1.1190857025725016     
         224   1.1190857025725016     
         225   1.1190857025725016     
         226   1.1190857025725016     
         227   1.1190857025725016     
         228   1.1190857025725016     
         229   1.1190857025725016     
         230   1.1190857025725016     
         231   1.1190857025725016     
         232   1.1190857025725016     
         233   1.1190857025725016     
         234   1.1190857025725016     
         235   1.1190857025725016     
         236   1.1190857025725016     
         237   1.1190857025725016     
         238   1.1190857025725016     
         239   1.1190857025725016     
         240   1.1190857025725016     
         241   1.1190857025725016     
         242   1.1190857025725016     
         243   1.1190857025725016     
         244   1.1190857025725016     
         245   1.1190857025725016     
         246   1.1190857025725016     
         247   1.1190857025725016     
         248   1.1190857025725016     
         249   1.1190857025725016     
         250   1.1190857025725016     
         251   1.1190857025725016     
         252   1.1190857025725016     
         253   1.1190857025725016     
         254   1.1190857025725016     
         255   1.1190857025725016     
         256   1.1190857025725016     
         257   1.1190857025725016     
         258   1.1190857025725016     
         259   1.1190857025725016     
         260   1.1190857025725016     
         261   1.1190857025725016     
         262   1.1190857025725016     
         263   1.1190857025725016     
         264   1.1190857025725016     
         265   1.1190857025725016     
         266   1.1190857025725016     
         267   1.1190857025725016     
         268   1.1190857025725016     
         269   1.1190857025725016     
         270   1.1190857025725016     
         271   1.1190857025725016     
         272   1.1190857025725016     
         273   1.1190857025725016     
         274   1.1190857025725016     
         275   1.1190857025725016     
         276   1.1190857025725016     
         277   1.1190857025725016     
         278   1.1190857025725016     
         279   1.1190857025725016     
         280   1.1190857025725016     
         281   1.1190857025725016     
         282   1.1190857025725016     
         283   1.1190857025725016     
         284   1.1190857025725016     
         285   1.1190857025725016     
         286   1.1190857025725016     
         287   1.1190857025725016     
         288   1.1190857025725016     
         289   1.1190857025725016     
         290   1.1190857025725016     
         291   1.1190857025725016     
         292   1.1190857025725016     
         293   1.1190857025725016     
         294   1.1190857025725016     
         295   1.1190857025725016     
         296   1.1190857025725016     
         297   1.1190857025725016     
         298   1.1190857025725016     
         299   1.1190857025725016     
         300   1.1190857025725016     
         301   1.1190857025725016     
         302   1.1190857025725016     
         303   1.1190857025725016     
         304   1.1190857025725016     
         305   1.1190857025725016     
         306   1.1190857025725016     
         307   1.1190857025725016     
         308   1.1190857025725016     
         309   1.1190857025725016     
         310   1.1190857025725016     
         311   1.1190857025725016     
         312   1.1190857025725016     
         313   1.1190857025725016     
         314   1.1190857025725016     
         315   1.1190857025725016     
         316   1.1190857025725016     
         317   1.1190857025725016     
         318   1.1190857025725016     
         319   1.1190857025725016     
         320   1.1190857025725016     
         321   1.1190857025725016     
         322   1.1190857025725016     
         323   1.1190857025725016     
         324   1.1190857025725016     
         325   1.1190857025725016     
         326   1.1190857025725016     
         327   1.1190857025725016     
         328   1.1190857025725016     
         329   1.1190857025725016     
         330   1.1190857025725016     
         331   1.1190857025725016     
         332   1.1190857025725016     
         333   1.1190857025725016     
         334   1.1190857025725016     
         335   1.1190857025725016     
         336   1.1190857025725016     
         337   1.1190857025725016     
         338   1.1190857025725016     
         339   1.1190857025725016     
         340   1.1190857025725016     
         341   1.1190857025725016     
         342   1.1190857025725016     
         343   1.1190857025725016     
         344   1.1190857025725016     
         345   1.1190857025725016     
         346   1.1190857025725016     
         347   1.1190857025725016     
         348   1.1190857025725016     
         349   1.1190857025725016     
         350   1.1190857025725016     
         351   1.1190857025725016     
         352   1.1190857025725016     
         353   1.1190857025725016     
         354   1.1190857025725016     
         355   1.1190857025725016     
         356   1.1190857025725016     
         357   1.1190857025725016     
         358   1.1190857025725016     
         359   1.1190857025725016     
         360   1.1190857025725016     
         361   1.1190857025725016     
         362   1.1190857025725016     
         363   1.1190857025725016     
         364   1.1190857025725016     
         365   1.1190857025725016     
         366   1.1190857025725016     
         367   1.1190857025725016     
         368   1.1190857025725016     
         369   1.1190857025725016     
         370   1.1190857025725016     
         371   1.1190857025725016     
         372   1.1190857025725016     
         373   1.1190857025725016     
         374   1.1190857025725016     
         375   1.1190857025725016     
         376   1.1190857025725016     
         377   1.1190857025725016     
         378   1.1190857025725016     
         379   1.1190857025725016     
         380   1.1190857025725016     
         381   1.1190857025725016     
         382   1.1190857025725016     
         383   1.1190857025725016     
         384   1.1190857025725016     
         385   1.1190857025725016     
         386   1.1190857025725016     
         387   1.1190857025725016     
         388   1.1190857025725016     
         389   1.1190857025725016     
         390   1.1190857025725016     
         391   1.1190857025725016     
         392   1.1190857025725016     
         393   1.1190857025725016     
         394   1.1190857025725016     
         395   1.1190857025725016     
         396   1.1190857025725016     
         397   1.1190857025725016     
         398   1.1190857025725016     
         399   1.1190857025725016     
         400   1.1190857025725016     
         401   1.1190857025725016     
         402   1.1190857025725016     
         403   1.1190857025725016     
         404   1.1190857025725016     
         405   1.1190857025725016     
         406   1.1190857025725016     
         407   1.1190857025725016     
         408   1.1190857025725016     
         409   1.1190857025725016     
         410   1.1190857025725016     
         411   1.1190857025725016     
         412   1.1190857025725016     
         413   1.1190857025725016     
         414   1.1190857025725016     
         415   1.1190857025725016     
         416   1.1190857025725016     
         417   1.1190857025725016     
         418   1.1190857025725016     
         419   1.1190857025725016     
         420   1.1190857025725016     
         421   1.1190857025725016     
         422   1.1190857025725016     
         423   1.1190857025725016     
         424   1.1190857025725016     
         425   1.1190857025725016     
         426   1.1190857025725016     
         427   1.1190857025725016     
         428   1.1190857025725016     
         429   1.1190857025725016     
         430   1.1190857025725016     
         431   1.1190857025725016     
         432   1.1190857025725016     
         433   1.1190857025725016     
         434   1.1190857025725016     
         435   1.1190857025725016     
         436   1.1190857025725016     
         437   1.1190857025725016     
         438   1.1190857025725016     
         439   1.1190857025725016     
         440   1.1190857025725016     
         441   1.1190857025725016     
         442   1.1190857025725016     
         443   1.1190857025725016     
         444   1.1190857025725016     
         445   1.1190857025725016     
         446   1.1190857025725016     
         447   1.1190857025725016     
         448   1.1190857025725016     
         449   1.1190857025725016     
         450   1.1190857025725016     
         451   1.1190857025725016     
         452   1.1190857025725016     
         453   1.1190857025725016     
         454   1.1190857025725016     
         455   1.1190857025725016     
         456   1.1190857025725016     
         457   1.1190857025725016     
         458   1.1190857025725016     
         459   1.1190857025725016     
         460   1.1190857025725016     
         461   1.1190857025725016     
         462   1.1190857025725016     
         463   1.1190857025725016     
         464   1.1190857025725016     
         465   1.1190857025725016     
         466   1.1190857025725016     
         467   1.1190857025725016     
         468   1.1190857025725016     
         469   1.1190857025725016     
         470   1.1190857025725016     
         471   1.1190857025725016     
         472   1.1190857025725016     
         473   1.1190857025725016     
         474   1.1190857025725016     
         475   1.1190857025725016     
         476   1.1190857025725016     
         477   1.1190857025725016     
         478  0.99983271571728416     
         479  0.99983271571728416     
         480  0.99983271571728416     
         481  0.99983271571728416     
         482  0.99983271571728416     
         483  0.99983271571728416     
         484  0.99983271571728416     
         485  0.99983271571728416     
         486  0.99983271571728416     
         487  0.99983271571728416     
         488  0.99983271571728416     
         489  0.99983271571728416     
         490  0.99983271571728416     
         491  0.99983271571728416     
         492  0.99983271571728416     
         493  0.99983271571728416     
         494  0.99983271571728416     
         495  0.99983271571728416     
         496  0.99983271571728416     
         497  0.99983271571728416     
         498  0.99983271571728416     
         499  0.99983271571728416     
         500  0.99983271571728416     
         501  0.99983271571728416     
         502  0.99983271571728416     
         503  0.99983271571728416     
         504  0.99983271571728416     
         505  0.99983271571728416     
         506  0.99983271571728416     
         507  0.99983271571728416     
         508  0.99983271571728416     
         509  0.99983271571728416     
         510  0.99983271571728416     
         511  0.99983271571728416     
         512  0.99983271571728416     
         513  0.99983271571728416     
         514  0.99983271571728416     
         515  0.63153677742737813     
         516  0.63153677742737813     
         517  0.63153677742737813     
         518  0.63153677742737813     
         519  0.63153677742737813     
         520  0.63153677742737813     
         521  0.63153677742737813     
         522  0.63153677742737813     
         523  0.63153677742737813     
         524  0.63153677742737813     
         525  0.63153677742737813     
         526  0.63153677742737813     
         527  0.63153677742737813     
         528  0.63153677742737813     
         529  0.63153677742737813     
         530  0.63153677742737813     
         531  0.63153677742737813     
         532  0.63153677742737813     
         533  0.63153677742737813     
         534  0.63153677742737813     
         535  0.63153677742737813     
         536  0.63153677742737813     
         537  0.63153677742737813     
         538  0.63153677742737813     
         539  0.63153677742737813     
         540  0.63153677742737813     
         541  0.63153677742737813     
         542  0.63153677742737813     
         543  0.63153677742737813     
         544  0.63153677742737813     
         545  0.63153677742737813     
         546  0.63153677742737813     
         547  0.63153677742737813     
         548  0.63153677742737813     
         549  0.63153677742737813     
         550  0.63153677742737813     
         551  0.63153677742737813     
         552  0.63153677742737813     
         553  0.63153677742737813     
         554  0.63153677742737813     
         555  0.49193483704846130     
         556  0.49193483704846130     
         557   1.9832715717283733E-002
         558   1.9832715717283733E-002
         559   1.9832715717283733E-002
         560   1.9832715717283733E-002
         561   1.9832715717283733E-002
         562   1.9832715717283733E-002
         563   1.9832715717283733E-002
         564   1.9832715717283733E-002
         565   1.9832715717283733E-002
         566   1.9832715717283733E-002
         567   1.9832715717283733E-002
         568   1.9832715717283733E-002
         569   1.9832715717283733E-002
         570   1.9832715717283733E-002
         571   1.9832715717283733E-002
         572   1.9832715717283733E-002
         573   1.9832715717283733E-002
         574   1.9832715717283733E-002
         575   1.9832715717283733E-002
         576   1.9832715717283733E-002
         577   1.9832715717283733E-002
         578   1.9832715717283733E-002
         579   1.9832715717283733E-002
         580   1.9832715717283733E-002
         581   1.9832715717283733E-002
         582   1.9832715717283733E-002
         583   1.9832715717283733E-002
         584   1.9832715717283733E-002
         585   1.9832715717283733E-002
         586   1.9832715717283733E-002
         587   1.9832715717283733E-002
         588   1.9832715717283733E-002
         589   1.9832715717283733E-002
         590   1.9832715717283733E-002
         591   1.9832715717283733E-002
         592   1.9832715717283733E-002
         593   1.9832715717283733E-002
         594   1.9832715717283733E-002
         595   1.9832715717283733E-002
         596   1.9832715717283733E-002
         597   1.9832715717283733E-002
         598   1.9832715717283733E-002
         599   1.9832715717283733E-002
         600   1.9832715717283733E-002
         601   1.9832715717283733E-002
         602   1.9832715717283733E-002
         603   1.9832715717283733E-002
         604   1.9832715717283733E-002
         605   1.9832715717283733E-002
         606   1.9832715717283733E-002
         607   1.9832715717283733E-002
         608   1.9832715717283733E-002
         609   1.9832715717283733E-002
         610   1.9832715717283733E-002
         611   1.9832715717283733E-002
         612   1.9832715717283733E-002
         613   1.9832715717283733E-002
         614   1.9832715717283733E-002
         615   1.9832715717283733E-002
         616   1.9832715717283733E-002
         617   1.9832715717283733E-002
         618   1.9832715717283733E-002
         619   1.9832715717283733E-002
         620   1.9832715717283733E-002
         621   1.9832715717283733E-002
         622   1.9832715717283733E-002
         623   1.9832715717283733E-002
         624   1.9832715717283733E-002
         625   1.9832715717283733E-002
         626   1.9832715717283733E-002
         627   1.9832715717283733E-002
         628   1.9832715717283733E-002
         629   1.9832715717283733E-002
         630   1.9832715717283733E-002
         631   1.9832715717283733E-002
         632   1.9832715717283733E-002
         633   1.9832715717283733E-002
         634   1.9832715717283733E-002
         635   1.9832715717283733E-002
         636   1.9832715717283733E-002
         637   1.9832715717283733E-002
         638   1.9832715717283733E-002
         639   1.9832715717283733E-002
         640   1.9832715717283733E-002
         641   1.9832715717283733E-002
         642   1.9832715717283733E-002
         643   1.9832715717283733E-002
         644   1.9832715717283733E-002
         645   1.9832715717283733E-002
         646   1.9832715717283733E-002
         647   1.9832715717283733E-002
         648   1.9832715717283733E-002
         649   1.9832715717283733E-002
         650   1.9832715717283733E-002
         651   1.9832715717283733E-002
         652   1.9832715717283733E-002
         653   1.9832715717283733E-002
         654   1.9832715717283733E-002
         655   1.9832715717283733E-002
         656   1.9832715717283733E-002
         657   1.9832715717283733E-002
         658   1.9832715717283733E-002
         659   1.9832715717283733E-002
         660   1.9832715717283733E-002
         661   1.9832715717283733E-002
         662   1.9832715717283733E-002
         663   1.9832715717283733E-002
         664   1.9832715717283733E-002
         665   1.9832715717283733E-002
         666   1.9832715717283733E-002
         667   1.9832715717283733E-002
         668   1.9832715717283733E-002
         669   1.9832715717283733E-002
         670   1.9832715717283733E-002
         671   1.9832715717283733E-002
         672   1.9832715717283733E-002
         673   1.9832715717283733E-002
         674   1.9832715717283733E-002
         675   1.9832715717283733E-002
         676   1.9832715717283733E-002
         677   1.9832715717283733E-002
         678   1.9832715717283733E-002
         679   1.9832715717283733E-002
         680   1.9832715717283733E-002
         681   1.9832715717283733E-002
         682   1.9832715717283733E-002
         683   1.9832715717283733E-002
         684   1.9832715717283733E-002
         685   1.9832715717283733E-002
         686   1.9832715717283733E-002
         687   1.9832715717283733E-002
         688   1.9832715717283733E-002
         689   1.9832715717283733E-002
         690   1.9832715717283733E-002
         691   1.9832715717283733E-002
         692   1.9832715717283733E-002
         693   1.9832715717283733E-002
         694   1.9832715717283733E-002
         695   1.9832715717283733E-002
         696   1.9832715717283733E-002
         697   1.9832715717283733E-002
         698   1.9832715717283733E-002
         699   1.9832715717283733E-002
         700   1.9832715717283733E-002
         701   1.9832715717283733E-002
         702   1.9832715717283733E-002
         703   1.9832715717283733E-002
         704   1.9832715717283733E-002
         705   1.9832715717283733E-002
         706   1.9832715717283733E-002
         707   1.9832715717283733E-002
         708   1.9832715717283733E-002
         709   1.9832715717283733E-002
         710   1.9832715717283733E-002
         711   1.9832715717283733E-002
         712   1.9832715717283733E-002
         713   1.9832715717283733E-002
         714   1.9832715717283733E-002
         715   1.9832715717283733E-002
         716   1.9832715717283733E-002
         717   1.9832715717283733E-002
         718   1.9832715717283733E-002
         719   1.9832715717283733E-002
         720   1.9832715717283733E-002
         721   1.9832715717283733E-002
         722   1.9832715717283733E-002
         723   1.9832715717283733E-002
         724   1.9832715717283733E-002
         725   1.9832715717283733E-002
         726   1.9832715717283733E-002
         727   1.9832715717283733E-002
         728   1.9832715717283733E-002
         729   1.9832715717283733E-002
         730   1.9832715717283733E-002
         731   1.9832715717283733E-002
         732   1.9832715717283733E-002
         733   1.9832715717283733E-002
         734   1.9832715717283733E-002
         735   1.9832715717283733E-002
         736   1.9832715717283733E-002
         737   1.9832715717283733E-002
         738   1.9832715717283733E-002
         739   1.9832715717283733E-002
         740   1.9832715717283733E-002
         741   1.9832715717283733E-002
         742   1.9832715717283733E-002
         743   1.9832715717283733E-002
         744   1.9832715717283733E-002
         745   1.9832715717283733E-002
         746   1.9832715717283733E-002
         747   1.9832715717283733E-002
         748   1.9832715717283733E-002
         749   1.9832715717283733E-002
         750   1.9832715717283733E-002
         751   1.9832715717283733E-002
         752   1.9832715717283733E-002
         753   1.9832715717283733E-002
         754   1.9832715717283733E-002
         755   1.9832715717283733E-002
         756   1.9832715717283733E-002
         757   1.9832715717283733E-002
         758   1.9832715717283733E-002
         759   1.9832715717283733E-002
         760   1.9832715717283733E-002
         761   1.9832715717283733E-002
         762   1.9832715717283733E-002
         763   1.9832715717283733E-002
         764   1.9832715717283733E-002
         765   1.9832715717283733E-002
         766   1.9832715717283733E-002
         767   1.9832715717283733E-002
         768   1.9832715717283733E-002
         769   1.9832715717283733E-002
         770   1.9832715717283733E-002
         771   1.9832715717283733E-002
         772   1.9832715717283733E-002
         773   1.9832715717283733E-002
         774   1.9832715717283733E-002
         775   1.9832715717283733E-002
         776   1.9832715717283733E-002
         777   1.9832715717283733E-002
         778   1.9832715717283733E-002
         779   1.9832715717283733E-002
         780   1.9832715717283733E-002
         781   1.9832715717283733E-002
         782   1.9832715717283733E-002
         783   1.9832715717283733E-002
         784   1.9832715717283733E-002
         785   1.9832715717283733E-002
         786   1.9832715717283733E-002
         787   1.9832715717283733E-002
         788   1.9832715717283733E-002
         789   1.9832715717283733E-002
         790   1.9832715717283733E-002
         791   1.9832715717283733E-002
         792   1.9832715717283733E-002
         793   1.9832715717283733E-002
         794   1.9832715717283733E-002
         795   1.9832715717283733E-002
         796   1.9832715717283733E-002
         797   1.9832715717283733E-002
         798   1.9832715717283733E-002
         799   1.9832715717283733E-002
         800   1.9832715717283733E-002
         801   1.9832715717283733E-002
         802   1.9832715717283733E-002
         803   1.9832715717283733E-002
         804   1.9832715717283733E-002
         805   1.9832715717283733E-002
         806   1.9832715717283733E-002
         807   1.9832715717283733E-002
         808   1.9832715717283733E-002
         809   1.9832715717283733E-002
         810   1.9832715717283733E-002
         811   1.9832715717283733E-002
         812   1.9832715717283733E-002
         813   1.9832715717283733E-002
         814   1.9832715717283733E-002
         815   1.9832715717283733E-002
         816   1.9832715717283733E-002
         817   1.9832715717283733E-002
         818   1.9832715717283733E-002
         819   1.9832715717283733E-002
         820   1.9832715717283733E-002
         821   1.9832715717283733E-002
         822   1.9832715717283733E-002
         823   1.9832715717283733E-002
         824   1.9832715717283733E-002
         825   1.9832715717283733E-002
         826   1.9832715717283733E-002
         827   1.9832715717283733E-002
         828   1.9832715717283733E-002
         829   1.9832715717283733E-002
         830   1.9832715717283733E-002
         831   1.9832715717283733E-002
         832   1.9832715717283733E-002
         833   1.9832715717283733E-002
         834   1.9832715717283733E-002
         835   1.9832715717283733E-002
         836   1.9832715717283733E-002
         837   1.9832715717283733E-002
         838   1.9832715717283733E-002
         839   1.9832715717283733E-002
         840   1.9832715717283733E-002
         841   1.9832715717283733E-002
         842   1.9832715717283733E-002
         843   1.9832715717283733E-002
         844   1.9832715717283733E-002
         845   1.9832715717283733E-002
         846   1.9832715717283733E-002
         847   1.9832715717283733E-002
         848   1.9832715717283733E-002
         849   1.9832715717283733E-002
         850   1.9832715717283733E-002
         851   1.9832715717283733E-002
         852   1.9832715717283733E-002
         853   1.9832715717283733E-002
         854   1.9832715717283733E-002
         855   1.9832715717283733E-002
         856   1.9832715717283733E-002
         857   1.9832715717283733E-002
         858   1.9832715717283733E-002
         859   1.9832715717283733E-002
         860   1.9832715717283733E-002
         861   1.9832715717283733E-002
         862   1.9832715717283733E-002
         863   1.9832715717283733E-002
         864   1.9832715717283733E-002
         865   1.9832715717283733E-002
         866   1.9832715717283733E-002
         867   1.9832715717283733E-002
         868   1.9832715717283733E-002
         869   1.9832715717283733E-002
         870   1.9832715717283733E-002
         871   1.9832715717283733E-002
         872   1.9832715717283733E-002
         873   1.9832715717283733E-002
         874   1.9832715717283733E-002
         875   1.9832715717283733E-002
         876   1.9832715717283733E-002
         877   1.9832715717283733E-002
         878   1.9832715717283733E-002
         879   1.9832715717283733E-002
         880   1.9832715717283733E-002
         881   1.9832715717283733E-002
         882   1.9832715717283733E-002
         883   1.9832715717283733E-002
         884   1.9832715717283733E-002
         885   1.9832715717283733E-002
         886   1.9832715717283733E-002
         887   1.9832715717283733E-002
         888   1.9832715717283733E-002
         889   1.9832715717283733E-002
         890   1.9832715717283733E-002
         891   1.9832715717283733E-002
         892   1.9832715717283733E-002
         893   1.9832715717283733E-002
         894   1.9832715717283733E-002
         895   1.9832715717283733E-002
         896   1.9832715717283733E-002
         897   1.9832715717283733E-002
         898   1.9832715717283733E-002
         899   1.9832715717283733E-002
         900   1.9832715717283733E-002
         901   1.9832715717283733E-002
         902   1.9832715717283733E-002
         903   1.9832715717283733E-002
         904   1.9832715717283733E-002
         905   1.9832715717283733E-002
         906   1.9832715717283733E-002
         907   1.9832715717283733E-002
         908   1.9832715717283733E-002
         909   1.9832715717283733E-002
         910   1.9832715717283733E-002
         911   1.9832715717283733E-002
         912   1.9832715717283733E-002
         913   1.9832715717283733E-002
         914   1.9832715717283733E-002
         915   1.9832715717283733E-002
         916   1.9832715717283733E-002
         917   1.9832715717283733E-002
         918   1.9832715717283733E-002
         919   1.9832715717283733E-002
         920   1.9832715717283733E-002
         921   1.9832715717283733E-002
         922   1.9832715717283733E-002
         923   1.9832715717283733E-002
         924   1.9832715717283733E-002
         925   1.9832715717283733E-002
         926   1.9832715717283733E-002
         927   1.9832715717283733E-002
         928   1.9832715717283733E-002
         929   1.9832715717283733E-002
         930   1.9832715717283733E-002
         931   1.9832715717283733E-002
         932   1.9832715717283733E-002
         933   1.9832715717283733E-002
         934   1.9832715717283733E-002
         935   1.9832715717283733E-002
         936   1.9832715717283733E-002
         937   1.9832715717283733E-002
         938   1.9832715717283733E-002
         939   1.9832715717283733E-002
         940   1.9832715717283733E-002
         941   1.9832715717283733E-002
         942   1.9832715717283733E-002
         943   1.9832715717283733E-002
         944   1.9832715717283733E-002
         945   1.9832715717283733E-002
         946   1.9832715717283733E-002
         947   1.9832715717283733E-002
         948   1.9832715717283733E-002
         949   1.9832715717283733E-002
         950   1.9832715717283733E-002
         951   1.9832715717283733E-002
         952   1.9832715717283733E-002
         953   0.0000000000000000     
