           1   15.706800287959386     
           2   7.0214502203196565     
           3   7.0214502203196565     
           4   7.0214502203196565     
           5   7.0214502203196565     
           6   7.0214502203196565     
           7   7.0214502203196565     
           8   7.0214502203196565     
           9   7.0214502203196565     
          10   7.0214502203196565     
          11   7.0214502203196565     
          12   7.0214502203196565     
          13   7.0214502203196565     
          14   7.0214502203196565     
          15   7.0214502203196565     
          16   7.0214502203196565     
          17   7.0214502203196565     
          18   7.0214502203196565     
          19   7.0214502203196565     
          20   7.0214502203196565     
          21   7.0214502203196565     
          22   7.0214502203196565     
          23   7.0214502203196565     
          24   7.0214502203196565     
          25   7.0214502203196565     
          26   7.0214502203196565     
          27   7.0214502203196565     
          28   7.0214502203196565     
          29   7.0214502203196565     
          30   7.0214502203196565     
          31   7.0214502203196565     
          32   7.0214502203196565     
          33   7.0214502203196565     
          34   7.0214502203196565     
          35   7.0214502203196565     
          36   7.0214502203196565     
          37   3.7928027133596007     
          38   3.7928027133596007     
          39   3.7928027133596007     
          40   3.7928027133596007     
          41   3.7928027133596007     
          42   3.7928027133596007     
          43   3.7928027133596007     
          44   3.7928027133596007     
          45   3.7928027133596007     
          46   3.7928027133596007     
          47   3.7928027133596007     
          48   3.7928027133596007     
          49   3.7928027133596007     
          50   3.7928027133596007     
          51   3.7928027133596007     
          52   3.7928027133596007     
          53   3.7928027133596007     
          54   3.7928027133596007     
          55   3.7928027133596007     
          56   3.7928027133596007     
          57   3.7928027133596007     
          58   3.7928027133596007     
          59   1.1378602084303981     
          60   1.1378602084303981     
          61   1.1378602084303981     
          62   1.1378602084303981     
          63   1.1378602084303981     
          64   1.1378602084303981     
          65   1.1378602084303981     
          66   1.1378602084303981     
          67   1.1378602084303981     
          68   1.1378602084303981     
          69   1.1378602084303981     
          70   1.1378602084303981     
          71   1.1378602084303981     
          72   1.1378602084303981     
          73   1.1378602084303981     
          74   1.1378602084303981     
          75   1.1378602084303981     
          76   1.1378602084303981     
          77   1.1378602084303981     
          78   1.1378602084303981     
          79   1.1378602084303981     
          80   1.1378602084303981     
          81   1.1378602084303981     
          82   1.1378602084303981     
          83   1.1378602084303981     
          84   1.1378602084303981     
          85   1.1378602084303981     
          86   1.1378602084303981     
          87   1.1378602084303981     
          88   1.1378602084303981     
          89   1.1378602084303981     
          90   1.1378602084303981     
          91   1.1378602084303981     
          92   1.1378602084303981     
          93   1.1378602084303981     
          94   1.1378602084303981     
          95   1.1378602084303981     
          96   1.1378602084303981     
          97   1.1378602084303981     
          98   1.1378602084303981     
          99   1.1378602084303981     
         100   1.1378602084303981     
         101   1.1378602084303981     
         102   1.1378602084303981     
         103   1.1378602084303981     
         104   1.1378602084303981     
         105   1.1378602084303981     
         106   1.1378602084303981     
         107   1.1378602084303981     
         108   1.1378602084303981     
         109   1.1378602084303981     
         110   1.1378602084303981     
         111   1.1378602084303981     
         112   1.1378602084303981     
         113   1.1378602084303981     
         114   1.1378602084303981     
         115   1.1378602084303981     
         116   1.1378602084303981     
         117   1.1378602084303981     
         118   1.1378602084303981     
         119   1.1378602084303981     
         120   1.1378602084303981     
         121   1.1378602084303981     
         122   1.1378602084303981     
         123   1.1378602084303981     
         124   1.1378602084303981     
         125   1.1378602084303981     
         126   1.1378602084303981     
         127   1.1378602084303981     
         128   1.1378602084303981     
         129   1.1378602084303981     
         130   1.1378602084303981     
         131   1.1378602084303981     
         132   1.1378602084303981     
         133   1.1378602084303981     
         134   1.1378602084303981     
         135   1.1378602084303981     
         136   1.1378602084303981     
         137   1.1378602084303981     
         138   1.1378602084303981     
         139   1.1378602084303981     
         140   1.1378602084303981     
         141   1.1378602084303981     
         142   1.1378602084303981     
         143   1.1378602084303981     
         144   1.1378602084303981     
         145   1.1378602084303981     
         146   1.1378602084303981     
         147   1.1378602084303981     
         148   1.1378602084303981     
         149   1.1378602084303981     
         150   1.1378602084303981     
         151   1.1378602084303981     
         152   1.1185059737104392     
         153   1.1185059737104392     
         154   1.1185059737104392     
         155   1.1185059737104392     
         156   1.1185059737104392     
         157   1.1185059737104392     
         158   1.1185059737104392     
         159   1.0392529868552209     
         160   1.0392529868552209     
         161   1.0392529868552209     
         162   1.0392529868552209     
         163   1.0392529868552209     
         164   1.0392529868552209     
         165   1.0392529868552209     
         166   1.0392529868552209     
         167   1.0392529868552209     
         168   1.0392529868552209     
         169   1.0392529868552209     
         170   1.0392529868552209     
         171   1.0392529868552209     
         172   1.0392529868552209     
         173   1.0392529868552209     
         174   1.0392529868552209     
         175   1.0392529868552209     
         176   1.0392529868552209     
         177   1.0392529868552209     
         178   1.0392529868552209     
         179   1.0392529868552209     
         180   1.0392529868552209     
         181   1.0392529868552209     
         182   1.0392529868552209     
         183   1.0392529868552209     
         184   1.0392529868552209     
         185   1.0392529868552209     
         186   1.0392529868552209     
         187   1.0392529868552209     
         188   1.0392529868552209     
         189   1.0392529868552209     
         190   1.0392529868552209     
         191   1.0392529868552209     
         192   1.0392529868552209     
         193   1.0392529868552209     
         194   1.0392529868552209     
         195   1.0392529868552209     
         196   1.0392529868552209     
         197   1.0392529868552209     
         198   1.0392529868552209     
         199   1.0392529868552209     
         200   1.0392529868552209     
         201  0.15850597371043662     
         202  0.15850597371043662     
         203  0.15850597371043662     
         204  0.15850597371043662     
         205  0.15850597371043662     
         206  0.15850597371043662     
         207  0.15850597371043662     
         208  0.15850597371043662     
         209  0.15850597371043662     
         210  0.15850597371043662     
         211  0.15850597371043662     
         212  0.15850597371043662     
         213  0.15850597371043662     
         214  0.15850597371043662     
         215  0.15850597371043662     
         216  0.15850597371043662     
         217  0.15850597371043662     
         218  0.15850597371043662     
         219  0.15850597371043662     
         220  0.15850597371043662     
         221  0.15850597371043662     
         222  0.15850597371043662     
         223  0.15850597371043662     
         224  0.15850597371043662     
         225  0.15850597371043662     
         226  0.15850597371043662     
         227  0.15850597371043662     
         228  0.15850597371043662     
         229  0.15850597371043662     
         230  0.15850597371043662     
         231  0.15850597371043662     
         232  0.15850597371043662     
         233  0.15850597371043662     
         234  0.15850597371043662     
         235  0.15850597371043662     
         236  0.15850597371043662     
         237  0.15850597371043662     
         238  0.15850597371043662     
         239  0.15850597371043662     
         240  0.15850597371043662     
         241  0.15850597371043662     
         242  0.15850597371043662     
         243  0.15850597371043662     
         244  0.15850597371043662     
         245  0.15850597371043662     
         246  0.15850597371043662     
         247  0.15850597371043662     
         248  0.15850597371043662     
         249  0.15850597371043662     
         250  0.15850597371043662     
         251  0.15850597371043662     
         252  0.15850597371043662     
         253  0.15850597371043662     
         254  0.15850597371043662     
         255  0.15850597371043662     
         256  0.15850597371043662     
         257  0.15850597371043662     
         258  0.15850597371043662     
         259  0.15850597371043662     
         260  0.15850597371043662     
         261  0.15850597371043662     
         262  0.15850597371043662     
         263  0.15850597371043662     
         264  0.15850597371043662     
         265  0.15850597371043662     
         266  0.15850597371043662     
         267  0.15850597371043662     
         268  0.15850597371043662     
         269  0.15850597371043662     
         270  0.15850597371043662     
         271  0.15850597371043662     
         272  0.15850597371043662     
         273  0.15850597371043662     
         274  0.15850597371043662     
         275  0.15850597371043662     
         276  0.15850597371043662     
         277  0.15850597371043662     
         278  0.15850597371043662     
         279  0.15850597371043662     
         280  0.15850597371043662     
         281  0.15850597371043662     
         282  0.15850597371043662     
         283  0.15850597371043662     
         284  0.15850597371043662     
         285  0.15850597371043662     
         286  0.15850597371043662     
         287  0.15850597371043662     
         288  0.15850597371043662     
         289  0.15850597371043662     
         290  0.15850597371043662     
         291  0.15850597371043662     
         292  0.15850597371043662     
         293  0.15850597371043662     
         294  0.15850597371043662     
         295  0.15850597371043662     
         296  0.15850597371043662     
         297  0.15850597371043662     
         298  0.15850597371043662     
         299  0.15850597371043662     
         300  0.15850597371043662     
         301  0.15850597371043662     
         302  0.15850597371043662     
         303  0.15850597371043662     
         304  0.15850597371043662     
         305  0.15850597371043662     
         306  0.15850597371043662     
         307  0.15850597371043662     
         308  0.15850597371043662     
         309  0.15850597371043662     
         310  0.15850597371043662     
         311  0.15850597371043662     
         312  0.15850597371043662     
         313  0.15850597371043662     
         314  0.15850597371043662     
         315  0.15850597371043662     
         316  0.15850597371043662     
         317  0.15850597371043662     
         318  0.15850597371043662     
         319  0.15850597371043662     
         320  0.15850597371043662     
         321  0.15850597371043662     
         322  0.15850597371043662     
         323  0.15850597371043662     
         324  0.15850597371043662     
         325  0.15850597371043662     
         326  0.15850597371043662     
         327  0.15850597371043662     
         328  0.15850597371043662     
         329  0.15850597371043662     
         330  0.15850597371043662     
         331  0.15850597371043662     
         332  0.15850597371043662     
         333  0.15850597371043662     
         334  0.15850597371043662     
         335  0.15850597371043662     
         336  0.15850597371043662     
         337  0.15850597371043662     
         338  0.15850597371043662     
         339  0.15850597371043662     
         340  0.15850597371043662     
         341  0.15850597371043662     
         342  0.15850597371043662     
         343  0.15850597371043662     
         344  0.15850597371043662     
         345  0.15850597371043662     
         346  0.15850597371043662     
         347  0.15850597371043662     
         348  0.15850597371043662     
         349  0.15850597371043662     
         350  0.15850597371043662     
         351  0.15850597371043662     
         352  0.15850597371043662     
         353  0.15850597371043662     
         354  0.15850597371043662     
         355  0.15850597371043662     
         356  0.15850597371043662     
         357  0.15850597371043662     
         358  0.15850597371043662     
         359  0.15850597371043662     
         360  0.15850597371043662     
         361  0.15850597371043662     
         362  0.15850597371043662     
         363  0.15850597371043662     
         364  0.15850597371043662     
         365  0.15850597371043662     
         366  0.15850597371043662     
         367  0.15850597371043662     
         368  0.15850597371043662     
         369  0.15850597371043662     
         370  0.15850597371043662     
         371  0.15850597371043662     
         372  0.15850597371043662     
         373  0.15850597371043662     
         374  0.15850597371043662     
         375  0.15850597371043662     
         376  0.15850597371043662     
         377  0.15850597371043662     
         378  0.15850597371043662     
         379  0.15850597371043662     
         380  0.15850597371043662     
         381  0.15850597371043662     
         382  0.15850597371043662     
         383  0.15850597371043662     
         384  0.15850597371043662     
         385  0.15850597371043662     
         386  0.15850597371043662     
         387  0.15850597371043662     
         388  0.15850597371043662     
         389  0.15850597371043662     
         390  0.15850597371043662     
         391  0.15850597371043662     
         392  0.15850597371043662     
         393  0.15850597371043662     
         394  0.15850597371043662     
         395  0.15850597371043662     
         396  0.15850597371043662     
         397  0.15850597371043662     
         398  0.15850597371043662     
         399  0.15850597371043662     
         400  0.15850597371043662     
         401  0.15850597371043662     
         402  0.15850597371043662     
         403  0.15850597371043662     
         404  0.15850597371043662     
         405  0.15850597371043662     
         406  0.15850597371043662     
         407  0.15850597371043662     
         408  0.15850597371043662     
         409  0.15850597371043662     
         410  0.15850597371043662     
         411  0.15850597371043662     
         412  0.15850597371043662     
         413  0.15850597371043662     
         414  0.15850597371043662     
         415  0.15850597371043662     
         416  0.15850597371043662     
         417  0.15850597371043662     
         418  0.15850597371043662     
         419  0.15850597371043662     
         420  0.15850597371043662     
         421  0.15850597371043662     
         422  0.15850597371043662     
         423  0.15850597371043662     
         424  0.15850597371043662     
         425  0.15850597371043662     
         426  0.15850597371043662     
         427  0.15850597371043662     
         428  0.15850597371043662     
         429  0.15850597371043662     
         430  0.15850597371043662     
         431  0.15850597371043662     
         432  0.15850597371043662     
         433  0.15850597371043662     
         434  0.15850597371043662     
         435  0.15850597371043662     
         436  0.15850597371043662     
         437  0.15850597371043662     
         438  0.15850597371043662     
         439  0.15850597371043662     
         440  0.15850597371043662     
         441   9.9085702572502043E-002
         442   9.9085702572502043E-002
         443   9.9085702572502043E-002
         444   9.9085702572502043E-002
         445   9.9085702572502043E-002
         446   9.9085702572502043E-002
         447   9.9085702572502043E-002
         448   9.9085702572502043E-002
         449   9.9085702572502043E-002
         450   9.9085702572502043E-002
         451   9.9085702572502043E-002
         452   9.9085702572502043E-002
         453   9.9085702572502043E-002
         454   9.9085702572502043E-002
         455   9.9085702572502043E-002
         456   9.9085702572502043E-002
         457   9.9085702572502043E-002
         458   9.9085702572502043E-002
         459   9.9085702572502043E-002
         460   9.9085702572502043E-002
         461   9.9085702572502043E-002
         462   9.9085702572502043E-002
         463   9.9085702572502043E-002
         464   9.9085702572502043E-002
         465   9.9085702572502043E-002
         466   9.9085702572502043E-002
         467   9.9085702572502043E-002
         468   9.9085702572502043E-002
         469   9.9085702572502043E-002
         470   9.9085702572502043E-002
         471   9.9085702572502043E-002
         472   9.9085702572502043E-002
         473   9.9085702572502043E-002
         474   9.9085702572502043E-002
         475   9.9085702572502043E-002
         476   9.9085702572502043E-002
         477   9.9085702572502043E-002
         478   9.9085702572502043E-002
         479   9.9085702572502043E-002
         480   9.9085702572502043E-002
         481   9.9085702572502043E-002
         482   9.9085702572502043E-002
         483   9.9085702572502043E-002
         484   9.9085702572502043E-002
         485   9.9085702572502043E-002
         486   9.9085702572502043E-002
         487   9.9085702572502043E-002
         488   9.9085702572502043E-002
         489   9.9085702572502043E-002
         490   9.9085702572502043E-002
         491   9.9085702572502043E-002
         492   9.9085702572502043E-002
         493   9.9085702572502043E-002
         494   9.9085702572502043E-002
         495   9.9085702572502043E-002
         496   9.9085702572502043E-002
         497   9.9085702572502043E-002
         498   9.9085702572502043E-002
         499   9.9085702572502043E-002
         500   9.9085702572502043E-002
         501   9.9085702572502043E-002
         502   9.9085702572502043E-002
         503   9.9085702572502043E-002
         504   9.9085702572502043E-002
         505   9.9085702572502043E-002
         506   9.9085702572502043E-002
         507   9.9085702572502043E-002
         508   9.9085702572502043E-002
         509   9.9085702572502043E-002
         510   9.9085702572502043E-002
         511   9.9085702572502043E-002
         512   9.9085702572502043E-002
         513   9.9085702572502043E-002
         514   9.9085702572502043E-002
         515   9.9085702572502043E-002
         516   9.9085702572502043E-002
         517   9.9085702572502043E-002
         518   9.9085702572502043E-002
         519   9.9085702572502043E-002
         520   9.9085702572502043E-002
         521   9.9085702572502043E-002
         522   9.9085702572502043E-002
         523   9.9085702572502043E-002
         524   9.9085702572502043E-002
         525   9.9085702572502043E-002
         526   9.9085702572502043E-002
         527   9.9085702572502043E-002
         528   9.9085702572502043E-002
         529   9.9085702572502043E-002
         530   9.9085702572502043E-002
         531   9.9085702572502043E-002
         532   9.9085702572502043E-002
         533   9.9085702572502043E-002
         534   9.9085702572502043E-002
         535   9.9085702572502043E-002
         536   9.9085702572502043E-002
         537   9.9085702572502043E-002
         538   9.9085702572502043E-002
         539   9.9085702572502043E-002
         540   9.9085702572502043E-002
         541   9.9085702572502043E-002
         542   9.9085702572502043E-002
         543   9.9085702572502043E-002
         544   9.9085702572502043E-002
         545   9.9085702572502043E-002
         546   9.9085702572502043E-002
         547   9.9085702572502043E-002
         548   9.9085702572502043E-002
         549   9.9085702572502043E-002
         550   9.9085702572502043E-002
         551   9.9085702572502043E-002
         552   9.9085702572502043E-002
         553   9.9085702572502043E-002
         554   9.9085702572502043E-002
         555   9.9085702572502043E-002
         556   9.9085702572502043E-002
         557   9.9085702572502043E-002
         558   9.9085702572502043E-002
         559   9.9085702572502043E-002
         560   9.9085702572502043E-002
         561   9.9085702572502043E-002
         562   9.9085702572502043E-002
         563   9.9085702572502043E-002
         564   9.9085702572502043E-002
         565   9.9085702572502043E-002
         566   9.9085702572502043E-002
         567   9.9085702572502043E-002
         568   9.9085702572502043E-002
         569   9.9085702572502043E-002
         570   9.9085702572502043E-002
         571   9.9085702572502043E-002
         572   9.9085702572502043E-002
         573   9.9085702572502043E-002
         574   9.9085702572502043E-002
         575   9.9085702572502043E-002
         576   9.9085702572502043E-002
         577   9.9085702572502043E-002
         578   9.9085702572502043E-002
         579   9.9085702572502043E-002
         580   9.9085702572502043E-002
         581   9.9085702572502043E-002
         582   9.9085702572502043E-002
         583   9.9085702572502043E-002
         584   9.9085702572502043E-002
         585   9.9085702572502043E-002
         586   9.9085702572502043E-002
         587   9.9085702572502043E-002
         588   9.9085702572502043E-002
         589   9.9085702572502043E-002
         590   9.9085702572502043E-002
         591   9.9085702572502043E-002
         592   9.9085702572502043E-002
         593   9.9085702572502043E-002
         594   9.9085702572502043E-002
         595   9.9085702572502043E-002
         596   9.9085702572502043E-002
         597   9.9085702572502043E-002
         598   9.9085702572502043E-002
         599   9.9085702572502043E-002
         600   9.9085702572502043E-002
         601   9.9085702572502043E-002
         602   9.9085702572502043E-002
         603   7.9252986855218310E-002
         604   0.0000000000000000     
