           1   8.3389024092905739     
           2   8.3389024092905739     
           3   3.5117648932989720     
           4   3.5117648932989720     
           5   3.5117648932989720     
           6   3.5117648932989720     
           7   3.5117648932989720     
           8   3.5117648932989720     
           9   3.5117648932989720     
          10   3.3068002879594038     
          11   3.3068002879594038     
          12   3.3068002879594038     
          13   3.3068002879594038     
          14   3.3068002879594038     
          15   3.3068002879594038     
          16   3.3068002879594038     
          17   3.3068002879594038     
          18   3.3068002879594038     
          19   3.3068002879594038     
          20   2.5485643123882706     
          21   2.5485643123882706     
          22   2.5485643123882706     
          23   2.5485643123882706     
          24   2.5485643123882706     
          25   2.5485643123882706     
          26   2.5485643123882706     
          27   2.5485643123882706     
          28   2.5485643123882706     
          29   2.5485643123882706     
          30   2.5485643123882706     
          31   2.5485643123882706     
          32   2.5485643123882706     
          33   2.5485643123882706     
          34   2.5485643123882706     
          35   2.5485643123882706     
          36   2.5485643123882706     
          37   2.5485643123882706     
          38   2.5485643123882706     
          39   2.5485643123882706     
          40   2.5485643123882706     
          41   2.5485643123882706     
          42   2.5485643123882706     
          43   2.5485643123882706     
          44   2.5485643123882706     
          45   2.5485643123882706     
          46   2.5485643123882706     
          47   2.5485643123882706     
          48   2.5485643123882706     
          49   2.5485643123882706     
          50   2.5485643123882706     
          51   2.4813606922744817     
          52   2.4813606922744817     
          53   2.1946569680529269     
          54   2.1946569680529269     
          55   2.1946569680529269     
          56   2.1946569680529269     
          57   2.1946569680529269     
          58   2.1946569680529269     
          59   2.1946569680529269     
          60   2.1946569680529269     
          61   2.1946569680529269     
          62   2.1946569680529269     
          63   2.1946569680529269     
          64   2.1946569680529269     
          65   2.1946569680529269     
          66   2.1946569680529269     
          67   2.1946569680529269     
          68   2.1946569680529269     
          69   1.4160549854262303     
          70   1.4160549854262303     
          71   1.4160549854262303     
          72   1.4160549854262303     
          73   1.2578602084303991     
          74   1.2578602084303991     
          75   1.2578602084303991     
          76   1.2578602084303991     
          77   1.2578602084303991     
          78   1.1778602084303991     
          79   1.1778602084303991     
          80   1.1778602084303991     
          81   1.1778602084303991     
          82   1.1778602084303991     
          83   1.1778602084303991     
          84   1.1778602084303991     
          85   1.1778602084303991     
          86   1.1778602084303991     
          87   1.1778602084303991     
          88   1.1778602084303991     
          89   1.1778602084303991     
          90   1.1778602084303991     
          91   1.1778602084303991     
          92   1.1778602084303991     
          93   1.1778602084303991     
          94   1.1778602084303991     
          95   1.1778602084303991     
          96   1.1778602084303991     
          97   1.1778602084303991     
          98   1.1778602084303991     
          99   1.0790857025725025     
         100   1.0196654314345679     
         101   1.0196654314345679     
         102   1.0196654314345679     
         103   1.0196654314345679     
         104   1.0196654314345679     
         105   1.0196654314345679     
         106   1.0196654314345679     
         107   1.0196654314345679     
         108   1.0196654314345679     
         109   1.0196654314345679     
         110   1.0196654314345679     
         111   1.0196654314345679     
         112   1.0196654314345679     
         113   1.0196654314345679     
         114   1.0196654314345679     
         115   1.0196654314345679     
         116   1.0196654314345679     
         117   1.0196654314345679     
         118   1.0196654314345679     
         119   1.0196654314345679     
         120   1.0196654314345679     
         121   1.0196654314345679     
         122   1.0196654314345679     
         123   1.0196654314345679     
         124   1.0196654314345679     
         125   1.0196654314345679     
         126   1.0196654314345679     
         127   1.0196654314345679     
         128   1.0196654314345679     
         129   1.0196654314345679     
         130   1.0196654314345679     
         131   1.0196654314345679     
         132   1.0196654314345679     
         133   1.0196654314345679     
         134   1.0196654314345679     
         135   1.0196654314345679     
         136   1.0196654314345679     
         137   1.0196654314345679     
         138   1.0196654314345679     
         139   1.0196654314345679     
         140   1.0196654314345679     
         141   1.0196654314345679     
         142   1.0196654314345679     
         143   1.0196654314345679     
         144   1.0196654314345679     
         145   1.0196654314345679     
         146   1.0196654314345679     
         147   1.0196654314345679     
         148   1.0196654314345679     
         149   1.0196654314345679     
         150   1.0196654314345679     
         151   1.0196654314345679     
         152   1.0196654314345679     
         153   1.0196654314345679     
         154   1.0196654314345679     
         155   1.0196654314345679     
         156   1.0196654314345679     
         157   1.0196654314345679     
         158   1.0196654314345679     
         159   1.0196654314345679     
         160   1.0196654314345679     
         161   1.0196654314345679     
         162   1.0196654314345679     
         163   1.0196654314345679     
         164   1.0196654314345679     
         165   1.0196654314345679     
         166   1.0196654314345679     
         167   1.0196654314345679     
         168   1.0196654314345679     
         169   1.0196654314345679     
         170   1.0196654314345679     
         171   1.0196654314345679     
         172   1.0196654314345679     
         173   1.0196654314345679     
         174   1.0196654314345679     
         175   1.0196654314345679     
         176   1.0196654314345679     
         177   1.0196654314345679     
         178   1.0196654314345679     
         179   1.0196654314345679     
         180   1.0196654314345679     
         181   1.0196654314345679     
         182   1.0196654314345679     
         183   1.0196654314345679     
         184   1.0196654314345679     
         185   1.0196654314345679     
         186   1.0196654314345679     
         187   1.0196654314345679     
         188   1.0196654314345679     
         189   1.0196654314345679     
         190   1.0196654314345679     
         191  0.99983271571728416     
         192  0.99983271571728416     
         193  0.99983271571728416     
         194  0.99983271571728416     
         195  0.99983271571728416     
         196  0.99983271571728416     
         197  0.99983271571728416     
         198  0.99983271571728416     
         199  0.99983271571728416     
         200  0.99983271571728416     
         201  0.99983271571728416     
         202  0.99983271571728416     
         203  0.99983271571728416     
         204  0.99983271571728416     
         205  0.99983271571728416     
         206  0.99983271571728416     
         207  0.99983271571728416     
         208  0.99983271571728416     
         209  0.99983271571728416     
         210  0.99983271571728416     
         211  0.99983271571728416     
         212  0.99983271571728416     
         213  0.99983271571728416     
         214  0.99983271571728416     
         215  0.99983271571728416     
         216  0.99983271571728416     
         217  0.99983271571728416     
         218  0.99983271571728416     
         219  0.99983271571728416     
         220  0.99983271571728416     
         221  0.99983271571728416     
         222  0.99983271571728416     
         223  0.99983271571728416     
         224  0.99983271571728416     
         225  0.99983271571728416     
         226  0.99983271571728416     
         227  0.99983271571728416     
         228  0.99983271571728416     
         229  0.99983271571728416     
         230  0.99983271571728416     
         231  0.99983271571728416     
         232  0.99983271571728416     
         233  0.99983271571728416     
         234  0.99983271571728416     
         235  0.99983271571728416     
         236  0.99983271571728416     
         237  0.99983271571728416     
         238  0.99983271571728416     
         239  0.99983271571728416     
         240  0.99983271571728416     
         241  0.99983271571728416     
         242  0.99983271571728416     
         243  0.99983271571728416     
         244  0.99983271571728416     
         245  0.99983271571728416     
         246  0.99983271571728416     
         247  0.99983271571728416     
         248  0.99983271571728416     
         249  0.99983271571728416     
         250  0.99983271571728416     
         251  0.99983271571728416     
         252  0.99983271571728416     
         253  0.99983271571728416     
         254  0.99983271571728416     
         255  0.99983271571728416     
         256  0.99983271571728416     
         257  0.99983271571728416     
         258  0.99983271571728416     
         259  0.99983271571728416     
         260  0.99983271571728416     
         261  0.99983271571728416     
         262  0.99983271571728416     
         263  0.99983271571728416     
         264  0.99983271571728416     
         265  0.99983271571728416     
         266  0.99983271571728416     
         267  0.99983271571728416     
         268  0.99983271571728416     
         269  0.99983271571728416     
         270  0.99983271571728416     
         271  0.99983271571728416     
         272  0.99983271571728416     
         273  0.99983271571728416     
         274  0.99983271571728416     
         275  0.99983271571728416     
         276  0.99983271571728416     
         277  0.99983271571728416     
         278  0.99983271571728416     
         279  0.99983271571728416     
         280  0.99983271571728416     
         281  0.99983271571728416     
         282  0.99983271571728416     
         283  0.99983271571728416     
         284  0.99983271571728416     
         285  0.99983271571728416     
         286  0.99983271571728416     
         287  0.99983271571728416     
         288  0.99983271571728416     
         289  0.99983271571728416     
         290  0.99983271571728416     
         291  0.99983271571728416     
         292  0.99983271571728416     
         293  0.99983271571728416     
         294  0.99983271571728416     
         295  0.99983271571728416     
         296  0.99983271571728416     
         297  0.99983271571728416     
         298  0.99983271571728416     
         299  0.99983271571728416     
         300  0.99983271571728416     
         301  0.99983271571728416     
         302  0.99983271571728416     
         303  0.99983271571728416     
         304  0.99983271571728416     
         305  0.99983271571728416     
         306  0.99983271571728416     
         307  0.25728047956833322     
         308   9.9085702572502043E-002
         309   3.9665431434567466E-002
         310   3.9665431434567466E-002
         311   3.9665431434567466E-002
         312   3.9665431434567466E-002
         313   3.9665431434567466E-002
         314   3.9665431434567466E-002
         315   3.9665431434567466E-002
         316   3.9665431434567466E-002
         317   3.9665431434567466E-002
         318   3.9665431434567466E-002
         319   3.9665431434567466E-002
         320   3.9665431434567466E-002
         321   3.9665431434567466E-002
         322   3.9665431434567466E-002
         323   3.9665431434567466E-002
         324   3.9665431434567466E-002
         325   3.9665431434567466E-002
         326   3.9665431434567466E-002
         327   3.9665431434567466E-002
         328   3.9665431434567466E-002
         329   3.9665431434567466E-002
         330   3.9665431434567466E-002
         331   3.9665431434567466E-002
         332   3.9665431434567466E-002
         333   3.9665431434567466E-002
         334   3.9665431434567466E-002
         335   3.9665431434567466E-002
         336   3.9665431434567466E-002
         337   3.9665431434567466E-002
         338   3.9665431434567466E-002
         339   3.9665431434567466E-002
         340   3.9665431434567466E-002
         341   3.9665431434567466E-002
         342   3.9665431434567466E-002
         343   3.9665431434567466E-002
         344   3.9665431434567466E-002
         345   3.9665431434567466E-002
         346   3.9665431434567466E-002
         347   3.9665431434567466E-002
         348   3.9665431434567466E-002
         349   3.9665431434567466E-002
         350   3.9665431434567466E-002
         351   3.9665431434567466E-002
         352   3.9665431434567466E-002
         353   3.9665431434567466E-002
         354   3.9665431434567466E-002
         355   3.9665431434567466E-002
         356   3.9665431434567466E-002
         357   3.9665431434567466E-002
         358   3.9665431434567466E-002
         359   3.9665431434567466E-002
         360   3.9665431434567466E-002
         361   3.9665431434567466E-002
         362   3.9665431434567466E-002
         363   3.9665431434567466E-002
         364   3.9665431434567466E-002
         365   3.9665431434567466E-002
         366   3.9665431434567466E-002
         367   3.9665431434567466E-002
         368   3.9665431434567466E-002
         369   3.9665431434567466E-002
         370   3.9665431434567466E-002
         371   3.9665431434567466E-002
         372   3.9665431434567466E-002
         373   3.9665431434567466E-002
         374   3.9665431434567466E-002
         375   3.9665431434567466E-002
         376   3.9665431434567466E-002
         377   3.9665431434567466E-002
         378   3.9665431434567466E-002
         379   3.9665431434567466E-002
         380   3.9665431434567466E-002
         381   3.9665431434567466E-002
         382   3.9665431434567466E-002
         383   3.9665431434567466E-002
         384   3.9665431434567466E-002
         385   3.9665431434567466E-002
         386   3.9665431434567466E-002
         387   3.9665431434567466E-002
         388   3.9665431434567466E-002
         389   3.9665431434567466E-002
         390   3.9665431434567466E-002
         391   3.9665431434567466E-002
         392   3.9665431434567466E-002
         393   3.9665431434567466E-002
         394   3.9665431434567466E-002
         395   3.9665431434567466E-002
         396   3.9665431434567466E-002
         397   3.9665431434567466E-002
         398   3.9665431434567466E-002
         399   3.9665431434567466E-002
         400   3.9665431434567466E-002
         401   3.9665431434567466E-002
         402   3.9665431434567466E-002
         403   3.9665431434567466E-002
         404   3.9665431434567466E-002
         405   3.9665431434567466E-002
         406   3.9665431434567466E-002
         407   3.9665431434567466E-002
         408   3.9665431434567466E-002
         409   3.9665431434567466E-002
         410   3.9665431434567466E-002
         411   3.9665431434567466E-002
         412   3.9665431434567466E-002
         413   3.9665431434567466E-002
         414   3.9665431434567466E-002
         415   3.9665431434567466E-002
         416   3.9665431434567466E-002
         417   3.9665431434567466E-002
         418   3.9665431434567466E-002
         419   3.9665431434567466E-002
         420   3.9665431434567466E-002
         421   3.9665431434567466E-002
         422   3.9665431434567466E-002
         423   3.9665431434567466E-002
         424   3.9665431434567466E-002
         425   3.9665431434567466E-002
         426   3.9665431434567466E-002
         427   3.9665431434567466E-002
         428   3.9665431434567466E-002
         429   3.9665431434567466E-002
         430   3.9665431434567466E-002
         431   3.9665431434567466E-002
         432   3.9665431434567466E-002
         433   3.9665431434567466E-002
         434   3.9665431434567466E-002
         435   3.9665431434567466E-002
         436   3.9665431434567466E-002
         437   3.9665431434567466E-002
         438   3.9665431434567466E-002
         439   3.9665431434567466E-002
         440   3.9665431434567466E-002
         441   3.9665431434567466E-002
         442   3.9665431434567466E-002
         443   3.9665431434567466E-002
         444   3.9665431434567466E-002
         445   3.9665431434567466E-002
         446   3.9665431434567466E-002
         447   3.9665431434567466E-002
         448   3.9665431434567466E-002
         449   3.9665431434567466E-002
         450   3.9665431434567466E-002
         451   3.9665431434567466E-002
         452   3.9665431434567466E-002
         453   3.9665431434567466E-002
         454   3.9665431434567466E-002
         455   3.9665431434567466E-002
         456   3.9665431434567466E-002
         457   3.9665431434567466E-002
         458   3.9665431434567466E-002
         459   3.9665431434567466E-002
         460   3.9665431434567466E-002
         461   3.9665431434567466E-002
         462   3.9665431434567466E-002
         463   3.9665431434567466E-002
         464   3.9665431434567466E-002
         465   3.9665431434567466E-002
         466   3.9665431434567466E-002
         467   3.9665431434567466E-002
         468   3.9665431434567466E-002
         469   3.9665431434567466E-002
         470   3.9665431434567466E-002
         471   3.9665431434567466E-002
         472   3.9665431434567466E-002
         473   3.9665431434567466E-002
         474   3.9665431434567466E-002
         475   3.9665431434567466E-002
         476   3.9665431434567466E-002
         477   3.9665431434567466E-002
         478   3.9665431434567466E-002
         479   3.9665431434567466E-002
         480   3.9665431434567466E-002
         481   3.9665431434567466E-002
         482   3.9665431434567466E-002
         483   3.9665431434567466E-002
         484   3.9665431434567466E-002
         485   3.9665431434567466E-002
         486   3.9665431434567466E-002
         487   3.9665431434567466E-002
         488   3.9665431434567466E-002
         489   3.9665431434567466E-002
         490   3.9665431434567466E-002
         491   3.9665431434567466E-002
         492   3.9665431434567466E-002
         493   3.9665431434567466E-002
         494   3.9665431434567466E-002
         495   3.9665431434567466E-002
         496   3.9665431434567466E-002
         497   3.9665431434567466E-002
         498   3.9665431434567466E-002
         499   3.9665431434567466E-002
         500   3.9665431434567466E-002
         501   3.9665431434567466E-002
         502   3.9665431434567466E-002
         503   3.9665431434567466E-002
         504   3.9665431434567466E-002
         505   3.9665431434567466E-002
         506   3.9665431434567466E-002
         507   3.9665431434567466E-002
         508   3.9665431434567466E-002
         509   3.9665431434567466E-002
         510   3.9665431434567466E-002
         511   3.9665431434567466E-002
         512   3.9665431434567466E-002
         513   3.9665431434567466E-002
         514   3.9665431434567466E-002
         515   3.9665431434567466E-002
         516   3.9665431434567466E-002
         517   3.9665431434567466E-002
         518   3.9665431434567466E-002
         519   3.9665431434567466E-002
         520   3.9665431434567466E-002
         521   3.9665431434567466E-002
         522   3.9665431434567466E-002
         523   3.9665431434567466E-002
         524   3.9665431434567466E-002
         525   3.9665431434567466E-002
         526   3.9665431434567466E-002
         527   3.9665431434567466E-002
         528   3.9665431434567466E-002
         529   3.9665431434567466E-002
         530   3.9665431434567466E-002
         531   3.9665431434567466E-002
         532   3.9665431434567466E-002
         533   3.9665431434567466E-002
         534   3.9665431434567466E-002
         535   3.9665431434567466E-002
         536   3.9665431434567466E-002
         537   3.9665431434567466E-002
         538   3.9665431434567466E-002
         539   3.9665431434567466E-002
         540   3.9665431434567466E-002
         541   3.9665431434567466E-002
         542   3.9665431434567466E-002
         543   3.9665431434567466E-002
         544   3.9665431434567466E-002
         545   3.9665431434567466E-002
         546   3.9665431434567466E-002
         547   3.9665431434567466E-002
         548   3.9665431434567466E-002
         549   3.9665431434567466E-002
         550   3.9665431434567466E-002
         551   3.9665431434567466E-002
         552   3.9665431434567466E-002
         553   3.9665431434567466E-002
         554   3.9665431434567466E-002
         555   3.9665431434567466E-002
         556   3.9665431434567466E-002
         557   3.9665431434567466E-002
         558   3.9665431434567466E-002
         559   3.9665431434567466E-002
         560   3.9665431434567466E-002
         561   3.9665431434567466E-002
         562   3.9665431434567466E-002
         563   3.9665431434567466E-002
         564   3.9665431434567466E-002
         565   3.9665431434567466E-002
         566   3.9665431434567466E-002
         567   3.9665431434567466E-002
         568   3.9665431434567466E-002
         569   3.9665431434567466E-002
         570   3.9665431434567466E-002
         571   3.9665431434567466E-002
         572   3.9665431434567466E-002
         573   3.9665431434567466E-002
         574   3.9665431434567466E-002
         575   3.9665431434567466E-002
         576   3.9665431434567466E-002
         577   3.9665431434567466E-002
         578   3.9665431434567466E-002
         579   3.9665431434567466E-002
         580   3.9665431434567466E-002
         581   3.9665431434567466E-002
         582   3.9665431434567466E-002
         583   3.9665431434567466E-002
         584   3.9665431434567466E-002
         585   3.9665431434567466E-002
         586   3.9665431434567466E-002
         587   3.9665431434567466E-002
         588   3.9665431434567466E-002
         589   3.9665431434567466E-002
         590   3.9665431434567466E-002
         591   3.9665431434567466E-002
         592   3.9665431434567466E-002
         593   3.9665431434567466E-002
         594   3.9665431434567466E-002
         595   3.9665431434567466E-002
         596   3.9665431434567466E-002
         597   3.9665431434567466E-002
         598   3.9665431434567466E-002
         599   3.9665431434567466E-002
         600   3.9665431434567466E-002
         601   3.9665431434567466E-002
         602   3.9665431434567466E-002
         603   3.9665431434567466E-002
         604   3.9665431434567466E-002
         605   3.9665431434567466E-002
         606   3.9665431434567466E-002
         607   3.9665431434567466E-002
         608   3.9665431434567466E-002
         609   3.9665431434567466E-002
         610   3.9665431434567466E-002
         611   3.9665431434567466E-002
         612   3.9665431434567466E-002
         613   3.9665431434567466E-002
         614   3.9665431434567466E-002
         615   3.9665431434567466E-002
         616   3.9665431434567466E-002
         617   3.9665431434567466E-002
         618   3.9665431434567466E-002
         619   3.9665431434567466E-002
         620   3.9665431434567466E-002
         621   3.9665431434567466E-002
         622   3.9665431434567466E-002
         623   3.9665431434567466E-002
         624   3.9665431434567466E-002
         625   3.9665431434567466E-002
         626   3.9665431434567466E-002
         627   3.9665431434567466E-002
         628   3.9665431434567466E-002
         629   3.9665431434567466E-002
         630   3.9665431434567466E-002
         631   3.9665431434567466E-002
         632   3.9665431434567466E-002
         633   3.9665431434567466E-002
         634   3.9665431434567466E-002
         635   3.9665431434567466E-002
         636   3.9665431434567466E-002
         637   3.9665431434567466E-002
         638   3.9665431434567466E-002
         639   3.9665431434567466E-002
         640   3.9665431434567466E-002
         641   3.9665431434567466E-002
         642   3.9665431434567466E-002
         643   3.9665431434567466E-002
         644   3.9665431434567466E-002
         645   3.9665431434567466E-002
         646   3.9665431434567466E-002
         647   3.9665431434567466E-002
         648   3.9665431434567466E-002
         649   3.9665431434567466E-002
         650   3.9665431434567466E-002
         651   3.9665431434567466E-002
         652   3.9665431434567466E-002
         653   3.9665431434567466E-002
         654   3.9665431434567466E-002
         655   3.9665431434567466E-002
         656   3.9665431434567466E-002
         657   3.9665431434567466E-002
         658   3.9665431434567466E-002
         659   3.9665431434567466E-002
         660   3.9665431434567466E-002
         661   3.9665431434567466E-002
         662   3.9665431434567466E-002
         663   3.9665431434567466E-002
         664   3.9665431434567466E-002
         665   3.9665431434567466E-002
         666   3.9665431434567466E-002
         667   3.9665431434567466E-002
         668   3.9665431434567466E-002
         669   3.9665431434567466E-002
         670   3.9665431434567466E-002
         671   3.9665431434567466E-002
         672   3.9665431434567466E-002
         673   3.9665431434567466E-002
         674   3.9665431434567466E-002
         675   3.9665431434567466E-002
         676   3.9665431434567466E-002
         677   3.9665431434567466E-002
         678   3.9665431434567466E-002
         679   3.9665431434567466E-002
         680   3.9665431434567466E-002
         681   3.9665431434567466E-002
         682   3.9665431434567466E-002
         683   3.9665431434567466E-002
         684   3.9665431434567466E-002
         685   3.9665431434567466E-002
         686   3.9665431434567466E-002
         687   3.9665431434567466E-002
         688   3.9665431434567466E-002
         689   3.9665431434567466E-002
         690   3.9665431434567466E-002
         691   3.9665431434567466E-002
         692   3.9665431434567466E-002
         693   3.9665431434567466E-002
         694   3.9665431434567466E-002
         695   3.9665431434567466E-002
         696   3.9665431434567466E-002
         697   3.9665431434567466E-002
         698   3.9665431434567466E-002
         699   3.9665431434567466E-002
         700   3.9665431434567466E-002
         701   3.9665431434567466E-002
         702   3.9665431434567466E-002
         703   3.9665431434567466E-002
         704   3.9665431434567466E-002
         705   3.9665431434567466E-002
         706   3.9665431434567466E-002
         707   3.9665431434567466E-002
         708   3.9665431434567466E-002
         709   3.9665431434567466E-002
         710   3.9665431434567466E-002
         711   3.9665431434567466E-002
         712   3.9665431434567466E-002
         713   3.9665431434567466E-002
         714   3.9665431434567466E-002
         715   3.9665431434567466E-002
         716   3.9665431434567466E-002
         717   3.9665431434567466E-002
         718   3.9665431434567466E-002
         719   3.9665431434567466E-002
         720   3.9665431434567466E-002
         721   3.9665431434567466E-002
         722   3.9665431434567466E-002
         723   3.9665431434567466E-002
         724   3.9665431434567466E-002
         725   3.9665431434567466E-002
         726   3.9665431434567466E-002
         727   3.9665431434567466E-002
         728   3.9665431434567466E-002
         729   3.9665431434567466E-002
         730   3.9665431434567466E-002
         731   3.9665431434567466E-002
         732   3.9665431434567466E-002
         733   3.9665431434567466E-002
         734   3.9665431434567466E-002
         735   3.9665431434567466E-002
         736   3.9665431434567466E-002
         737   3.9665431434567466E-002
         738   3.9665431434567466E-002
         739   3.9665431434567466E-002
         740   3.9665431434567466E-002
         741   3.9665431434567466E-002
         742   3.9665431434567466E-002
         743   3.9665431434567466E-002
         744   3.9665431434567466E-002
         745   3.9665431434567466E-002
         746   3.9665431434567466E-002
         747   3.9665431434567466E-002
         748   3.9665431434567466E-002
         749   3.9665431434567466E-002
         750   3.9665431434567466E-002
         751   3.9665431434567466E-002
         752   3.9665431434567466E-002
         753   3.9665431434567466E-002
         754   3.9665431434567466E-002
         755   3.9665431434567466E-002
         756   3.9665431434567466E-002
         757   3.9665431434567466E-002
         758   3.9665431434567466E-002
         759   3.9665431434567466E-002
         760   3.9665431434567466E-002
         761   3.9665431434567466E-002
         762   3.9665431434567466E-002
         763   3.9665431434567466E-002
         764   3.9665431434567466E-002
         765   3.9665431434567466E-002
         766   3.9665431434567466E-002
         767   3.9665431434567466E-002
         768   3.9665431434567466E-002
         769   3.9665431434567466E-002
         770   3.9665431434567466E-002
         771   3.9665431434567466E-002
         772   3.9665431434567466E-002
         773   3.9665431434567466E-002
         774   3.9665431434567466E-002
         775   3.9665431434567466E-002
         776   3.9665431434567466E-002
         777   3.9665431434567466E-002
         778   3.9665431434567466E-002
         779   3.9665431434567466E-002
         780   3.9665431434567466E-002
         781   3.9665431434567466E-002
         782   3.9665431434567466E-002
         783   3.9665431434567466E-002
         784   3.9665431434567466E-002
         785   3.9665431434567466E-002
         786   3.9665431434567466E-002
         787   3.9665431434567466E-002
         788   3.9665431434567466E-002
         789   3.9665431434567466E-002
         790   3.9665431434567466E-002
         791   3.9665431434567466E-002
         792   3.9665431434567466E-002
         793   3.9665431434567466E-002
         794   3.9665431434567466E-002
         795   3.9665431434567466E-002
         796   3.9665431434567466E-002
         797   3.9665431434567466E-002
         798   3.9665431434567466E-002
         799   3.9665431434567466E-002
         800   3.9665431434567466E-002
         801   3.9665431434567466E-002
         802   3.9665431434567466E-002
         803   3.9665431434567466E-002
         804   3.9665431434567466E-002
         805   3.9665431434567466E-002
         806   3.9665431434567466E-002
         807   3.9665431434567466E-002
         808   3.9665431434567466E-002
         809   3.9665431434567466E-002
         810   3.9665431434567466E-002
         811   3.9665431434567466E-002
         812   3.9665431434567466E-002
         813   3.9665431434567466E-002
         814   3.9665431434567466E-002
         815   3.9665431434567466E-002
         816   3.9665431434567466E-002
         817   3.9665431434567466E-002
         818   3.9665431434567466E-002
         819   3.9665431434567466E-002
         820   3.9665431434567466E-002
         821   3.9665431434567466E-002
         822   3.9665431434567466E-002
         823   3.9665431434567466E-002
         824   3.9665431434567466E-002
         825   3.9665431434567466E-002
         826   3.9665431434567466E-002
         827   3.9665431434567466E-002
         828   3.9665431434567466E-002
         829   3.9665431434567466E-002
         830   3.9665431434567466E-002
         831   3.9665431434567466E-002
         832   3.9665431434567466E-002
         833   3.9665431434567466E-002
         834   3.9665431434567466E-002
         835   3.9665431434567466E-002
         836   3.9665431434567466E-002
         837   3.9665431434567466E-002
         838   3.9665431434567466E-002
         839   3.9665431434567466E-002
         840   3.9665431434567466E-002
         841   3.9665431434567466E-002
         842   3.9665431434567466E-002
         843   3.9665431434567466E-002
         844   3.9665431434567466E-002
         845   3.9665431434567466E-002
         846   3.9665431434567466E-002
         847   3.9665431434567466E-002
         848   3.9665431434567466E-002
         849   3.9665431434567466E-002
         850   3.9665431434567466E-002
         851   3.9665431434567466E-002
         852   3.9665431434567466E-002
         853   3.9665431434567466E-002
         854   3.9665431434567466E-002
         855   3.9665431434567466E-002
         856   3.9665431434567466E-002
         857   3.9665431434567466E-002
         858   3.9665431434567466E-002
         859   3.9665431434567466E-002
         860   3.9665431434567466E-002
         861   3.9665431434567466E-002
         862   3.9665431434567466E-002
         863   3.9665431434567466E-002
         864   3.9665431434567466E-002
         865   3.9665431434567466E-002
         866   3.9665431434567466E-002
         867   3.9665431434567466E-002
         868   3.9665431434567466E-002
         869   3.9665431434567466E-002
         870   3.9665431434567466E-002
         871   3.9665431434567466E-002
         872   3.9665431434567466E-002
         873   3.9665431434567466E-002
         874   3.9665431434567466E-002
         875   3.9665431434567466E-002
         876   3.9665431434567466E-002
         877   3.9665431434567466E-002
         878   3.9665431434567466E-002
         879   3.9665431434567466E-002
         880   3.9665431434567466E-002
         881   3.9665431434567466E-002
         882   3.9665431434567466E-002
         883   3.9665431434567466E-002
         884   3.9665431434567466E-002
         885   3.9665431434567466E-002
         886   3.9665431434567466E-002
         887   3.9665431434567466E-002
         888   3.9665431434567466E-002
         889   3.9665431434567466E-002
         890   3.9665431434567466E-002
         891   3.9665431434567466E-002
         892   3.9665431434567466E-002
         893   3.9665431434567466E-002
         894   3.9665431434567466E-002
         895   3.9665431434567466E-002
         896   3.9665431434567466E-002
         897   3.9665431434567466E-002
         898   3.9665431434567466E-002
         899   3.9665431434567466E-002
         900   3.9665431434567466E-002
         901   3.9665431434567466E-002
         902   3.9665431434567466E-002
         903   3.9665431434567466E-002
         904   3.9665431434567466E-002
         905   3.9665431434567466E-002
         906   3.9665431434567466E-002
         907   3.9665431434567466E-002
         908   3.9665431434567466E-002
         909   3.9665431434567466E-002
         910   3.9665431434567466E-002
         911   3.9665431434567466E-002
         912   3.9665431434567466E-002
         913   3.9665431434567466E-002
         914   3.9665431434567466E-002
         915   3.9665431434567466E-002
         916   3.9665431434567466E-002
         917   3.9665431434567466E-002
         918   3.9665431434567466E-002
         919   3.9665431434567466E-002
         920   3.9665431434567466E-002
         921   3.9665431434567466E-002
         922   3.9665431434567466E-002
         923   3.9665431434567466E-002
         924   3.9665431434567466E-002
         925   3.9665431434567466E-002
         926   3.9665431434567466E-002
         927   3.9665431434567466E-002
         928   3.9665431434567466E-002
         929   3.9665431434567466E-002
         930   3.9665431434567466E-002
         931   3.9665431434567466E-002
         932   3.9665431434567466E-002
         933   3.9665431434567466E-002
         934   3.9665431434567466E-002
         935   3.9665431434567466E-002
         936   3.9665431434567466E-002
         937   3.9665431434567466E-002
         938   3.9665431434567466E-002
         939   3.9665431434567466E-002
         940   3.9665431434567466E-002
         941   3.9665431434567466E-002
         942   3.9665431434567466E-002
         943   3.9665431434567466E-002
         944   3.9665431434567466E-002
         945   3.9665431434567466E-002
         946   3.9665431434567466E-002
         947   3.9665431434567466E-002
         948   3.9665431434567466E-002
         949   3.9665431434567466E-002
         950   3.9665431434567466E-002
         951   3.9665431434567466E-002
         952   3.9665431434567466E-002
         953   3.9665431434567466E-002
         954   3.9665431434567466E-002
         955   3.9665431434567466E-002
         956   3.9665431434567466E-002
         957   3.9665431434567466E-002
         958   3.9665431434567466E-002
         959   3.9665431434567466E-002
         960   3.9665431434567466E-002
         961   3.9665431434567466E-002
         962   3.9665431434567466E-002
         963   3.9665431434567466E-002
         964   3.9665431434567466E-002
         965   3.9665431434567466E-002
         966   3.9665431434567466E-002
         967   3.9665431434567466E-002
         968   3.9665431434567466E-002
         969   3.9665431434567466E-002
         970   3.9665431434567466E-002
         971   3.9665431434567466E-002
         972   3.9665431434567466E-002
         973   3.9665431434567466E-002
         974   3.9665431434567466E-002
         975   3.9665431434567466E-002
         976   3.9665431434567466E-002
         977   3.9665431434567466E-002
         978   3.9665431434567466E-002
         979   3.9665431434567466E-002
         980   3.9665431434567466E-002
         981   3.9665431434567466E-002
         982   3.9665431434567466E-002
         983   3.9665431434567466E-002
         984   3.9665431434567466E-002
         985   3.9665431434567466E-002
         986   3.9665431434567466E-002
         987   3.9665431434567466E-002
         988   3.9665431434567466E-002
         989   3.9665431434567466E-002
         990   3.9665431434567466E-002
         991   3.9665431434567466E-002
         992   3.9665431434567466E-002
         993   3.9665431434567466E-002
         994   3.9665431434567466E-002
         995   3.9665431434567466E-002
         996   3.9665431434567466E-002
         997   3.9665431434567466E-002
         998   3.9665431434567466E-002
         999   3.9665431434567466E-002
        1000   3.9665431434567466E-002
        1001   3.9665431434567466E-002
        1002   3.9665431434567466E-002
        1003   3.9665431434567466E-002
        1004   3.9665431434567466E-002
        1005   3.9665431434567466E-002
        1006   3.9665431434567466E-002
        1007   3.9665431434567466E-002
        1008   3.9665431434567466E-002
        1009   3.9665431434567466E-002
        1010   3.9665431434567466E-002
        1011   3.9665431434567466E-002
        1012   3.9665431434567466E-002
        1013   3.9665431434567466E-002
        1014   3.9665431434567466E-002
        1015   3.9665431434567466E-002
        1016   3.9665431434567466E-002
        1017   3.9665431434567466E-002
        1018   3.9665431434567466E-002
        1019   3.9665431434567466E-002
        1020   3.9665431434567466E-002
        1021   3.9665431434567466E-002
        1022   3.9665431434567466E-002
        1023   3.9665431434567466E-002
        1024   3.9665431434567466E-002
        1025   3.9665431434567466E-002
        1026   3.9665431434567466E-002
        1027   3.9665431434567466E-002
        1028   3.9665431434567466E-002
        1029   3.9665431434567466E-002
        1030   3.9665431434567466E-002
        1031   3.9665431434567466E-002
        1032   3.9665431434567466E-002
        1033   3.9665431434567466E-002
        1034   3.9665431434567466E-002
        1035   3.9665431434567466E-002
        1036   3.9665431434567466E-002
        1037   3.9665431434567466E-002
        1038   3.9665431434567466E-002
        1039   3.9665431434567466E-002
        1040   3.9665431434567466E-002
        1041   3.9665431434567466E-002
        1042   3.9665431434567466E-002
        1043   3.9665431434567466E-002
        1044   3.9665431434567466E-002
        1045   3.9665431434567466E-002
        1046   3.9665431434567466E-002
        1047   3.9665431434567466E-002
        1048   3.9665431434567466E-002
        1049   3.9665431434567466E-002
        1050   3.9665431434567466E-002
        1051   3.9665431434567466E-002
        1052   3.9665431434567466E-002
        1053   3.9665431434567466E-002
        1054   3.9665431434567466E-002
        1055   3.9665431434567466E-002
        1056   3.9665431434567466E-002
        1057   3.9665431434567466E-002
        1058   3.9665431434567466E-002
        1059   3.9665431434567466E-002
        1060   3.9665431434567466E-002
        1061   3.9665431434567466E-002
        1062   3.9665431434567466E-002
        1063   3.9665431434567466E-002
        1064   3.9665431434567466E-002
        1065   3.9665431434567466E-002
        1066   3.9665431434567466E-002
        1067   3.9665431434567466E-002
        1068   3.9665431434567466E-002
        1069   3.9665431434567466E-002
        1070   3.9665431434567466E-002
        1071   3.9665431434567466E-002
        1072   3.9665431434567466E-002
        1073   3.9665431434567466E-002
        1074   3.9665431434567466E-002
        1075   3.9665431434567466E-002
        1076   3.9665431434567466E-002
        1077   3.9665431434567466E-002
        1078   3.9665431434567466E-002
        1079   3.9665431434567466E-002
        1080   3.9665431434567466E-002
        1081   3.9665431434567466E-002
        1082   3.9665431434567466E-002
        1083   3.9665431434567466E-002
        1084   3.9665431434567466E-002
        1085   3.9665431434567466E-002
        1086   3.9665431434567466E-002
        1087   3.9665431434567466E-002
        1088   3.9665431434567466E-002
        1089   3.9665431434567466E-002
        1090   3.9665431434567466E-002
        1091   3.9665431434567466E-002
        1092   3.9665431434567466E-002
        1093   3.9665431434567466E-002
        1094   3.9665431434567466E-002
        1095   3.9665431434567466E-002
        1096   3.9665431434567466E-002
        1097   3.9665431434567466E-002
        1098   3.9665431434567466E-002
        1099   3.9665431434567466E-002
        1100   3.9665431434567466E-002
        1101   3.9665431434567466E-002
        1102   3.9665431434567466E-002
        1103   3.9665431434567466E-002
        1104   3.9665431434567466E-002
        1105   3.9665431434567466E-002
        1106   3.9665431434567466E-002
        1107   3.9665431434567466E-002
        1108   3.9665431434567466E-002
        1109   3.9665431434567466E-002
        1110   3.9665431434567466E-002
        1111   3.9665431434567466E-002
        1112   3.9665431434567466E-002
        1113   3.9665431434567466E-002
        1114   3.9665431434567466E-002
        1115   3.9665431434567466E-002
        1116   3.9665431434567466E-002
        1117   3.9665431434567466E-002
        1118   3.9665431434567466E-002
        1119   3.9665431434567466E-002
        1120   3.9665431434567466E-002
        1121   3.9665431434567466E-002
        1122   3.9665431434567466E-002
        1123   3.9665431434567466E-002
        1124   3.9665431434567466E-002
        1125   3.9665431434567466E-002
        1126   3.9665431434567466E-002
        1127   3.9665431434567466E-002
        1128   3.9665431434567466E-002
        1129   3.9665431434567466E-002
        1130   3.9665431434567466E-002
        1131   3.9665431434567466E-002
        1132   3.9665431434567466E-002
        1133   3.9665431434567466E-002
        1134   3.9665431434567466E-002
        1135   3.9665431434567466E-002
        1136   3.9665431434567466E-002
        1137   3.9665431434567466E-002
        1138   3.9665431434567466E-002
        1139   3.9665431434567466E-002
        1140   3.9665431434567466E-002
        1141   3.9665431434567466E-002
        1142   3.9665431434567466E-002
        1143   3.9665431434567466E-002
        1144   3.9665431434567466E-002
        1145   3.9665431434567466E-002
        1146   3.9665431434567466E-002
        1147   3.9665431434567466E-002
        1148   3.9665431434567466E-002
        1149   3.9665431434567466E-002
        1150   3.9665431434567466E-002
        1151   3.9665431434567466E-002
        1152   3.9665431434567466E-002
        1153   3.9665431434567466E-002
        1154   3.9665431434567466E-002
        1155   3.9665431434567466E-002
        1156   3.9665431434567466E-002
        1157   3.9665431434567466E-002
        1158   3.9665431434567466E-002
        1159   3.9665431434567466E-002
        1160   3.9665431434567466E-002
        1161   3.9665431434567466E-002
        1162   3.9665431434567466E-002
        1163   3.9665431434567466E-002
        1164   3.9665431434567466E-002
        1165   3.9665431434567466E-002
        1166   3.9665431434567466E-002
        1167   3.9665431434567466E-002
        1168   3.9665431434567466E-002
        1169   3.9665431434567466E-002
        1170   3.9665431434567466E-002
        1171   3.9665431434567466E-002
        1172   3.9665431434567466E-002
        1173   3.9665431434567466E-002
        1174   3.9665431434567466E-002
        1175   3.9665431434567466E-002
        1176   3.9665431434567466E-002
        1177   3.9665431434567466E-002
        1178   3.9665431434567466E-002
        1179   3.9665431434567466E-002
        1180   3.9665431434567466E-002
        1181   3.9665431434567466E-002
        1182   3.9665431434567466E-002
        1183   3.9665431434567466E-002
        1184   3.9665431434567466E-002
        1185   3.9665431434567466E-002
        1186   3.9665431434567466E-002
        1187   3.9665431434567466E-002
        1188   3.9665431434567466E-002
        1189   3.9665431434567466E-002
        1190   3.9665431434567466E-002
        1191   3.9665431434567466E-002
        1192   3.9665431434567466E-002
        1193   3.9665431434567466E-002
        1194   3.9665431434567466E-002
        1195   3.9665431434567466E-002
        1196   3.9665431434567466E-002
        1197   3.9665431434567466E-002
        1198   3.9665431434567466E-002
        1199   3.9665431434567466E-002
        1200   3.9665431434567466E-002
        1201   3.9665431434567466E-002
        1202   3.9665431434567466E-002
        1203   3.9665431434567466E-002
        1204   3.9665431434567466E-002
        1205   3.9665431434567466E-002
        1206   3.9665431434567466E-002
        1207   3.9665431434567466E-002
        1208   3.9665431434567466E-002
        1209   3.9665431434567466E-002
        1210   3.9665431434567466E-002
        1211   3.9665431434567466E-002
        1212   3.9665431434567466E-002
        1213   3.9665431434567466E-002
        1214   3.9665431434567466E-002
        1215   3.9665431434567466E-002
        1216   3.9665431434567466E-002
        1217   3.9665431434567466E-002
        1218   3.9665431434567466E-002
        1219   3.9665431434567466E-002
        1220   3.9665431434567466E-002
        1221   3.9665431434567466E-002
        1222   3.9665431434567466E-002
        1223   3.9665431434567466E-002
        1224   3.9665431434567466E-002
        1225   3.9665431434567466E-002
        1226   3.9665431434567466E-002
        1227   3.9665431434567466E-002
        1228   3.9665431434567466E-002
        1229   3.9665431434567466E-002
        1230   3.9665431434567466E-002
        1231   3.9665431434567466E-002
        1232   3.9665431434567466E-002
        1233   3.9665431434567466E-002
        1234   3.9665431434567466E-002
        1235   3.9665431434567466E-002
        1236   3.9665431434567466E-002
        1237   3.9665431434567466E-002
        1238   3.9665431434567466E-002
        1239   3.9665431434567466E-002
        1240   3.9665431434567466E-002
        1241   3.9665431434567466E-002
        1242   3.9665431434567466E-002
        1243   3.9665431434567466E-002
        1244   3.9665431434567466E-002
        1245   3.9665431434567466E-002
        1246   3.9665431434567466E-002
        1247   3.9665431434567466E-002
        1248   3.9665431434567466E-002
        1249   3.9665431434567466E-002
        1250   3.9665431434567466E-002
        1251   3.9665431434567466E-002
        1252   3.9665431434567466E-002
        1253   3.9665431434567466E-002
        1254   3.9665431434567466E-002
        1255   3.9665431434567466E-002
        1256   3.9665431434567466E-002
        1257   3.9665431434567466E-002
        1258   3.9665431434567466E-002
        1259   3.9665431434567466E-002
        1260   3.9665431434567466E-002
        1261   3.9665431434567466E-002
        1262   3.9665431434567466E-002
        1263   3.9665431434567466E-002
        1264   3.9665431434567466E-002
        1265   3.9665431434567466E-002
        1266   3.9665431434567466E-002
        1267   3.9665431434567466E-002
        1268   3.9665431434567466E-002
        1269   3.9665431434567466E-002
        1270   3.9665431434567466E-002
        1271   3.9665431434567466E-002
        1272   3.9665431434567466E-002
        1273   3.9665431434567466E-002
        1274   3.9665431434567466E-002
        1275   3.9665431434567466E-002
        1276   3.9665431434567466E-002
        1277   3.9665431434567466E-002
        1278   3.9665431434567466E-002
        1279   3.9665431434567466E-002
        1280   3.9665431434567466E-002
        1281   3.9665431434567466E-002
        1282   3.9665431434567466E-002
        1283   3.9665431434567466E-002
        1284   3.9665431434567466E-002
        1285   3.9665431434567466E-002
        1286   3.9665431434567466E-002
        1287   3.9665431434567466E-002
        1288   3.9665431434567466E-002
        1289   3.9665431434567466E-002
        1290   3.9665431434567466E-002
        1291   3.9665431434567466E-002
        1292   3.9665431434567466E-002
        1293   3.9665431434567466E-002
        1294   3.9665431434567466E-002
        1295   3.9665431434567466E-002
        1296   3.9665431434567466E-002
        1297   3.9665431434567466E-002
        1298   3.9665431434567466E-002
        1299   3.9665431434567466E-002
        1300   3.9665431434567466E-002
        1301   3.9665431434567466E-002
        1302   3.9665431434567466E-002
        1303   3.9665431434567466E-002
        1304   3.9665431434567466E-002
        1305   3.9665431434567466E-002
        1306   3.9665431434567466E-002
        1307   3.9665431434567466E-002
        1308   3.9665431434567466E-002
        1309   3.9665431434567466E-002
        1310   3.9665431434567466E-002
        1311   3.9665431434567466E-002
        1312   3.9665431434567466E-002
        1313   3.9665431434567466E-002
        1314   3.9665431434567466E-002
        1315   3.9665431434567466E-002
        1316   3.9665431434567466E-002
        1317   3.9665431434567466E-002
        1318   3.9665431434567466E-002
        1319   3.9665431434567466E-002
        1320   3.9665431434567466E-002
        1321   3.9665431434567466E-002
        1322   3.9665431434567466E-002
        1323   3.9665431434567466E-002
        1324   3.9665431434567466E-002
        1325   3.9665431434567466E-002
        1326   3.9665431434567466E-002
        1327   3.9665431434567466E-002
        1328   3.9665431434567466E-002
        1329   3.9665431434567466E-002
        1330   3.9665431434567466E-002
        1331   3.9665431434567466E-002
        1332   3.9665431434567466E-002
        1333   3.9665431434567466E-002
        1334   3.9665431434567466E-002
        1335   3.9665431434567466E-002
        1336   3.9665431434567466E-002
        1337   3.9665431434567466E-002
        1338   3.9665431434567466E-002
        1339   3.9665431434567466E-002
        1340   3.9665431434567466E-002
        1341   3.9665431434567466E-002
        1342   3.9665431434567466E-002
        1343   3.9665431434567466E-002
        1344   3.9665431434567466E-002
        1345   3.9665431434567466E-002
        1346   3.9665431434567466E-002
        1347   3.9665431434567466E-002
        1348   3.9665431434567466E-002
        1349   3.9665431434567466E-002
        1350   3.9665431434567466E-002
        1351   3.9665431434567466E-002
        1352   3.9665431434567466E-002
        1353   3.9665431434567466E-002
        1354   3.9665431434567466E-002
        1355   3.9665431434567466E-002
        1356   3.9665431434567466E-002
        1357   3.9665431434567466E-002
        1358   3.9665431434567466E-002
        1359   3.9665431434567466E-002
        1360   3.9665431434567466E-002
        1361   3.9665431434567466E-002
        1362   3.9665431434567466E-002
        1363   3.9665431434567466E-002
        1364   3.9665431434567466E-002
        1365   3.9665431434567466E-002
        1366   3.9665431434567466E-002
        1367   3.9665431434567466E-002
        1368   3.9665431434567466E-002
        1369   3.9665431434567466E-002
        1370   3.9665431434567466E-002
        1371   3.9665431434567466E-002
        1372   3.9665431434567466E-002
        1373   3.9665431434567466E-002
        1374   3.9665431434567466E-002
        1375   3.9665431434567466E-002
        1376   3.9665431434567466E-002
        1377   3.9665431434567466E-002
        1378   3.9665431434567466E-002
        1379   3.9665431434567466E-002
        1380   3.9665431434567466E-002
        1381   3.9665431434567466E-002
        1382   3.9665431434567466E-002
        1383   3.9665431434567466E-002
        1384   3.9665431434567466E-002
        1385   3.9665431434567466E-002
        1386   3.9665431434567466E-002
        1387   3.9665431434567466E-002
        1388   3.9665431434567466E-002
        1389   3.9665431434567466E-002
        1390   3.9665431434567466E-002
        1391   3.9665431434567466E-002
        1392   3.9665431434567466E-002
        1393   3.9665431434567466E-002
        1394   3.9665431434567466E-002
        1395   3.9665431434567466E-002
        1396   3.9665431434567466E-002
        1397   3.9665431434567466E-002
        1398   3.9665431434567466E-002
        1399   3.9665431434567466E-002
        1400   3.9665431434567466E-002
        1401   3.9665431434567466E-002
        1402   3.9665431434567466E-002
        1403   3.9665431434567466E-002
        1404   3.9665431434567466E-002
        1405   3.9665431434567466E-002
        1406   3.9665431434567466E-002
        1407   3.9665431434567466E-002
        1408   3.9665431434567466E-002
        1409   3.9665431434567466E-002
        1410   3.9665431434567466E-002
        1411   3.9665431434567466E-002
        1412   3.9665431434567466E-002
        1413   3.9665431434567466E-002
        1414   3.9665431434567466E-002
        1415   3.9665431434567466E-002
        1416   3.9665431434567466E-002
        1417   3.9665431434567466E-002
        1418   3.9665431434567466E-002
        1419   3.9665431434567466E-002
        1420   3.9665431434567466E-002
        1421   3.9665431434567466E-002
        1422   3.9665431434567466E-002
        1423   3.9665431434567466E-002
        1424   3.9665431434567466E-002
        1425   3.9665431434567466E-002
        1426   3.9665431434567466E-002
        1427   3.9665431434567466E-002
        1428   3.9665431434567466E-002
        1429   3.9665431434567466E-002
        1430   3.9665431434567466E-002
        1431   3.9665431434567466E-002
        1432   3.9665431434567466E-002
        1433   3.9665431434567466E-002
        1434   3.9665431434567466E-002
        1435   3.9665431434567466E-002
        1436   3.9665431434567466E-002
        1437   3.9665431434567466E-002
        1438   3.9665431434567466E-002
        1439   3.9665431434567466E-002
        1440   3.9665431434567466E-002
        1441   3.9665431434567466E-002
        1442   3.9665431434567466E-002
        1443   3.9665431434567466E-002
        1444   3.9665431434567466E-002
        1445   3.9665431434567466E-002
        1446   3.9665431434567466E-002
        1447   3.9665431434567466E-002
        1448   3.9665431434567466E-002
        1449   3.9665431434567466E-002
        1450   3.9665431434567466E-002
        1451   3.9665431434567466E-002
        1452   3.9665431434567466E-002
        1453   3.9665431434567466E-002
        1454   3.9665431434567466E-002
        1455   3.9665431434567466E-002
        1456   3.9665431434567466E-002
        1457   3.9665431434567466E-002
        1458   3.9665431434567466E-002
        1459   3.9665431434567466E-002
        1460   3.9665431434567466E-002
        1461   3.9665431434567466E-002
        1462   3.9665431434567466E-002
        1463   3.9665431434567466E-002
        1464   3.9665431434567466E-002
        1465   3.9665431434567466E-002
        1466   3.9665431434567466E-002
        1467   3.9665431434567466E-002
        1468   3.9665431434567466E-002
        1469   3.9665431434567466E-002
        1470   3.9665431434567466E-002
        1471   3.9665431434567466E-002
        1472   3.9665431434567466E-002
        1473   3.9665431434567466E-002
        1474   3.9665431434567466E-002
        1475   3.9665431434567466E-002
        1476   3.9665431434567466E-002
        1477   3.9665431434567466E-002
        1478   3.9665431434567466E-002
        1479   3.9665431434567466E-002
        1480   3.9665431434567466E-002
        1481   3.9665431434567466E-002
        1482   3.9665431434567466E-002
        1483   3.9665431434567466E-002
        1484   3.9665431434567466E-002
        1485   3.9665431434567466E-002
        1486   3.9665431434567466E-002
        1487   3.9665431434567466E-002
        1488   3.9665431434567466E-002
        1489   3.9665431434567466E-002
        1490   3.9665431434567466E-002
        1491   3.9665431434567466E-002
        1492   3.9665431434567466E-002
        1493   3.9665431434567466E-002
        1494   3.9665431434567466E-002
        1495   3.9665431434567466E-002
        1496   3.9665431434567466E-002
        1497   3.9665431434567466E-002
        1498   3.9665431434567466E-002
        1499   3.9665431434567466E-002
        1500   3.9665431434567466E-002
        1501   3.9665431434567466E-002
        1502   3.9665431434567466E-002
        1503   3.9665431434567466E-002
        1504   3.9665431434567466E-002
        1505   3.9665431434567466E-002
        1506   3.9665431434567466E-002
        1507   3.9665431434567466E-002
        1508   3.9665431434567466E-002
        1509   3.9665431434567466E-002
        1510   3.9665431434567466E-002
        1511   3.9665431434567466E-002
        1512   3.9665431434567466E-002
        1513   3.9665431434567466E-002
        1514   3.9665431434567466E-002
        1515   3.9665431434567466E-002
        1516   3.9665431434567466E-002
        1517   3.9665431434567466E-002
        1518   3.9665431434567466E-002
        1519   3.9665431434567466E-002
        1520   3.9665431434567466E-002
        1521   3.9665431434567466E-002
        1522   3.9665431434567466E-002
        1523   3.9665431434567466E-002
        1524   3.9665431434567466E-002
        1525   3.9665431434567466E-002
        1526   3.9665431434567466E-002
        1527   3.9665431434567466E-002
        1528   3.9665431434567466E-002
        1529   3.9665431434567466E-002
        1530   3.9665431434567466E-002
        1531   3.9665431434567466E-002
        1532   3.9665431434567466E-002
        1533   3.9665431434567466E-002
        1534   3.9665431434567466E-002
        1535   3.9665431434567466E-002
        1536   3.9665431434567466E-002
        1537   3.9665431434567466E-002
        1538   3.9665431434567466E-002
        1539   3.9665431434567466E-002
        1540   3.9665431434567466E-002
        1541   3.9665431434567466E-002
        1542   3.9665431434567466E-002
        1543   3.9665431434567466E-002
        1544   3.9665431434567466E-002
        1545   3.9665431434567466E-002
        1546   3.9665431434567466E-002
        1547   3.9665431434567466E-002
        1548   3.9665431434567466E-002
        1549   3.9665431434567466E-002
        1550   3.9665431434567466E-002
        1551   3.9665431434567466E-002
        1552   3.9665431434567466E-002
        1553   3.9665431434567466E-002
        1554   3.9665431434567466E-002
        1555   3.9665431434567466E-002
        1556   3.9665431434567466E-002
        1557   3.9665431434567466E-002
        1558   3.9665431434567466E-002
        1559   3.9665431434567466E-002
        1560   3.9665431434567466E-002
        1561   3.9665431434567466E-002
        1562   3.9665431434567466E-002
        1563   3.9665431434567466E-002
        1564   3.9665431434567466E-002
        1565   3.9665431434567466E-002
        1566   3.9665431434567466E-002
        1567   3.9665431434567466E-002
        1568   3.9665431434567466E-002
        1569   3.9665431434567466E-002
        1570   3.9665431434567466E-002
        1571   3.9665431434567466E-002
        1572   3.9665431434567466E-002
        1573   3.9665431434567466E-002
        1574   3.9665431434567466E-002
        1575   3.9665431434567466E-002
        1576   3.9665431434567466E-002
        1577   3.9665431434567466E-002
        1578   3.9665431434567466E-002
        1579   3.9665431434567466E-002
        1580   3.9665431434567466E-002
        1581   3.9665431434567466E-002
        1582   3.9665431434567466E-002
        1583   3.9665431434567466E-002
        1584   3.9665431434567466E-002
        1585   3.9665431434567466E-002
        1586   3.9665431434567466E-002
        1587   3.9665431434567466E-002
        1588   3.9665431434567466E-002
        1589   3.9665431434567466E-002
        1590   3.9665431434567466E-002
        1591   3.9665431434567466E-002
        1592   3.9665431434567466E-002
        1593   3.9665431434567466E-002
        1594   3.9665431434567466E-002
        1595   3.9665431434567466E-002
        1596   3.9665431434567466E-002
        1597   3.9665431434567466E-002
        1598   3.9665431434567466E-002
        1599   3.9665431434567466E-002
        1600   3.9665431434567466E-002
        1601   3.9665431434567466E-002
        1602   3.9665431434567466E-002
        1603   3.9665431434567466E-002
        1604   3.9665431434567466E-002
        1605   3.9665431434567466E-002
        1606   3.9665431434567466E-002
        1607   3.9665431434567466E-002
        1608   3.9665431434567466E-002
        1609   3.9665431434567466E-002
        1610   3.9665431434567466E-002
        1611   3.9665431434567466E-002
        1612   3.9665431434567466E-002
        1613   3.9665431434567466E-002
        1614   3.9665431434567466E-002
        1615   3.9665431434567466E-002
        1616   3.9665431434567466E-002
        1617   3.9665431434567466E-002
        1618   3.9665431434567466E-002
        1619   3.9665431434567466E-002
        1620   3.9665431434567466E-002
        1621   3.9665431434567466E-002
        1622   3.9665431434567466E-002
        1623   3.9665431434567466E-002
        1624   3.9665431434567466E-002
        1625   3.9665431434567466E-002
        1626   3.9665431434567466E-002
        1627   3.9665431434567466E-002
        1628   3.9665431434567466E-002
        1629   3.9665431434567466E-002
        1630   3.9665431434567466E-002
        1631   3.9665431434567466E-002
        1632   3.9665431434567466E-002
        1633   3.9665431434567466E-002
        1634   3.9665431434567466E-002
        1635   3.9665431434567466E-002
        1636   3.9665431434567466E-002
        1637   3.9665431434567466E-002
        1638   3.9665431434567466E-002
        1639   3.9665431434567466E-002
        1640   3.9665431434567466E-002
        1641   3.9665431434567466E-002
        1642   3.9665431434567466E-002
        1643   3.9665431434567466E-002
        1644   3.9665431434567466E-002
        1645   3.9665431434567466E-002
        1646   3.9665431434567466E-002
        1647   3.9665431434567466E-002
        1648   3.9665431434567466E-002
        1649   3.9665431434567466E-002
        1650   3.9665431434567466E-002
        1651   3.9665431434567466E-002
        1652   3.9665431434567466E-002
        1653   3.9665431434567466E-002
        1654   3.9665431434567466E-002
        1655   3.9665431434567466E-002
        1656   3.9665431434567466E-002
        1657   3.9665431434567466E-002
        1658   3.9665431434567466E-002
        1659   3.9665431434567466E-002
        1660   3.9665431434567466E-002
        1661   3.9665431434567466E-002
        1662   3.9665431434567466E-002
        1663   3.9665431434567466E-002
        1664   3.9665431434567466E-002
        1665   3.9665431434567466E-002
        1666   3.9665431434567466E-002
        1667   3.9665431434567466E-002
        1668   3.9665431434567466E-002
        1669   3.9665431434567466E-002
        1670   3.9665431434567466E-002
        1671   3.9665431434567466E-002
        1672   3.9665431434567466E-002
        1673   3.9665431434567466E-002
        1674   3.9665431434567466E-002
        1675   3.9665431434567466E-002
        1676   3.9665431434567466E-002
        1677   3.9665431434567466E-002
        1678   3.9665431434567466E-002
        1679   3.9665431434567466E-002
        1680   3.9665431434567466E-002
        1681   3.9665431434567466E-002
        1682   3.9665431434567466E-002
        1683   3.9665431434567466E-002
        1684   3.9665431434567466E-002
        1685   3.9665431434567466E-002
        1686   3.9665431434567466E-002
        1687   3.9665431434567466E-002
        1688   3.9665431434567466E-002
        1689   3.9665431434567466E-002
        1690   3.9665431434567466E-002
        1691   3.9665431434567466E-002
        1692   3.9665431434567466E-002
        1693   3.9665431434567466E-002
        1694   3.9665431434567466E-002
        1695   3.9665431434567466E-002
        1696   3.9665431434567466E-002
        1697   3.9665431434567466E-002
        1698   3.9665431434567466E-002
        1699   3.9665431434567466E-002
        1700   3.9665431434567466E-002
        1701   3.9665431434567466E-002
        1702   3.9665431434567466E-002
        1703   3.9665431434567466E-002
        1704   3.9665431434567466E-002
        1705   3.9665431434567466E-002
        1706   3.9665431434567466E-002
        1707   3.9665431434567466E-002
        1708   3.9665431434567466E-002
        1709   3.9665431434567466E-002
        1710   3.9665431434567466E-002
        1711   3.9665431434567466E-002
        1712   3.9665431434567466E-002
        1713   3.9665431434567466E-002
        1714   3.9665431434567466E-002
        1715   3.9665431434567466E-002
        1716   3.9665431434567466E-002
        1717   3.9665431434567466E-002
        1718   3.9665431434567466E-002
        1719   3.9665431434567466E-002
        1720   3.9665431434567466E-002
        1721   3.9665431434567466E-002
        1722   3.9665431434567466E-002
        1723   3.9665431434567466E-002
        1724   3.9665431434567466E-002
        1725   3.9665431434567466E-002
        1726   3.9665431434567466E-002
        1727   3.9665431434567466E-002
        1728   3.9665431434567466E-002
        1729   3.9665431434567466E-002
        1730   3.9665431434567466E-002
        1731   3.9665431434567466E-002
        1732   3.9665431434567466E-002
        1733   3.9665431434567466E-002
        1734   3.9665431434567466E-002
        1735   3.9665431434567466E-002
        1736   3.9665431434567466E-002
        1737   3.9665431434567466E-002
        1738   3.9665431434567466E-002
        1739   3.9665431434567466E-002
        1740   3.9665431434567466E-002
        1741   3.9665431434567466E-002
        1742   3.9665431434567466E-002
        1743   3.9665431434567466E-002
        1744   3.9665431434567466E-002
        1745   3.9665431434567466E-002
        1746   3.9665431434567466E-002
        1747   3.9665431434567466E-002
        1748   3.9665431434567466E-002
        1749   3.9665431434567466E-002
        1750   3.9665431434567466E-002
        1751   3.9665431434567466E-002
        1752   3.9665431434567466E-002
        1753   3.9665431434567466E-002
        1754   3.9665431434567466E-002
        1755   3.9665431434567466E-002
        1756   3.9665431434567466E-002
        1757   3.9665431434567466E-002
        1758   3.9665431434567466E-002
        1759   3.9665431434567466E-002
        1760   3.9665431434567466E-002
        1761   3.9665431434567466E-002
        1762   3.9665431434567466E-002
        1763   3.9665431434567466E-002
        1764   3.9665431434567466E-002
        1765   3.9665431434567466E-002
        1766   3.9665431434567466E-002
        1767   3.9665431434567466E-002
        1768   3.9665431434567466E-002
        1769   3.9665431434567466E-002
        1770   3.9665431434567466E-002
        1771   3.9665431434567466E-002
        1772   3.9665431434567466E-002
        1773   3.9665431434567466E-002
        1774   3.9665431434567466E-002
        1775   3.9665431434567466E-002
        1776   3.9665431434567466E-002
        1777   3.9665431434567466E-002
        1778   3.9665431434567466E-002
        1779   3.9665431434567466E-002
        1780   3.9665431434567466E-002
        1781   3.9665431434567466E-002
        1782   3.9665431434567466E-002
        1783   3.9665431434567466E-002
        1784   3.9665431434567466E-002
        1785   3.9665431434567466E-002
        1786   3.9665431434567466E-002
        1787   3.9665431434567466E-002
        1788   3.9665431434567466E-002
        1789   3.9665431434567466E-002
        1790   3.9665431434567466E-002
        1791   3.9665431434567466E-002
        1792   3.9665431434567466E-002
        1793   3.9665431434567466E-002
        1794   3.9665431434567466E-002
        1795   3.9665431434567466E-002
        1796   3.9665431434567466E-002
        1797   3.9665431434567466E-002
        1798   3.9665431434567466E-002
        1799   3.9665431434567466E-002
        1800   3.9665431434567466E-002
        1801   3.9665431434567466E-002
        1802   3.9665431434567466E-002
        1803   3.9665431434567466E-002
        1804   3.9665431434567466E-002
        1805   3.9665431434567466E-002
        1806   3.9665431434567466E-002
        1807   3.9665431434567466E-002
        1808   3.9665431434567466E-002
        1809   3.9665431434567466E-002
        1810   3.9665431434567466E-002
        1811   3.9665431434567466E-002
        1812   3.9665431434567466E-002
        1813   3.9665431434567466E-002
        1814   3.9665431434567466E-002
        1815   3.9665431434567466E-002
        1816   3.9665431434567466E-002
        1817   3.9665431434567466E-002
        1818   3.9665431434567466E-002
        1819   3.9665431434567466E-002
        1820   3.9665431434567466E-002
        1821   3.9665431434567466E-002
        1822   3.9665431434567466E-002
        1823   3.9665431434567466E-002
        1824   3.9665431434567466E-002
        1825   3.9665431434567466E-002
        1826   3.9665431434567466E-002
        1827   3.9665431434567466E-002
        1828   3.9665431434567466E-002
        1829   3.9665431434567466E-002
        1830   3.9665431434567466E-002
        1831   3.9665431434567466E-002
        1832   3.9665431434567466E-002
        1833   3.9665431434567466E-002
        1834   3.9665431434567466E-002
        1835   3.9665431434567466E-002
        1836   3.9665431434567466E-002
        1837   3.9665431434567466E-002
        1838   3.9665431434567466E-002
        1839   3.9665431434567466E-002
        1840   3.9665431434567466E-002
        1841   3.9665431434567466E-002
        1842   3.9665431434567466E-002
        1843   3.9665431434567466E-002
        1844   3.9665431434567466E-002
        1845   3.9665431434567466E-002
        1846   3.9665431434567466E-002
        1847   3.9665431434567466E-002
        1848   3.9665431434567466E-002
        1849   3.9665431434567466E-002
        1850   3.9665431434567466E-002
        1851   3.9665431434567466E-002
        1852   3.9665431434567466E-002
        1853   3.9665431434567466E-002
        1854   3.9665431434567466E-002
        1855   3.9665431434567466E-002
        1856   3.9665431434567466E-002
        1857   3.9665431434567466E-002
        1858   3.9665431434567466E-002
        1859   3.9665431434567466E-002
        1860   3.9665431434567466E-002
        1861   3.9665431434567466E-002
        1862   3.9665431434567466E-002
        1863   3.9665431434567466E-002
        1864   3.9665431434567466E-002
        1865   3.9665431434567466E-002
        1866   3.9665431434567466E-002
        1867   3.9665431434567466E-002
        1868   3.9665431434567466E-002
        1869   3.9665431434567466E-002
        1870   3.9665431434567466E-002
        1871   3.9665431434567466E-002
        1872   3.9665431434567466E-002
        1873   3.9665431434567466E-002
        1874   3.9665431434567466E-002
        1875   3.9665431434567466E-002
        1876   3.9665431434567466E-002
        1877   3.9665431434567466E-002
        1878   3.9665431434567466E-002
        1879   3.9665431434567466E-002
        1880   3.9665431434567466E-002
        1881   3.9665431434567466E-002
        1882   3.9665431434567466E-002
        1883   3.9665431434567466E-002
        1884   3.9665431434567466E-002
        1885   3.9665431434567466E-002
        1886   3.9665431434567466E-002
        1887   3.9665431434567466E-002
        1888   3.9665431434567466E-002
        1889   3.9665431434567466E-002
        1890   3.9665431434567466E-002
        1891   3.9665431434567466E-002
        1892   3.9665431434567466E-002
        1893   3.9665431434567466E-002
        1894   3.9665431434567466E-002
        1895   3.9665431434567466E-002
        1896   3.9665431434567466E-002
        1897   3.9665431434567466E-002
        1898   3.9665431434567466E-002
        1899   3.9665431434567466E-002
        1900   3.9665431434567466E-002
        1901   3.9665431434567466E-002
        1902   3.9665431434567466E-002
        1903   3.9665431434567466E-002
        1904   3.9665431434567466E-002
        1905   3.9665431434567466E-002
        1906   3.9665431434567466E-002
        1907   3.9665431434567466E-002
        1908   3.9665431434567466E-002
        1909   3.9665431434567466E-002
        1910   3.9665431434567466E-002
        1911   3.9665431434567466E-002
        1912   1.9832715717283733E-002
        1913   1.9832715717283733E-002
        1914   1.9832715717283733E-002
        1915   1.9832715717283733E-002
        1916   1.9832715717283733E-002
        1917   1.9832715717283733E-002
        1918   1.9832715717283733E-002
        1919   1.9832715717283733E-002
        1920   1.9832715717283733E-002
        1921   1.9832715717283733E-002
        1922   1.9832715717283733E-002
        1923   1.9832715717283733E-002
        1924   1.9832715717283733E-002
        1925   1.9832715717283733E-002
        1926   1.9832715717283733E-002
        1927   1.9832715717283733E-002
        1928   1.9832715717283733E-002
        1929   1.9832715717283733E-002
        1930   1.9832715717283733E-002
        1931   1.9832715717283733E-002
        1932   1.9832715717283733E-002
        1933   1.9832715717283733E-002
        1934   1.9832715717283733E-002
        1935   1.9832715717283733E-002
        1936   1.9832715717283733E-002
        1937   1.9832715717283733E-002
        1938   1.9832715717283733E-002
        1939   1.9832715717283733E-002
        1940   1.9832715717283733E-002
        1941   1.9832715717283733E-002
        1942   1.9832715717283733E-002
        1943   1.9832715717283733E-002
        1944   1.9832715717283733E-002
        1945   1.9832715717283733E-002
        1946   1.9832715717283733E-002
        1947   1.9832715717283733E-002
        1948   1.9832715717283733E-002
        1949   1.9832715717283733E-002
        1950   1.9832715717283733E-002
        1951   1.9832715717283733E-002
        1952   1.9832715717283733E-002
        1953   1.9832715717283733E-002
        1954   1.9832715717283733E-002
        1955   1.9832715717283733E-002
        1956   1.9832715717283733E-002
        1957   1.9832715717283733E-002
        1958   1.9832715717283733E-002
        1959   1.9832715717283733E-002
        1960   1.9832715717283733E-002
        1961   1.9832715717283733E-002
        1962   1.9832715717283733E-002
        1963   1.9832715717283733E-002
        1964   1.9832715717283733E-002
        1965   1.9832715717283733E-002
        1966   1.9832715717283733E-002
        1967   1.9832715717283733E-002
        1968   1.9832715717283733E-002
        1969   1.9832715717283733E-002
        1970   1.9832715717283733E-002
        1971   1.9832715717283733E-002
        1972   1.9832715717283733E-002
        1973   1.9832715717283733E-002
        1974   1.9832715717283733E-002
        1975   1.9832715717283733E-002
        1976   1.9832715717283733E-002
        1977   1.9832715717283733E-002
        1978   1.9832715717283733E-002
        1979   1.9832715717283733E-002
        1980   1.9832715717283733E-002
        1981   1.9832715717283733E-002
        1982   1.9832715717283733E-002
        1983   1.9832715717283733E-002
        1984   1.9832715717283733E-002
        1985   1.9832715717283733E-002
        1986   1.9832715717283733E-002
        1987   1.9832715717283733E-002
        1988   1.9832715717283733E-002
        1989   1.9832715717283733E-002
        1990   1.9832715717283733E-002
        1991   1.9832715717283733E-002
        1992   1.9832715717283733E-002
        1993   1.9832715717283733E-002
        1994   1.9832715717283733E-002
        1995   1.9832715717283733E-002
        1996   1.9832715717283733E-002
        1997   1.9832715717283733E-002
        1998   1.9832715717283733E-002
        1999   1.9832715717283733E-002
        2000   1.9832715717283733E-002
        2001   1.9832715717283733E-002
        2002   1.9832715717283733E-002
        2003   1.9832715717283733E-002
        2004   1.9832715717283733E-002
        2005   1.9832715717283733E-002
        2006   1.9832715717283733E-002
        2007   1.9832715717283733E-002
        2008   1.9832715717283733E-002
        2009   1.9832715717283733E-002
        2010   1.9832715717283733E-002
        2011   1.9832715717283733E-002
        2012   1.9832715717283733E-002
        2013   1.9832715717283733E-002
        2014   1.9832715717283733E-002
        2015   1.9832715717283733E-002
        2016   1.9832715717283733E-002
        2017   1.9832715717283733E-002
        2018   1.9832715717283733E-002
        2019   1.9832715717283733E-002
        2020   1.9832715717283733E-002
        2021   1.9832715717283733E-002
        2022   1.9832715717283733E-002
        2023   1.9832715717283733E-002
        2024   1.9832715717283733E-002
        2025   1.9832715717283733E-002
        2026   1.9832715717283733E-002
        2027   1.9832715717283733E-002
        2028   1.9832715717283733E-002
        2029   1.9832715717283733E-002
        2030   1.9832715717283733E-002
        2031   1.9832715717283733E-002
        2032   1.9832715717283733E-002
        2033   1.9832715717283733E-002
        2034   1.9832715717283733E-002
        2035   1.9832715717283733E-002
        2036   1.9832715717283733E-002
        2037   1.9832715717283733E-002
        2038   1.9832715717283733E-002
        2039   1.9832715717283733E-002
        2040   1.9832715717283733E-002
        2041   1.9832715717283733E-002
        2042   1.9832715717283733E-002
        2043   1.9832715717283733E-002
        2044   1.9832715717283733E-002
        2045   1.9832715717283733E-002
        2046   1.9832715717283733E-002
        2047   1.9832715717283733E-002
        2048   1.9832715717283733E-002
        2049   1.9832715717283733E-002
        2050   1.9832715717283733E-002
        2051   1.9832715717283733E-002
        2052   1.9832715717283733E-002
        2053   1.9832715717283733E-002
        2054   1.9832715717283733E-002
        2055   1.9832715717283733E-002
        2056   1.9832715717283733E-002
        2057   1.9832715717283733E-002
        2058   1.9832715717283733E-002
        2059   1.9832715717283733E-002
        2060   1.9832715717283733E-002
        2061   1.9832715717283733E-002
        2062   1.9832715717283733E-002
        2063   1.9832715717283733E-002
        2064   1.9832715717283733E-002
        2065   1.9832715717283733E-002
        2066   1.9832715717283733E-002
        2067   1.9832715717283733E-002
        2068   1.9832715717283733E-002
        2069   1.9832715717283733E-002
        2070   1.9832715717283733E-002
        2071   1.9832715717283733E-002
        2072   1.9832715717283733E-002
        2073   1.9832715717283733E-002
        2074   1.9832715717283733E-002
        2075   1.9832715717283733E-002
        2076   1.9832715717283733E-002
        2077   1.9832715717283733E-002
        2078   1.9832715717283733E-002
        2079   1.9832715717283733E-002
        2080   1.9832715717283733E-002
        2081   1.9832715717283733E-002
        2082   1.9832715717283733E-002
        2083   1.9832715717283733E-002
        2084   1.9832715717283733E-002
        2085   1.9832715717283733E-002
        2086   1.9832715717283733E-002
        2087   1.9832715717283733E-002
        2088   1.9832715717283733E-002
        2089   1.9832715717283733E-002
        2090   1.9832715717283733E-002
        2091   1.9832715717283733E-002
        2092   1.9832715717283733E-002
        2093   1.9832715717283733E-002
        2094   1.9832715717283733E-002
        2095   1.9832715717283733E-002
        2096   1.9832715717283733E-002
        2097   1.9832715717283733E-002
        2098   1.9832715717283733E-002
        2099   1.9832715717283733E-002
        2100   1.9832715717283733E-002
        2101   1.9832715717283733E-002
        2102   1.9832715717283733E-002
        2103   1.9832715717283733E-002
        2104   1.9832715717283733E-002
        2105   1.9832715717283733E-002
        2106   1.9832715717283733E-002
        2107   1.9832715717283733E-002
        2108   1.9832715717283733E-002
        2109   1.9832715717283733E-002
        2110   1.9832715717283733E-002
        2111   1.9832715717283733E-002
        2112   1.9832715717283733E-002
        2113   1.9832715717283733E-002
        2114   1.9832715717283733E-002
        2115   1.9832715717283733E-002
        2116   1.9832715717283733E-002
        2117   1.9832715717283733E-002
        2118   1.9832715717283733E-002
        2119   1.9832715717283733E-002
        2120   1.9832715717283733E-002
        2121   1.9832715717283733E-002
        2122   1.9832715717283733E-002
        2123   1.9832715717283733E-002
        2124   1.9832715717283733E-002
        2125   1.9832715717283733E-002
        2126   1.9832715717283733E-002
        2127   1.9832715717283733E-002
        2128   1.9832715717283733E-002
        2129   1.9832715717283733E-002
        2130   1.9832715717283733E-002
        2131   1.9832715717283733E-002
        2132   1.9832715717283733E-002
        2133   1.9832715717283733E-002
        2134   1.9832715717283733E-002
        2135   1.9832715717283733E-002
        2136   1.9832715717283733E-002
        2137   1.9832715717283733E-002
        2138   1.9832715717283733E-002
        2139   1.9832715717283733E-002
        2140   1.9832715717283733E-002
        2141   1.9832715717283733E-002
        2142   1.9832715717283733E-002
        2143   1.9832715717283733E-002
        2144   1.9832715717283733E-002
        2145   1.9832715717283733E-002
        2146   1.9832715717283733E-002
        2147   1.9832715717283733E-002
        2148   1.9832715717283733E-002
        2149   1.9832715717283733E-002
        2150   1.9832715717283733E-002
        2151   1.9832715717283733E-002
        2152   1.9832715717283733E-002
        2153   1.9832715717283733E-002
        2154   1.9832715717283733E-002
        2155   1.9832715717283733E-002
        2156   1.9832715717283733E-002
        2157   1.9832715717283733E-002
        2158   1.9832715717283733E-002
        2159   1.9832715717283733E-002
        2160   1.9832715717283733E-002
        2161   1.9832715717283733E-002
        2162   1.9832715717283733E-002
        2163   1.9832715717283733E-002
        2164   1.9832715717283733E-002
        2165   1.9832715717283733E-002
        2166   1.9832715717283733E-002
        2167   1.9832715717283733E-002
        2168   1.9832715717283733E-002
        2169   1.9832715717283733E-002
        2170   1.9832715717283733E-002
        2171   1.9832715717283733E-002
        2172   1.9832715717283733E-002
        2173   1.9832715717283733E-002
        2174   1.9832715717283733E-002
        2175   1.9832715717283733E-002
        2176   1.9832715717283733E-002
        2177   1.9832715717283733E-002
        2178   1.9832715717283733E-002
        2179   1.9832715717283733E-002
        2180   1.9832715717283733E-002
        2181   1.9832715717283733E-002
        2182   1.9832715717283733E-002
        2183   1.9832715717283733E-002
        2184   1.9832715717283733E-002
        2185   1.9832715717283733E-002
        2186   1.9832715717283733E-002
        2187   1.9832715717283733E-002
        2188   1.9832715717283733E-002
        2189   1.9832715717283733E-002
        2190   1.9832715717283733E-002
        2191   1.9832715717283733E-002
        2192   1.9832715717283733E-002
        2193   1.9832715717283733E-002
        2194   1.9832715717283733E-002
        2195   1.9832715717283733E-002
        2196   1.9832715717283733E-002
        2197   1.9832715717283733E-002
        2198   1.9832715717283733E-002
        2199   1.9832715717283733E-002
        2200   1.9832715717283733E-002
        2201   1.9832715717283733E-002
        2202   1.9832715717283733E-002
        2203   1.9832715717283733E-002
        2204   1.9832715717283733E-002
        2205   1.9832715717283733E-002
        2206   1.9832715717283733E-002
        2207   1.9832715717283733E-002
        2208   1.9832715717283733E-002
        2209   1.9832715717283733E-002
        2210   1.9832715717283733E-002
        2211   1.9832715717283733E-002
        2212   1.9832715717283733E-002
        2213   1.9832715717283733E-002
        2214   1.9832715717283733E-002
        2215   1.9832715717283733E-002
        2216   1.9832715717283733E-002
        2217   1.9832715717283733E-002
        2218   1.9832715717283733E-002
        2219   1.9832715717283733E-002
        2220   1.9832715717283733E-002
        2221   1.9832715717283733E-002
        2222   1.9832715717283733E-002
        2223   1.9832715717283733E-002
        2224   1.9832715717283733E-002
        2225   1.9832715717283733E-002
        2226   1.9832715717283733E-002
        2227   1.9832715717283733E-002
        2228   1.9832715717283733E-002
        2229   1.9832715717283733E-002
        2230   1.9832715717283733E-002
        2231   1.9832715717283733E-002
        2232   1.9832715717283733E-002
        2233   1.9832715717283733E-002
        2234   1.9832715717283733E-002
        2235   1.9832715717283733E-002
        2236   1.9832715717283733E-002
        2237   1.9832715717283733E-002
        2238   1.9832715717283733E-002
        2239   1.9832715717283733E-002
        2240   1.9832715717283733E-002
        2241   1.9832715717283733E-002
        2242   1.9832715717283733E-002
        2243   1.9832715717283733E-002
        2244   1.9832715717283733E-002
        2245   1.9832715717283733E-002
        2246   1.9832715717283733E-002
        2247   1.9832715717283733E-002
        2248   1.9832715717283733E-002
        2249   1.9832715717283733E-002
        2250   0.0000000000000000     
