           1   19.695665197368008     
           2   18.749830056250534     
           3   16.335665197368016     
           4   6.5111952436305609     
           5   6.5111952436305609     
           6   5.2004821144995814     
           7   5.2004821144995814     
           8   3.4116702822349563     
           9   3.4116702822349563     
          10   3.4116702822349563     
          11   3.4116702822349563     
          12   3.4116702822349563     
          13   3.4116702822349563     
          14   3.4116702822349563     
          15   3.4116702822349563     
          16   3.4116702822349563     
          17   3.4116702822349563     
          18   3.4116702822349563     
          19   3.4116702822349563     
          20   3.4116702822349563     
          21   3.4116702822349563     
          22   3.4116702822349563     
          23   3.4116702822349563     
          24   3.4116702822349563     
          25   3.4116702822349563     
          26   3.4116702822349563     
          27   3.4116702822349563     
          28   3.4116702822349563     
          29   3.4116702822349563     
          30   3.4116702822349563     
          31   3.4116702822349563     
          32   3.4116702822349563     
          33   3.4116702822349563     
          34   3.4116702822349563     
          35   3.4116702822349563     
          36   3.4116702822349563     
          37   3.4116702822349563     
          38   2.5111878239036880     
          39   2.4311878239036826     
          40   2.4311878239036826     
          41   2.4311878239036826     
          42   2.4311878239036826     
          43   2.4311878239036826     
          44   2.3550213755689171     
          45   2.3550213755689171     
          46   2.3550213755689171     
          47   2.3550213755689171     
          48   2.3550213755689171     
          49   2.3550213755689171     
          50   2.3550213755689171     
          51   2.3550213755689171     
          52   2.3550213755689171     
          53   2.3550213755689171     
          54   2.3550213755689171     
          55   2.3550213755689171     
          56   2.2372804795683408     
          57   2.2372804795683408     
          58   2.2372804795683408     
          59   2.2372804795683408     
          60   2.2372804795683408     
          61   2.2372804795683408     
          62   2.2372804795683408     
          63   2.2372804795683408     
          64   2.2372804795683408     
          65   2.2372804795683408     
          66   2.2372804795683408     
          67   2.2372804795683408     
          68   2.2372804795683408     
          69   2.2372804795683408     
          70   2.1192529868552263     
          71   2.1192529868552263     
          72   2.1192529868552263     
          73   1.1192529868552263     
          74   1.1192529868552263     
          75   1.1192529868552263     
          76   1.1192529868552263     
          77   1.1192529868552263     
          78   1.1192529868552263     
          79   1.1192529868552263     
          80   1.1192529868552263     
          81   1.1192529868552263     
          82   1.1192529868552263     
          83   1.1192529868552263     
          84   1.1192529868552263     
          85   1.1192529868552263     
          86   1.1192529868552263     
          87   1.1192529868552263     
          88   1.1192529868552263     
          89   1.0000000000000000     
          90   1.0000000000000000     
          91   1.0000000000000000     
          92   1.0000000000000000     
          93   1.0000000000000000     
          94   1.0000000000000000     
          95   1.0000000000000000     
          96   1.0000000000000000     
          97   1.0000000000000000     
          98   1.0000000000000000     
          99   1.0000000000000000     
         100   1.0000000000000000     
         101   1.0000000000000000     
         102   1.0000000000000000     
         103   1.0000000000000000     
         104   1.0000000000000000     
         105   1.0000000000000000     
         106   1.0000000000000000     
         107   1.0000000000000000     
         108   1.0000000000000000     
         109   1.0000000000000000     
         110   1.0000000000000000     
         111   1.0000000000000000     
         112   1.0000000000000000     
         113   1.0000000000000000     
         114   1.0000000000000000     
         115   1.0000000000000000     
         116   1.0000000000000000     
         117   1.0000000000000000     
         118   1.0000000000000000     
         119   1.0000000000000000     
         120   1.0000000000000000     
         121   1.0000000000000000     
         122   1.0000000000000000     
         123   1.0000000000000000     
         124   1.0000000000000000     
         125   1.0000000000000000     
         126   1.0000000000000000     
         127   1.0000000000000000     
         128   1.0000000000000000     
         129   1.0000000000000000     
         130   1.0000000000000000     
         131   1.0000000000000000     
         132   1.0000000000000000     
         133   1.0000000000000000     
         134   1.0000000000000000     
         135   1.0000000000000000     
         136   1.0000000000000000     
         137   1.0000000000000000     
         138   1.0000000000000000     
         139   1.0000000000000000     
         140   1.0000000000000000     
         141   1.0000000000000000     
         142   1.0000000000000000     
         143   1.0000000000000000     
         144   1.0000000000000000     
         145   1.0000000000000000     
         146   1.0000000000000000     
         147   1.0000000000000000     
         148   1.0000000000000000     
         149   1.0000000000000000     
         150   1.0000000000000000     
         151   1.0000000000000000     
         152   1.0000000000000000     
         153   1.0000000000000000     
         154   1.0000000000000000     
         155   1.0000000000000000     
         156   1.0000000000000000     
         157   1.0000000000000000     
         158   1.0000000000000000     
         159   1.0000000000000000     
         160   1.0000000000000000     
         161   1.0000000000000000     
         162   1.0000000000000000     
         163   1.0000000000000000     
         164   1.0000000000000000     
         165   1.0000000000000000     
         166   1.0000000000000000     
         167   1.0000000000000000     
         168   1.0000000000000000     
         169   1.0000000000000000     
         170   1.0000000000000000     
         171   1.0000000000000000     
         172   1.0000000000000000     
         173   1.0000000000000000     
         174   1.0000000000000000     
         175   1.0000000000000000     
         176   1.0000000000000000     
         177   1.0000000000000000     
         178   1.0000000000000000     
         179   1.0000000000000000     
         180   1.0000000000000000     
         181   1.0000000000000000     
         182   1.0000000000000000     
         183   1.0000000000000000     
         184   1.0000000000000000     
         185   1.0000000000000000     
         186   1.0000000000000000     
         187   1.0000000000000000     
         188   1.0000000000000000     
         189   1.0000000000000000     
         190   1.0000000000000000     
         191   1.0000000000000000     
         192   1.0000000000000000     
         193   1.0000000000000000     
         194   1.0000000000000000     
         195   1.0000000000000000     
         196   1.0000000000000000     
         197   1.0000000000000000     
         198   1.0000000000000000     
         199   1.0000000000000000     
         200   1.0000000000000000     
         201   1.0000000000000000     
         202   1.0000000000000000     
         203   1.0000000000000000     
         204   1.0000000000000000     
         205   1.0000000000000000     
         206   1.0000000000000000     
         207   1.0000000000000000     
         208   1.0000000000000000     
         209   1.0000000000000000     
         210   1.0000000000000000     
         211   1.0000000000000000     
         212   1.0000000000000000     
         213   1.0000000000000000     
         214   1.0000000000000000     
         215   1.0000000000000000     
         216   1.0000000000000000     
         217   1.0000000000000000     
         218   1.0000000000000000     
         219   1.0000000000000000     
         220   1.0000000000000000     
         221   1.0000000000000000     
         222   1.0000000000000000     
         223   1.0000000000000000     
         224   1.0000000000000000     
         225   1.0000000000000000     
         226   1.0000000000000000     
         227   1.0000000000000000     
         228   1.0000000000000000     
         229   1.0000000000000000     
         230   1.0000000000000000     
         231   1.0000000000000000     
         232   1.0000000000000000     
         233   1.0000000000000000     
         234   1.0000000000000000     
         235   1.0000000000000000     
         236   1.0000000000000000     
         237   1.0000000000000000     
         238   1.0000000000000000     
         239   1.0000000000000000     
         240   1.0000000000000000     
         241   1.0000000000000000     
         242   1.0000000000000000     
         243   1.0000000000000000     
         244   1.0000000000000000     
         245   1.0000000000000000     
         246   1.0000000000000000     
         247   1.0000000000000000     
         248   1.0000000000000000     
         249   1.0000000000000000     
         250   1.0000000000000000     
         251   1.0000000000000000     
         252   1.0000000000000000     
         253   1.0000000000000000     
         254   1.0000000000000000     
         255   1.0000000000000000     
         256   1.0000000000000000     
         257   1.0000000000000000     
         258   1.0000000000000000     
         259   1.0000000000000000     
         260   1.0000000000000000     
         261   1.0000000000000000     
         262   1.0000000000000000     
         263   1.0000000000000000     
         264   1.0000000000000000     
         265   1.0000000000000000     
         266   1.0000000000000000     
         267   1.0000000000000000     
         268   1.0000000000000000     
         269   1.0000000000000000     
         270   1.0000000000000000     
         271   1.0000000000000000     
         272   1.0000000000000000     
         273   1.0000000000000000     
         274   1.0000000000000000     
         275   1.0000000000000000     
         276   1.0000000000000000     
         277   1.0000000000000000     
         278   1.0000000000000000     
         279   1.0000000000000000     
         280   1.0000000000000000     
         281  0.99983271571728416     
         282  0.99983271571728416     
         283  0.99983271571728416     
         284  0.99983271571728416     
         285  0.99983271571728416     
         286  0.99983271571728416     
         287  0.99983271571728416     
         288  0.99983271571728416     
         289  0.99983271571728416     
         290  0.99983271571728416     
         291  0.99983271571728416     
         292  0.99983271571728416     
         293  0.99983271571728416     
         294  0.99983271571728416     
         295  0.99983271571728416     
         296  0.99983271571728416     
         297  0.99983271571728416     
         298  0.99983271571728416     
         299  0.99983271571728416     
         300  0.99983271571728416     
         301  0.99983271571728416     
         302  0.99983271571728416     
         303  0.99983271571728416     
         304  0.99983271571728416     
         305  0.99983271571728416     
         306  0.99983271571728416     
         307  0.99983271571728416     
         308  0.99983271571728416     
         309  0.99983271571728416     
         310  0.99983271571728416     
         311  0.99983271571728416     
         312  0.99983271571728416     
         313  0.99983271571728416     
         314  0.99983271571728416     
         315  0.99983271571728416     
         316  0.99983271571728416     
         317  0.99983271571728416     
         318  0.99983271571728416     
         319  0.99983271571728416     
         320  0.99983271571728416     
         321  0.99983271571728416     
         322  0.49193483704846130     
         323  0.49193483704846130     
         324  0.49193483704846130     
         325  0.49193483704846130     
         326  0.49193483704846130     
         327  0.49193483704846130     
         328  0.49193483704846130     
         329  0.49193483704846130     
         330  0.49193483704846130     
         331  0.49193483704846130     
         332  0.49193483704846130     
         333  0.49193483704846130     
         334  0.49193483704846130     
         335  0.49193483704846130     
         336  0.49193483704846130     
         337  0.49193483704846130     
         338  0.49193483704846130     
         339  0.49193483704846130     
         340  0.49193483704846130     
         341  0.49193483704846130     
         342  0.49193483704846130     
         343  0.49193483704846130     
         344  0.49193483704846130     
         345  0.49193483704846130     
         346  0.49193483704846130     
         347  0.49193483704846130     
         348  0.49193483704846130     
         349  0.49193483704846130     
         350  0.49193483704846130     
         351  0.49193483704846130     
         352  0.49193483704846130     
         353  0.49193483704846130     
         354  0.49193483704846130     
         355  0.49193483704846130     
         356  0.49193483704846130     
         357  0.49193483704846130     
         358  0.49193483704846130     
         359  0.49193483704846130     
         360  0.49193483704846130     
         361  0.49193483704846130     
         362  0.49193483704846130     
         363  0.49193483704846130     
         364  0.49193483704846130     
         365  0.49193483704846130     
         366  0.49193483704846130     
         367  0.49193483704846130     
         368  0.49193483704846130     
         369  0.49193483704846130     
         370  0.49193483704846130     
         371  0.49193483704846130     
         372  0.49193483704846130     
         373  0.49193483704846130     
         374  0.49193483704846130     
         375  0.49193483704846130     
         376  0.49193483704846130     
         377  0.49193483704846130     
         378  0.49193483704846130     
         379  0.49193483704846130     
         380  0.49193483704846130     
         381  0.49193483704846130     
         382  0.49193483704846130     
         383  0.49193483704846130     
         384  0.49193483704846130     
         385  0.49193483704846130     
         386  0.49193483704846130     
         387  0.49193483704846130     
         388  0.49193483704846130     
         389  0.49193483704846130     
         390  0.49193483704846130     
         391  0.49193483704846130     
         392  0.49193483704846130     
         393  0.49193483704846130     
         394  0.49193483704846130     
         395  0.49193483704846130     
         396  0.49193483704846130     
         397  0.49193483704846130     
         398  0.49193483704846130     
         399  0.49193483704846130     
         400  0.49193483704846130     
         401  0.49193483704846130     
         402  0.49193483704846130     
         403  0.49193483704846130     
         404  0.49193483704846130     
         405  0.49193483704846130     
         406  0.49193483704846130     
         407  0.49193483704846130     
         408  0.49193483704846130     
         409  0.49193483704846130     
         410  0.49193483704846130     
         411  0.49193483704846130     
         412  0.49193483704846130     
         413  0.49193483704846130     
         414  0.49193483704846130     
         415  0.49193483704846130     
         416  0.49193483704846130     
         417  0.49193483704846130     
         418  0.49193483704846130     
         419  0.49193483704846130     
         420  0.49193483704846130     
         421  0.49193483704846130     
         422  0.49193483704846130     
         423  0.49193483704846130     
         424  0.49193483704846130     
         425  0.49193483704846130     
         426  0.49193483704846130     
         427  0.49193483704846130     
         428  0.49193483704846130     
         429  0.49193483704846130     
         430  0.49193483704846130     
         431  0.49193483704846130     
         432  0.49193483704846130     
         433  0.49193483704846130     
         434  0.49193483704846130     
         435  0.49193483704846130     
         436  0.49193483704846130     
         437  0.49193483704846130     
         438  0.49193483704846130     
         439  0.49193483704846130     
         440  0.49193483704846130     
         441  0.49193483704846130     
         442  0.49193483704846130     
         443  0.49193483704846130     
         444  0.49193483704846130     
         445  0.49193483704846130     
         446  0.49193483704846130     
         447  0.49193483704846130     
         448  0.49193483704846130     
         449  0.49193483704846130     
         450  0.49193483704846130     
         451  0.49193483704846130     
         452  0.49193483704846130     
         453  0.49193483704846130     
         454  0.49193483704846130     
         455  0.49193483704846130     
         456  0.49193483704846130     
         457  0.49193483704846130     
         458  0.49193483704846130     
         459  0.49193483704846130     
         460  0.49193483704846130     
         461  0.49193483704846130     
         462  0.49193483704846130     
         463  0.49193483704846130     
         464  0.49193483704846130     
         465  0.49193483704846130     
         466  0.49193483704846130     
         467  0.49193483704846130     
         468  0.49193483704846130     
         469  0.49193483704846130     
         470  0.49193483704846130     
         471  0.49193483704846130     
         472  0.49193483704846130     
         473  0.49193483704846130     
         474  0.49193483704846130     
         475  0.49193483704846130     
         476  0.49193483704846130     
         477  0.49193483704846130     
         478  0.49193483704846130     
         479  0.49193483704846130     
         480  0.49193483704846130     
         481  0.49193483704846130     
         482  0.49193483704846130     
         483  0.49193483704846130     
         484  0.49193483704846130     
         485  0.49193483704846130     
         486  0.49193483704846130     
         487  0.49193483704846130     
         488  0.49193483704846130     
         489  0.49193483704846130     
         490  0.49193483704846130     
         491  0.49193483704846130     
         492  0.49193483704846130     
         493  0.49193483704846130     
         494  0.49193483704846130     
         495  0.49193483704846130     
         496  0.49193483704846130     
         497  0.49193483704846130     
         498  0.49193483704846130     
         499  0.49193483704846130     
         500  0.49193483704846130     
         501  0.49193483704846130     
         502  0.49193483704846130     
         503  0.49193483704846130     
         504  0.49193483704846130     
         505  0.49193483704846130     
         506  0.49193483704846130     
         507  0.49193483704846130     
         508  0.49193483704846130     
         509  0.49193483704846130     
         510  0.49193483704846130     
         511  0.49193483704846130     
         512  0.49193483704846130     
         513  0.49193483704846130     
         514  0.49193483704846130     
         515  0.49193483704846130     
         516  0.49193483704846130     
         517  0.49193483704846130     
         518  0.49193483704846130     
         519  0.49193483704846130     
         520  0.49193483704846130     
         521  0.49193483704846130     
         522  0.49193483704846130     
         523  0.49193483704846130     
         524  0.49193483704846130     
         525  0.49193483704846130     
         526  0.49193483704846130     
         527  0.49193483704846130     
         528  0.49193483704846130     
         529  0.49193483704846130     
         530  0.49193483704846130     
         531  0.49193483704846130     
         532  0.49193483704846130     
         533  0.49193483704846130     
         534  0.49193483704846130     
         535  0.49193483704846130     
         536  0.49193483704846130     
         537  0.49193483704846130     
         538  0.49193483704846130     
         539  0.49193483704846130     
         540  0.49193483704846130     
         541  0.49193483704846130     
         542  0.49193483704846130     
         543  0.49193483704846130     
         544  0.49193483704846130     
         545  0.49193483704846130     
         546  0.49193483704846130     
         547  0.49193483704846130     
         548  0.49193483704846130     
         549  0.49193483704846130     
         550  0.49193483704846130     
         551  0.49193483704846130     
         552  0.49193483704846130     
         553  0.49193483704846130     
         554  0.49193483704846130     
         555  0.49193483704846130     
         556  0.49193483704846130     
         557  0.49193483704846130     
         558  0.49193483704846130     
         559  0.49193483704846130     
         560  0.49193483704846130     
         561  0.49193483704846130     
         562  0.49193483704846130     
         563  0.49193483704846130     
         564  0.49193483704846130     
         565  0.49193483704846130     
         566  0.49193483704846130     
         567  0.49193483704846130     
         568  0.49193483704846130     
         569  0.49193483704846130     
         570  0.49193483704846130     
         571  0.49193483704846130     
         572  0.49193483704846130     
         573  0.49193483704846130     
         574  0.49193483704846130     
         575  0.49193483704846130     
         576  0.49193483704846130     
         577  0.49193483704846130     
         578  0.49193483704846130     
         579  0.49193483704846130     
         580  0.49193483704846130     
         581  0.49193483704846130     
         582  0.49193483704846130     
         583  0.49193483704846130     
         584  0.49193483704846130     
         585  0.49193483704846130     
         586  0.49193483704846130     
         587  0.49193483704846130     
         588  0.49193483704846130     
         589  0.49193483704846130     
         590  0.49193483704846130     
         591  0.49193483704846130     
         592  0.49193483704846130     
         593  0.49193483704846130     
         594  0.49193483704846130     
         595  0.49193483704846130     
         596  0.49193483704846130     
         597  0.49193483704846130     
         598  0.49193483704846130     
         599  0.49193483704846130     
         600  0.49193483704846130     
         601  0.49193483704846130     
         602  0.49193483704846130     
         603  0.49193483704846130     
         604  0.49193483704846130     
         605  0.49193483704846130     
         606  0.49193483704846130     
         607  0.49193483704846130     
         608  0.49193483704846130     
         609  0.49193483704846130     
         610  0.49193483704846130     
         611  0.49193483704846130     
         612  0.49193483704846130     
         613  0.49193483704846130     
         614  0.49193483704846130     
         615  0.49193483704846130     
         616  0.49193483704846130     
         617  0.49193483704846130     
         618  0.49193483704846130     
         619  0.49193483704846130     
         620  0.49193483704846130     
         621  0.49193483704846130     
         622  0.49193483704846130     
         623  0.49193483704846130     
         624  0.49193483704846130     
         625  0.49193483704846130     
         626  0.49193483704846130     
         627  0.49193483704846130     
         628  0.49193483704846130     
         629  0.49193483704846130     
         630  0.49193483704846130     
         631  0.49193483704846130     
         632  0.49193483704846130     
         633  0.49193483704846130     
         634  0.49193483704846130     
         635  0.49193483704846130     
         636  0.49193483704846130     
         637  0.49193483704846130     
         638  0.49193483704846130     
         639  0.49193483704846130     
         640  0.49193483704846130     
         641  0.49193483704846130     
         642  0.49193483704846130     
         643  0.49193483704846130     
         644  0.49193483704846130     
         645  0.49193483704846130     
         646  0.49193483704846130     
         647  0.49193483704846130     
         648  0.49193483704846130     
         649  0.49193483704846130     
         650  0.49193483704846130     
         651  0.49193483704846130     
         652  0.49193483704846130     
         653  0.49193483704846130     
         654  0.49193483704846130     
         655  0.49193483704846130     
         656  0.49193483704846130     
         657  0.49193483704846130     
         658  0.49193483704846130     
         659  0.49193483704846130     
         660  0.49193483704846130     
         661  0.49193483704846130     
         662  0.49193483704846130     
         663  0.49193483704846130     
         664  0.49193483704846130     
         665  0.49193483704846130     
         666  0.49193483704846130     
         667  0.49193483704846130     
         668  0.49193483704846130     
         669  0.49193483704846130     
         670  0.49193483704846130     
         671  0.49193483704846130     
         672  0.49193483704846130     
         673  0.49193483704846130     
         674  0.49193483704846130     
         675  0.49193483704846130     
         676  0.49193483704846130     
         677  0.49193483704846130     
         678  0.49193483704846130     
         679  0.49193483704846130     
         680  0.49193483704846130     
         681  0.49193483704846130     
         682  0.49193483704846130     
         683  0.49193483704846130     
         684   3.9665431434567466E-002
         685   3.9665431434567466E-002
         686   3.9665431434567466E-002
         687   3.9665431434567466E-002
         688   3.9665431434567466E-002
         689   3.9665431434567466E-002
         690   1.9832715717283733E-002
         691   1.9832715717283733E-002
         692   1.9832715717283733E-002
         693   1.9832715717283733E-002
         694   1.9832715717283733E-002
         695   1.9832715717283733E-002
         696   1.9832715717283733E-002
         697   1.9832715717283733E-002
         698   1.9832715717283733E-002
         699   1.9832715717283733E-002
         700   1.9832715717283733E-002
         701   1.9832715717283733E-002
         702   1.9832715717283733E-002
         703   1.9832715717283733E-002
         704   1.9832715717283733E-002
         705   1.9832715717283733E-002
         706   1.9832715717283733E-002
         707   1.9832715717283733E-002
         708   1.9832715717283733E-002
         709   1.9832715717283733E-002
         710   1.9832715717283733E-002
         711   1.9832715717283733E-002
         712   1.9832715717283733E-002
         713   1.9832715717283733E-002
         714   1.9832715717283733E-002
         715   1.9832715717283733E-002
         716   1.9832715717283733E-002
         717   1.9832715717283733E-002
         718   1.9832715717283733E-002
         719   1.9832715717283733E-002
         720   1.9832715717283733E-002
         721   1.9832715717283733E-002
         722   1.9832715717283733E-002
         723   1.9832715717283733E-002
         724   1.9832715717283733E-002
         725   1.9832715717283733E-002
         726   1.9832715717283733E-002
         727   1.9832715717283733E-002
         728   1.9832715717283733E-002
         729   1.9832715717283733E-002
         730   1.9832715717283733E-002
         731   1.9832715717283733E-002
         732   1.9832715717283733E-002
         733   1.9832715717283733E-002
         734   1.9832715717283733E-002
         735   1.9832715717283733E-002
         736   1.9832715717283733E-002
         737   1.9832715717283733E-002
         738   1.9832715717283733E-002
         739   1.9832715717283733E-002
         740   1.9832715717283733E-002
         741   1.9832715717283733E-002
         742   1.9832715717283733E-002
         743   1.9832715717283733E-002
         744   1.9832715717283733E-002
         745   1.9832715717283733E-002
         746   1.9832715717283733E-002
         747   1.9832715717283733E-002
         748   1.9832715717283733E-002
         749   1.9832715717283733E-002
         750   1.9832715717283733E-002
         751   1.9832715717283733E-002
         752   1.9832715717283733E-002
         753   1.9832715717283733E-002
         754   1.9832715717283733E-002
         755   1.9832715717283733E-002
         756   1.9832715717283733E-002
         757   1.9832715717283733E-002
         758   1.9832715717283733E-002
         759   1.9832715717283733E-002
         760   1.9832715717283733E-002
         761   1.9832715717283733E-002
         762   1.9832715717283733E-002
         763   1.9832715717283733E-002
         764   1.9832715717283733E-002
         765   1.9832715717283733E-002
         766   1.9832715717283733E-002
         767   1.9832715717283733E-002
         768   1.9832715717283733E-002
         769   1.9832715717283733E-002
         770   1.9832715717283733E-002
         771   1.9832715717283733E-002
         772   1.9832715717283733E-002
         773   1.9832715717283733E-002
         774   1.9832715717283733E-002
         775   1.9832715717283733E-002
         776   1.9832715717283733E-002
         777   1.9832715717283733E-002
         778   1.9832715717283733E-002
         779   1.9832715717283733E-002
         780   1.9832715717283733E-002
         781   1.9832715717283733E-002
         782   1.9832715717283733E-002
         783   1.9832715717283733E-002
         784   1.9832715717283733E-002
         785   1.9832715717283733E-002
         786   1.9832715717283733E-002
         787   1.9832715717283733E-002
         788   1.9832715717283733E-002
         789   1.9832715717283733E-002
         790   1.9832715717283733E-002
         791   1.9832715717283733E-002
         792   1.9832715717283733E-002
         793   1.9832715717283733E-002
         794   1.9832715717283733E-002
         795   1.9832715717283733E-002
         796   1.9832715717283733E-002
         797   1.9832715717283733E-002
         798   1.9832715717283733E-002
         799   1.9832715717283733E-002
         800   1.9832715717283733E-002
         801   1.9832715717283733E-002
         802   1.9832715717283733E-002
         803   1.9832715717283733E-002
         804   1.9832715717283733E-002
         805   1.9832715717283733E-002
         806   1.9832715717283733E-002
         807   1.9832715717283733E-002
         808   1.9832715717283733E-002
         809   1.9832715717283733E-002
         810   1.9832715717283733E-002
         811   1.9832715717283733E-002
         812   1.9832715717283733E-002
         813   1.9832715717283733E-002
         814   1.9832715717283733E-002
         815   1.9832715717283733E-002
         816   1.9832715717283733E-002
         817   1.9832715717283733E-002
         818   1.9832715717283733E-002
         819   1.9832715717283733E-002
         820   1.9832715717283733E-002
         821   1.9832715717283733E-002
         822   1.9832715717283733E-002
         823   1.9832715717283733E-002
         824   1.9832715717283733E-002
         825   1.9832715717283733E-002
         826   1.9832715717283733E-002
         827   1.9832715717283733E-002
         828   1.9832715717283733E-002
         829   1.9832715717283733E-002
         830   1.9832715717283733E-002
         831   1.9832715717283733E-002
         832   1.9832715717283733E-002
         833   1.9832715717283733E-002
         834   1.9832715717283733E-002
         835   1.9832715717283733E-002
         836   1.9832715717283733E-002
         837   1.9832715717283733E-002
         838   1.9832715717283733E-002
         839   1.9832715717283733E-002
         840   1.9832715717283733E-002
         841   1.9832715717283733E-002
         842   1.9832715717283733E-002
         843   1.9832715717283733E-002
         844   1.9832715717283733E-002
         845   1.9832715717283733E-002
         846   1.9832715717283733E-002
         847   1.9832715717283733E-002
         848   1.9832715717283733E-002
         849   1.9832715717283733E-002
         850   1.9832715717283733E-002
         851   1.9832715717283733E-002
         852   1.9832715717283733E-002
         853   1.9832715717283733E-002
         854   1.9832715717283733E-002
         855   1.9832715717283733E-002
         856   1.9832715717283733E-002
         857   1.9832715717283733E-002
         858   1.9832715717283733E-002
         859   1.9832715717283733E-002
         860   1.9832715717283733E-002
         861   1.9832715717283733E-002
         862   1.9832715717283733E-002
         863   1.9832715717283733E-002
         864   1.9832715717283733E-002
         865   1.9832715717283733E-002
         866   1.9832715717283733E-002
         867   1.9832715717283733E-002
         868   1.9832715717283733E-002
         869   1.9832715717283733E-002
         870   1.9832715717283733E-002
         871   1.9832715717283733E-002
         872   1.9832715717283733E-002
         873   1.9832715717283733E-002
         874   1.9832715717283733E-002
         875   1.9832715717283733E-002
         876   1.9832715717283733E-002
         877   1.9832715717283733E-002
         878   1.9832715717283733E-002
         879   1.9832715717283733E-002
         880   1.9832715717283733E-002
         881   1.9832715717283733E-002
         882   1.9832715717283733E-002
         883   1.9832715717283733E-002
         884   1.9832715717283733E-002
         885   1.9832715717283733E-002
         886   1.9832715717283733E-002
         887   1.9832715717283733E-002
         888   1.9832715717283733E-002
         889   1.9832715717283733E-002
         890   1.9832715717283733E-002
         891   1.9832715717283733E-002
         892   1.9832715717283733E-002
         893   1.9832715717283733E-002
         894   1.9832715717283733E-002
         895   1.9832715717283733E-002
         896   1.9832715717283733E-002
         897   1.9832715717283733E-002
         898   1.9832715717283733E-002
         899   1.9832715717283733E-002
         900   1.9832715717283733E-002
         901   1.9832715717283733E-002
         902   1.9832715717283733E-002
         903   1.9832715717283733E-002
         904   1.9832715717283733E-002
         905   1.9832715717283733E-002
         906   1.9832715717283733E-002
         907   1.9832715717283733E-002
         908   1.9832715717283733E-002
         909   1.9832715717283733E-002
         910   1.9832715717283733E-002
         911   1.9832715717283733E-002
         912   1.9832715717283733E-002
         913   1.9832715717283733E-002
         914   1.9832715717283733E-002
         915   1.9832715717283733E-002
         916   1.9832715717283733E-002
         917   1.9832715717283733E-002
         918   0.0000000000000000     
