           1   14.641629641755337     
           2   2.3919348370484617     
           3   2.3919348370484617     
           4   2.3919348370484617     
           5   2.3919348370484617     
           6   2.3919348370484617     
           7   2.3919348370484617     
           8   2.3919348370484617     
           9   2.3919348370484617     
          10   2.3919348370484617     
          11   2.3919348370484617     
          12   2.3919348370484617     
          13   2.3919348370484617     
          14   2.3919348370484617     
          15   2.3919348370484617     
          16   2.3919348370484617     
          17   2.3919348370484617     
          18   2.3919348370484617     
          19   2.3919348370484617     
          20   2.3919348370484617     
          21   2.3919348370484617     
          22   2.3919348370484617     
          23   1.9998327157172842     
          24   1.9998327157172842     
          25   1.9998327157172842     
          26   1.9998327157172842     
          27   1.9998327157172842     
          28   1.9998327157172842     
          29   1.9998327157172842     
          30   1.9998327157172842     
          31   1.9998327157172842     
          32   1.9998327157172842     
          33   1.9998327157172842     
          34   1.9998327157172842     
          35   1.9998327157172842     
          36   1.9998327157172842     
          37   1.9998327157172842     
          38   1.9998327157172842     
          39   1.9998327157172842     
          40   1.9998327157172842     
          41   1.9998327157172842     
          42   1.9998327157172842     
          43   1.9998327157172842     
          44   1.9998327157172842     
          45   1.9998327157172842     
          46   1.9998327157172842     
          47   1.9998327157172842     
          48   1.9998327157172842     
          49   1.9998327157172842     
          50   1.9998327157172842     
          51   1.9998327157172842     
          52   1.9998327157172842     
          53   1.9998327157172842     
          54   1.9998327157172842     
          55   1.9998327157172842     
          56   1.9998327157172842     
          57   1.9998327157172842     
          58   1.9998327157172842     
          59   1.9998327157172842     
          60   1.9998327157172842     
          61   1.9998327157172842     
          62   1.9998327157172842     
          63   1.9998327157172842     
          64   1.9998327157172842     
          65   1.9998327157172842     
          66   1.9998327157172842     
          67   1.9998327157172842     
          68   1.9998327157172842     
          69   1.9998327157172842     
          70   1.9998327157172842     
          71   1.9998327157172842     
          72   1.9998327157172842     
          73   1.9998327157172842     
          74   1.9998327157172842     
          75   1.9998327157172842     
          76   1.9998327157172842     
          77   1.9998327157172842     
          78   1.9998327157172842     
          79   1.9998327157172842     
          80   1.9998327157172842     
          81   1.9998327157172842     
          82   1.9998327157172842     
          83   1.9998327157172842     
          84   1.9998327157172842     
          85   1.9998327157172842     
          86   1.9998327157172842     
          87   1.9998327157172842     
          88   1.9998327157172842     
          89   1.9998327157172842     
          90   1.9998327157172842     
          91   1.9998327157172842     
          92   1.9998327157172842     
          93   1.9998327157172842     
          94   1.9998327157172842     
          95   1.9998327157172842     
          96   1.9998327157172842     
          97   1.9998327157172842     
          98   1.9998327157172842     
          99   1.9998327157172842     
         100   1.9998327157172842     
         101   1.9998327157172842     
         102   1.9998327157172842     
         103   1.9998327157172842     
         104   1.9998327157172842     
         105   1.9998327157172842     
         106   1.9998327157172842     
         107   1.9998327157172842     
         108   1.9998327157172842     
         109   1.9998327157172842     
         110   1.9998327157172842     
         111   1.9998327157172842     
         112   1.9998327157172842     
         113   1.9998327157172842     
         114   1.9998327157172842     
         115   1.9998327157172842     
         116   1.9998327157172842     
         117   1.9998327157172842     
         118   1.9998327157172842     
         119   1.9998327157172842     
         120   1.9998327157172842     
         121   1.9998327157172842     
         122   1.9998327157172842     
         123   1.9998327157172842     
         124   1.9998327157172842     
         125   1.9998327157172842     
         126   1.9998327157172842     
         127   1.9998327157172842     
         128   1.9998327157172842     
         129   1.9998327157172842     
         130   1.9998327157172842     
         131   1.9998327157172842     
         132   1.9998327157172842     
         133   1.9998327157172842     
         134   1.9998327157172842     
         135   1.9998327157172842     
         136   1.9998327157172842     
         137   1.9998327157172842     
         138   1.9998327157172842     
         139   1.9998327157172842     
         140   1.9998327157172842     
         141   1.9998327157172842     
         142   1.9998327157172842     
         143   1.9998327157172842     
         144   1.9998327157172842     
         145   1.9998327157172842     
         146   1.9998327157172842     
         147   1.9998327157172842     
         148   1.9998327157172842     
         149   1.9998327157172842     
         150   1.9998327157172842     
         151   1.9998327157172842     
         152   1.9998327157172842     
         153   1.9998327157172842     
         154   1.9998327157172842     
         155   1.9998327157172842     
         156   1.9998327157172842     
         157   1.9998327157172842     
         158   1.9998327157172842     
         159   1.9998327157172842     
         160   1.9998327157172842     
         161   1.9998327157172842     
         162   1.9998327157172842     
         163   1.9998327157172842     
         164   1.9998327157172842     
         165   1.9998327157172842     
         166   1.9998327157172842     
         167   1.9998327157172842     
         168   1.9998327157172842     
         169   1.9998327157172842     
         170   1.9998327157172842     
         171   1.9998327157172842     
         172   1.9998327157172842     
         173   1.9998327157172842     
         174   1.9998327157172842     
         175   1.9998327157172842     
         176   1.9998327157172842     
         177   1.9998327157172842     
         178   1.9998327157172842     
         179   1.9998327157172842     
         180   1.9998327157172842     
         181   1.9998327157172842     
         182   1.9998327157172842     
         183   1.9998327157172842     
         184   1.9998327157172842     
         185   1.9998327157172842     
         186   1.9998327157172842     
         187   1.9998327157172842     
         188   1.9998327157172842     
         189   1.9998327157172842     
         190   1.9998327157172842     
         191   1.9998327157172842     
         192   1.9998327157172842     
         193   1.9998327157172842     
         194   1.9998327157172842     
         195   1.9998327157172842     
         196   1.9998327157172842     
         197   1.9998327157172842     
         198   1.9998327157172842     
         199   1.9998327157172842     
         200   1.9998327157172842     
         201   1.9998327157172842     
         202   1.9998327157172842     
         203   1.9998327157172842     
         204   1.9998327157172842     
         205   1.9998327157172842     
         206   1.9998327157172842     
         207   1.9998327157172842     
         208   1.9998327157172842     
         209   1.9998327157172842     
         210   1.9998327157172842     
         211   1.9998327157172842     
         212   1.9998327157172842     
         213   1.9998327157172842     
         214   1.9998327157172842     
         215   1.9998327157172842     
         216   1.9998327157172842     
         217   1.9998327157172842     
         218   1.9998327157172842     
         219   1.9998327157172842     
         220   1.9998327157172842     
         221   1.9998327157172842     
         222   1.9998327157172842     
         223   1.9998327157172842     
         224   1.9998327157172842     
         225   1.9998327157172842     
         226   1.9998327157172842     
         227   1.9998327157172842     
         228   1.9998327157172842     
         229   1.9998327157172842     
         230   1.9998327157172842     
         231   1.9998327157172842     
         232   1.9998327157172842     
         233   1.9998327157172842     
         234   1.9998327157172842     
         235   1.9998327157172842     
         236   1.9998327157172842     
         237   1.9998327157172842     
         238   1.9998327157172842     
         239   1.9998327157172842     
         240   1.9998327157172842     
         241   1.9998327157172842     
         242   1.9998327157172842     
         243   1.9998327157172842     
         244   1.9998327157172842     
         245   1.9998327157172842     
         246   1.9998327157172842     
         247   1.9998327157172842     
         248   1.7456678568347606     
         249   1.7456678568347606     
         250   1.7456678568347606     
         251   1.7456678568347606     
         252   1.7456678568347606     
         253   1.7456678568347606     
         254   1.7456678568347606     
         255   1.7456678568347606     
         256   1.7456678568347606     
         257   1.7456678568347606     
         258   1.7456678568347606     
         259   1.7456678568347606     
         260   1.7456678568347606     
         261   1.7456678568347606     
         262   1.7456678568347606     
         263   1.7456678568347606     
         264   1.7456678568347606     
         265   1.7456678568347606     
         266   1.7456678568347606     
         267   1.7456678568347606     
         268   1.7456678568347606     
         269   1.7456678568347606     
         270   1.7456678568347606     
         271   1.7456678568347606     
         272   1.7456678568347606     
         273   1.7456678568347606     
         274   1.7456678568347606     
         275   1.7456678568347606     
         276   1.7456678568347606     
         277   1.7456678568347606     
         278   1.7456678568347606     
         279   1.7456678568347606     
         280   1.7456678568347606     
         281   1.7456678568347606     
         282   1.7456678568347606     
         283   1.7456678568347606     
         284   1.7456678568347606     
         285   1.7456678568347606     
         286   1.7456678568347606     
         287   1.7456678568347606     
         288   1.7456678568347606     
         289   1.7456678568347606     
         290   1.7456678568347606     
         291   1.7456678568347606     
         292   1.7456678568347606     
         293   1.7456678568347606     
         294   1.7456678568347606     
         295   1.7456678568347606     
         296   1.7456678568347606     
         297   1.7456678568347606     
         298   1.7456678568347606     
         299   1.7456678568347606     
         300   1.7456678568347606     
         301   1.7456678568347606     
         302   1.7456678568347606     
         303   1.7456678568347606     
         304   1.7456678568347606     
         305   1.7456678568347606     
         306   1.7456678568347606     
         307   1.7456678568347606     
         308   1.7456678568347606     
         309   1.7456678568347606     
         310   1.7456678568347606     
         311   1.7456678568347606     
         312   1.7456678568347606     
         313   1.7456678568347606     
         314   1.7456678568347606     
         315   1.7456678568347606     
         316   1.7456678568347606     
         317   1.7456678568347606     
         318   1.7456678568347606     
         319   1.7456678568347606     
         320   1.7456678568347606     
         321   1.7456678568347606     
         322   1.7456678568347606     
         323   1.7456678568347606     
         324   1.7456678568347606     
         325   1.7456678568347606     
         326   1.7456678568347606     
         327   1.7456678568347606     
         328   1.7456678568347606     
         329   1.7456678568347606     
         330   1.7456678568347606     
         331   1.7456678568347606     
         332   1.7456678568347606     
         333   1.7456678568347606     
         334   1.7456678568347606     
         335   1.7456678568347606     
         336   1.7456678568347606     
         337   1.7456678568347606     
         338   1.7456678568347606     
         339   1.7456678568347606     
         340   1.7456678568347606     
         341   1.7456678568347606     
         342   1.7456678568347606     
         343   1.7456678568347606     
         344   1.7456678568347606     
         345   1.7456678568347606     
         346   1.7456678568347606     
         347   1.7456678568347606     
         348   1.7456678568347606     
         349   1.7456678568347606     
         350   1.7456678568347606     
         351   1.7456678568347606     
         352   1.7456678568347606     
         353   1.7456678568347606     
         354   1.7456678568347606     
         355   1.7456678568347606     
         356   1.7456678568347606     
         357   1.7456678568347606     
         358   1.7456678568347606     
         359   1.7456678568347606     
         360   1.7456678568347606     
         361   1.7456678568347606     
         362   1.7456678568347606     
         363   1.7456678568347606     
         364   1.7456678568347606     
         365   1.7456678568347606     
         366   1.7456678568347606     
         367   1.7456678568347606     
         368   1.7456678568347606     
         369   1.7456678568347606     
         370   1.7456678568347606     
         371   1.7456678568347606     
         372   1.7456678568347606     
         373   1.7456678568347606     
         374   1.7456678568347606     
         375   1.7456678568347606     
         376   1.7456678568347606     
         377   1.7456678568347606     
         378   1.7456678568347606     
         379   1.7456678568347606     
         380   1.7456678568347606     
         381   1.7456678568347606     
         382   1.7456678568347606     
         383   1.7456678568347606     
         384   1.7456678568347606     
         385   1.7456678568347606     
         386   1.7456678568347606     
         387   1.7456678568347606     
         388   1.7456678568347606     
         389   1.7456678568347606     
         390   1.7456678568347606     
         391   1.7456678568347606     
         392   1.7456678568347606     
         393   1.7456678568347606     
         394   1.7456678568347606     
         395   1.7456678568347606     
         396   1.7456678568347606     
         397   1.7456678568347606     
         398   1.7456678568347606     
         399   1.7456678568347606     
         400   1.7456678568347606     
         401   1.7456678568347606     
         402   1.7456678568347606     
         403   1.7456678568347606     
         404   1.7456678568347606     
         405   1.7456678568347606     
         406   1.7456678568347606     
         407   1.7456678568347606     
         408   1.7456678568347606     
         409   1.7456678568347606     
         410   1.7456678568347606     
         411   1.7456678568347606     
         412   1.7456678568347606     
         413   1.7456678568347606     
         414   1.7456678568347606     
         415   1.7456678568347606     
         416   1.7456678568347606     
         417   1.7456678568347606     
         418   1.7456678568347606     
         419   1.7456678568347606     
         420   1.7456678568347606     
         421   1.7456678568347606     
         422   1.7456678568347606     
         423   1.7456678568347606     
         424   1.7456678568347606     
         425   1.7456678568347606     
         426   1.7456678568347606     
         427   1.7456678568347606     
         428   1.7456678568347606     
         429   1.7456678568347606     
         430   1.7456678568347606     
         431   1.7456678568347606     
         432   1.7456678568347606     
         433   1.7456678568347606     
         434   1.7456678568347606     
         435   1.7456678568347606     
         436   1.7456678568347606     
         437   1.7456678568347606     
         438   1.7456678568347606     
         439   1.7456678568347606     
         440   1.7456678568347606     
         441   1.7456678568347606     
         442   1.7456678568347606     
         443   1.7456678568347606     
         444   1.7456678568347606     
         445   1.7456678568347606     
         446   1.7456678568347606     
         447   1.7456678568347606     
         448   1.7456678568347606     
         449   1.7456678568347606     
         450   1.7456678568347606     
         451   1.7456678568347606     
         452   1.7456678568347606     
         453   1.7456678568347606     
         454   1.7456678568347606     
         455   1.7456678568347606     
         456   1.7456678568347606     
         457   1.7456678568347606     
         458   1.7456678568347606     
         459   1.7456678568347606     
         460   1.7456678568347606     
         461   1.7456678568347606     
         462   1.7456678568347606     
         463   1.7456678568347606     
         464   1.7456678568347606     
         465   1.7456678568347606     
         466   1.7456678568347606     
         467   1.7456678568347606     
         468   1.7456678568347606     
         469   1.7456678568347606     
         470   1.7456678568347606     
         471   1.7456678568347606     
         472   1.7456678568347606     
         473   1.7456678568347606     
         474   1.7456678568347606     
         475   1.7456678568347606     
         476   1.7456678568347606     
         477   1.7456678568347606     
         478   1.7456678568347606     
         479   1.7456678568347606     
         480   1.7456678568347606     
         481   1.7456678568347606     
         482   1.7456678568347606     
         483   1.7456678568347606     
         484   1.7456678568347606     
         485   1.7456678568347606     
         486   1.7456678568347606     
         487   1.7456678568347606     
         488   1.7456678568347606     
         489   1.7456678568347606     
         490   1.7456678568347606     
         491   1.7456678568347606     
         492   1.7456678568347606     
         493   1.7456678568347606     
         494   1.7456678568347606     
         495   1.7456678568347606     
         496   1.7456678568347606     
         497   1.7456678568347606     
         498   1.7456678568347606     
         499   1.7456678568347606     
         500   1.7456678568347606     
         501   1.4919348370484613     
         502   1.4919348370484613     
         503   1.4919348370484613     
         504   1.4919348370484613     
         505   1.4919348370484613     
         506   1.4919348370484613     
         507   1.4919348370484613     
         508   1.4919348370484613     
         509   1.4919348370484613     
         510   1.4919348370484613     
         511   1.4919348370484613     
         512   1.4919348370484613     
         513   1.4919348370484613     
         514   1.4919348370484613     
         515   1.4919348370484613     
         516   1.4919348370484613     
         517   1.4919348370484613     
         518   1.4919348370484613     
         519   1.4919348370484613     
         520   1.4919348370484613     
         521   1.4919348370484613     
         522   1.4919348370484613     
         523   1.4919348370484613     
         524   1.4919348370484613     
         525   1.4919348370484613     
         526   1.4919348370484613     
         527   1.4919348370484613     
         528   1.4919348370484613     
         529   1.4919348370484613     
         530   1.4919348370484613     
         531   1.4919348370484613     
         532   1.4919348370484613     
         533   1.4919348370484613     
         534   1.4919348370484613     
         535   1.4919348370484613     
         536   1.4919348370484613     
         537   1.4919348370484613     
         538   1.4919348370484613     
         539   1.4919348370484613     
         540   1.4919348370484613     
         541   1.4337958814268035     
         542   1.4337958814268035     
         543   1.4337958814268035     
         544   1.4337958814268035     
         545   1.4337958814268035     
         546   1.4337958814268035     
         547   1.4337958814268035     
         548   1.4337958814268035     
         549   1.4337958814268035     
         550   1.4337958814268035     
         551   1.4337958814268035     
         552   1.4337958814268035     
         553   1.4337958814268035     
         554   1.4337958814268035     
         555   1.4337958814268035     
         556   1.4337958814268035     
         557   1.4337958814268035     
         558   1.4337958814268035     
         559   1.4337958814268035     
         560   1.4337958814268035     
         561   1.4337958814268035     
         562   1.4337958814268035     
         563   1.4337958814268035     
         564   1.4337958814268035     
         565   1.4337958814268035     
         566   1.4337958814268035     
         567   1.4337958814268035     
         568   1.4337958814268035     
         569   1.4337958814268035     
         570   1.4337958814268035     
         571   1.4337958814268035     
         572   1.4337958814268035     
         573   1.4337958814268035     
         574   1.4337958814268035     
         575   1.4337958814268035     
         576   1.4337958814268035     
         577   1.4337958814268035     
         578   1.4337958814268035     
         579   1.4337958814268035     
         580   1.4337958814268035     
         581   1.4337958814268035     
         582   1.4337958814268035     
         583   1.4337958814268035     
         584   1.4337958814268035     
         585   1.4337958814268035     
         586   1.4337958814268035     
         587   1.4337958814268035     
         588   1.4337958814268035     
         589   1.4337958814268035     
         590   1.4337958814268035     
         591   1.4337958814268035     
         592   1.4337958814268035     
         593   1.4337958814268035     
         594   1.4337958814268035     
         595   1.4337958814268035     
         596   1.4337958814268035     
         597   1.4337958814268035     
         598   1.4337958814268035     
         599   1.4337958814268035     
         600   1.4337958814268035     
         601   1.4337958814268035     
         602   1.4337958814268035     
         603   1.4337958814268035     
         604   1.4337958814268035     
         605   1.4337958814268035     
         606   1.4337958814268035     
         607   1.4337958814268035     
         608   1.4337958814268035     
         609   1.4337958814268035     
         610   1.4337958814268035     
         611   1.4337958814268035     
         612   1.4337958814268035     
         613   1.4337958814268035     
         614   1.4337958814268035     
         615   1.4337958814268035     
         616   1.4337958814268035     
         617   1.4337958814268035     
         618   1.4337958814268035     
         619   1.4337958814268035     
         620   1.4337958814268035     
         621   1.4337958814268035     
         622   1.4337958814268035     
         623   1.4337958814268035     
         624   1.4337958814268035     
         625   1.4337958814268035     
         626   1.4337958814268035     
         627   1.4337958814268035     
         628   1.4337958814268035     
         629   1.4337958814268035     
         630   1.4337958814268035     
         631   1.4337958814268035     
         632   1.4337958814268035     
         633   1.4337958814268035     
         634   1.4337958814268035     
         635   1.4337958814268035     
         636   1.3150213755689091     
         637   1.3150213755689091     
         638   1.3150213755689091     
         639   1.3150213755689091     
         640   1.3150213755689091     
         641   1.3150213755689091     
         642   1.3150213755689091     
         643   1.3150213755689091     
         644   1.3150213755689091     
         645   1.3150213755689091     
         646   1.3150213755689091     
         647   1.3150213755689091     
         648   1.3150213755689091     
         649   1.3150213755689091     
         650  0.49379588142680397     
         651  0.49379588142680397     
         652  0.49379588142680397     
         653  0.49379588142680397     
         654  0.49379588142680397     
         655  0.49379588142680397     
         656  0.49379588142680397     
         657  0.49379588142680397     
         658  0.49379588142680397     
         659  0.49379588142680397     
         660  0.49379588142680397     
         661  0.49379588142680397     
         662  0.49379588142680397     
         663  0.49379588142680397     
         664  0.49379588142680397     
         665  0.49379588142680397     
         666  0.49379588142680397     
         667  0.49379588142680397     
         668  0.49379588142680397     
         669  0.49379588142680397     
         670  0.49379588142680397     
         671  0.49379588142680397     
         672  0.49379588142680397     
         673  0.49379588142680397     
         674  0.49379588142680397     
         675  0.49379588142680397     
         676  0.49379588142680397     
         677  0.49379588142680397     
         678  0.49379588142680397     
         679  0.49379588142680397     
         680  0.49379588142680397     
         681  0.49379588142680397     
         682  0.49379588142680397     
         683  0.49379588142680397     
         684  0.49379588142680397     
         685  0.49379588142680397     
         686  0.49379588142680397     
         687  0.49379588142680397     
         688  0.49379588142680397     
         689  0.49379588142680397     
         690  0.49379588142680397     
         691  0.49379588142680397     
         692  0.49379588142680397     
         693  0.49379588142680397     
         694  0.49379588142680397     
         695  0.49379588142680397     
         696  0.49379588142680397     
         697  0.49379588142680397     
         698  0.49379588142680397     
         699  0.49379588142680397     
         700  0.49379588142680397     
         701  0.49379588142680397     
         702  0.49379588142680397     
         703  0.49379588142680397     
         704  0.49379588142680397     
         705  0.49379588142680397     
         706  0.49379588142680397     
         707  0.49379588142680397     
         708  0.49379588142680397     
         709  0.49379588142680397     
         710  0.49379588142680397     
         711  0.49379588142680397     
         712  0.49379588142680397     
         713  0.49379588142680397     
         714  0.49379588142680397     
         715  0.49379588142680397     
         716  0.49379588142680397     
         717  0.49379588142680397     
         718  0.49379588142680397     
         719  0.49379588142680397     
         720  0.49379588142680397     
         721  0.49379588142680397     
         722  0.49379588142680397     
         723  0.49379588142680397     
         724  0.49379588142680397     
         725  0.49379588142680397     
         726  0.49379588142680397     
         727  0.49379588142680397     
         728  0.49379588142680397     
         729  0.49379588142680397     
         730  0.49379588142680397     
         731  0.49379588142680397     
         732  0.49379588142680397     
         733  0.49379588142680397     
         734  0.49379588142680397     
         735  0.49379588142680397     
         736  0.49379588142680397     
         737  0.49379588142680397     
         738  0.49379588142680397     
         739  0.49379588142680397     
         740  0.49379588142680397     
         741  0.49379588142680397     
         742  0.49379588142680397     
         743  0.49379588142680397     
         744  0.49379588142680397     
         745  0.49379588142680397     
         746  0.49379588142680397     
         747  0.49379588142680397     
         748  0.49379588142680397     
         749  0.49379588142680397     
         750  0.49379588142680397     
         751  0.49379588142680397     
         752  0.49379588142680397     
         753  0.49379588142680397     
         754  0.49379588142680397     
         755  0.49379588142680397     
         756  0.49379588142680397     
         757  0.49379588142680397     
         758  0.49379588142680397     
         759  0.49379588142680397     
         760  0.49379588142680397     
         761  0.49379588142680397     
         762  0.49379588142680397     
         763  0.49379588142680397     
         764  0.49379588142680397     
         765  0.49379588142680397     
         766  0.49379588142680397     
         767  0.49379588142680397     
         768  0.49379588142680397     
         769  0.49379588142680397     
         770  0.49379588142680397     
         771  0.49379588142680397     
         772  0.49379588142680397     
         773  0.49379588142680397     
         774  0.49379588142680397     
         775  0.49379588142680397     
         776  0.49379588142680397     
         777  0.49379588142680397     
         778  0.49379588142680397     
         779  0.25728047956833322     
         780  0.25728047956833322     
         781  0.25728047956833322     
         782  0.25728047956833322     
         783  0.25728047956833322     
         784  0.25728047956833322     
         785  0.25728047956833322     
         786  0.25728047956833322     
         787  0.25728047956833322     
         788  0.25728047956833322     
         789  0.25728047956833322     
         790  0.25728047956833322     
         791  0.25728047956833322     
         792  0.25728047956833322     
         793  0.25728047956833322     
         794  0.25728047956833322     
         795  0.25728047956833322     
         796  0.25728047956833322     
         797  0.25728047956833322     
         798  0.25728047956833322     
         799  0.25728047956833322     
         800  0.25728047956833322     
         801  0.25728047956833322     
         802  0.25728047956833322     
         803  0.25728047956833322     
         804  0.25728047956833322     
         805  0.25728047956833322     
         806  0.25728047956833322     
         807  0.25728047956833322     
         808  0.25728047956833322     
         809  0.25728047956833322     
         810  0.25728047956833322     
         811  0.25728047956833322     
         812  0.25728047956833322     
         813  0.25728047956833322     
         814  0.25728047956833322     
         815  0.25728047956833322     
         816  0.25728047956833322     
         817  0.25728047956833322     
         818  0.25728047956833322     
         819  0.25728047956833322     
         820  0.25728047956833322     
         821  0.25728047956833322     
         822  0.25728047956833322     
         823  0.25728047956833322     
         824  0.25728047956833322     
         825  0.25728047956833322     
         826  0.25728047956833322     
         827  0.25728047956833322     
         828  0.25728047956833322     
         829  0.25728047956833322     
         830  0.15850597371043662     
         831  0.15850597371043662     
         832  0.15850597371043662     
         833  0.15850597371043662     
         834  0.15850597371043662     
         835  0.15850597371043662     
         836  0.15850597371043662     
         837  0.15850597371043662     
         838  0.15850597371043662     
         839  0.15850597371043662     
         840  0.15850597371043662     
         841  0.15850597371043662     
         842  0.15850597371043662     
         843  0.15850597371043662     
         844  0.15850597371043662     
         845  0.15850597371043662     
         846  0.15850597371043662     
         847  0.15850597371043662     
         848  0.15850597371043662     
         849  0.15850597371043662     
         850  0.15850597371043662     
         851  0.15850597371043662     
         852  0.15850597371043662     
         853  0.15850597371043662     
         854  0.15850597371043662     
         855  0.15850597371043662     
         856  0.15850597371043662     
         857  0.15850597371043662     
         858  0.15850597371043662     
         859  0.15850597371043662     
         860  0.15850597371043662     
         861  0.15850597371043662     
         862  0.15850597371043662     
         863  0.15850597371043662     
         864  0.15850597371043662     
         865  0.15850597371043662     
         866  0.15850597371043662     
         867  0.15850597371043662     
         868  0.15850597371043662     
         869  0.15850597371043662     
         870  0.15850597371043662     
         871  0.15850597371043662     
         872  0.15850597371043662     
         873  0.15850597371043662     
         874  0.15850597371043662     
         875  0.15850597371043662     
         876  0.15850597371043662     
         877  0.15850597371043662     
         878  0.15850597371043662     
         879  0.15850597371043662     
         880  0.15850597371043662     
         881  0.15850597371043662     
         882  0.15850597371043662     
         883  0.15850597371043662     
         884  0.15850597371043662     
         885  0.15850597371043662     
         886  0.15850597371043662     
         887  0.15850597371043662     
         888  0.15850597371043662     
         889  0.15850597371043662     
         890  0.15850597371043662     
         891  0.15850597371043662     
         892  0.15850597371043662     
         893  0.15850597371043662     
         894  0.15850597371043662     
         895  0.15850597371043662     
         896  0.15850597371043662     
         897  0.15850597371043662     
         898  0.15850597371043662     
         899  0.15850597371043662     
         900  0.15850597371043662     
         901  0.15850597371043662     
         902  0.15850597371043662     
         903  0.15850597371043662     
         904  0.15850597371043662     
         905  0.15850597371043662     
         906  0.15850597371043662     
         907  0.15850597371043662     
         908  0.15850597371043662     
         909  0.15850597371043662     
         910  0.15850597371043662     
         911  0.15850597371043662     
         912  0.15850597371043662     
         913  0.15850597371043662     
         914  0.15850597371043662     
         915  0.15850597371043662     
         916  0.15850597371043662     
         917  0.15850597371043662     
         918  0.15850597371043662     
         919  0.15850597371043662     
         920  0.15850597371043662     
         921  0.15850597371043662     
         922  0.15850597371043662     
         923  0.15850597371043662     
         924  0.15850597371043662     
         925  0.15850597371043662     
         926  0.15850597371043662     
         927  0.15850597371043662     
         928  0.15850597371043662     
         929  0.15850597371043662     
         930  0.15850597371043662     
         931  0.15850597371043662     
         932  0.15850597371043662     
         933  0.15850597371043662     
         934  0.15850597371043662     
         935  0.15850597371043662     
         936  0.15850597371043662     
         937  0.15850597371043662     
         938  0.15850597371043662     
         939  0.15850597371043662     
         940  0.15850597371043662     
         941  0.15850597371043662     
         942  0.15850597371043662     
         943  0.15850597371043662     
         944  0.15850597371043662     
         945  0.15850597371043662     
         946  0.15850597371043662     
         947  0.15850597371043662     
         948  0.15850597371043662     
         949  0.15850597371043662     
         950  0.15850597371043662     
         951  0.15850597371043662     
         952  0.15850597371043662     
         953  0.15850597371043662     
         954  0.15850597371043662     
         955  0.15850597371043662     
         956  0.15850597371043662     
         957  0.15850597371043662     
         958  0.15850597371043662     
         959  0.15850597371043662     
         960  0.15850597371043662     
         961  0.15850597371043662     
         962  0.15850597371043662     
         963  0.15850597371043662     
         964  0.15850597371043662     
         965  0.15850597371043662     
         966  0.15850597371043662     
         967  0.15850597371043662     
         968  0.15850597371043662     
         969  0.15850597371043662     
         970  0.15850597371043662     
         971  0.15850597371043662     
         972  0.15850597371043662     
         973  0.15850597371043662     
         974  0.15850597371043662     
         975  0.15850597371043662     
         976  0.15850597371043662     
         977  0.15850597371043662     
         978  0.15850597371043662     
         979  0.15850597371043662     
         980  0.15850597371043662     
         981  0.15850597371043662     
         982  0.15850597371043662     
         983  0.15850597371043662     
         984  0.15850597371043662     
         985  0.15850597371043662     
         986  0.15850597371043662     
         987  0.15850597371043662     
         988  0.15850597371043662     
         989  0.15850597371043662     
         990  0.15850597371043662     
         991  0.15850597371043662     
         992  0.15850597371043662     
         993  0.15850597371043662     
         994  0.15850597371043662     
         995  0.15850597371043662     
         996  0.15850597371043662     
         997  0.15850597371043662     
         998  0.15850597371043662     
         999  0.15850597371043662     
        1000  0.15850597371043662     
        1001  0.15850597371043662     
        1002  0.15850597371043662     
        1003  0.15850597371043662     
        1004  0.15850597371043662     
        1005  0.15850597371043662     
        1006  0.15850597371043662     
        1007  0.15850597371043662     
        1008  0.15850597371043662     
        1009  0.15850597371043662     
        1010  0.15850597371043662     
        1011  0.15850597371043662     
        1012  0.15850597371043662     
        1013  0.15850597371043662     
        1014  0.15850597371043662     
        1015  0.15850597371043662     
        1016  0.15850597371043662     
        1017  0.15850597371043662     
        1018  0.15850597371043662     
        1019  0.15850597371043662     
        1020  0.15850597371043662     
        1021  0.15850597371043662     
        1022  0.15850597371043662     
        1023  0.15850597371043662     
        1024  0.15850597371043662     
        1025  0.15850597371043662     
        1026  0.15850597371043662     
        1027  0.15850597371043662     
        1028  0.15850597371043662     
        1029  0.15850597371043662     
        1030  0.15850597371043662     
        1031  0.15850597371043662     
        1032  0.15850597371043662     
        1033  0.15850597371043662     
        1034  0.15850597371043662     
        1035  0.15850597371043662     
        1036  0.15850597371043662     
        1037  0.15850597371043662     
        1038  0.15850597371043662     
        1039  0.15850597371043662     
        1040  0.15850597371043662     
        1041  0.15850597371043662     
        1042  0.15850597371043662     
        1043  0.15850597371043662     
        1044  0.15850597371043662     
        1045  0.15850597371043662     
        1046  0.15850597371043662     
        1047  0.15850597371043662     
        1048  0.15850597371043662     
        1049  0.15850597371043662     
        1050  0.15850597371043662     
        1051  0.15850597371043662     
        1052  0.15850597371043662     
        1053  0.15850597371043662     
        1054  0.15850597371043662     
        1055  0.15850597371043662     
        1056  0.15850597371043662     
        1057  0.15850597371043662     
        1058  0.15850597371043662     
        1059  0.15850597371043662     
        1060  0.15850597371043662     
        1061  0.15850597371043662     
        1062  0.15850597371043662     
        1063  0.15850597371043662     
        1064  0.15850597371043662     
        1065  0.15850597371043662     
        1066  0.15850597371043662     
        1067  0.15850597371043662     
        1068  0.15850597371043662     
        1069  0.15850597371043662     
        1070  0.15850597371043662     
        1071  0.15850597371043662     
        1072  0.15850597371043662     
        1073  0.15850597371043662     
        1074  0.15850597371043662     
        1075  0.15850597371043662     
        1076  0.15850597371043662     
        1077  0.15850597371043662     
        1078  0.15850597371043662     
        1079  0.15850597371043662     
        1080  0.15850597371043662     
        1081  0.15850597371043662     
        1082  0.15850597371043662     
        1083  0.15850597371043662     
        1084  0.15850597371043662     
        1085  0.15850597371043662     
        1086  0.15850597371043662     
        1087  0.15850597371043662     
        1088  0.15850597371043662     
        1089  0.15850597371043662     
        1090  0.15850597371043662     
        1091  0.15850597371043662     
        1092  0.15850597371043662     
        1093  0.15850597371043662     
        1094  0.15850597371043662     
        1095  0.15850597371043662     
        1096  0.15850597371043662     
        1097  0.15850597371043662     
        1098  0.15850597371043662     
        1099  0.15850597371043662     
        1100  0.15850597371043662     
        1101  0.15850597371043662     
        1102  0.15850597371043662     
        1103  0.15850597371043662     
        1104  0.15850597371043662     
        1105  0.15850597371043662     
        1106  0.15850597371043662     
        1107  0.15850597371043662     
        1108  0.15850597371043662     
        1109  0.15850597371043662     
        1110  0.15850597371043662     
        1111  0.15850597371043662     
        1112  0.15850597371043662     
        1113  0.15850597371043662     
        1114  0.15850597371043662     
        1115  0.15850597371043662     
        1116  0.15850597371043662     
        1117  0.15850597371043662     
        1118  0.15850597371043662     
        1119  0.15850597371043662     
        1120  0.15850597371043662     
        1121  0.15850597371043662     
        1122  0.15850597371043662     
        1123  0.15850597371043662     
        1124  0.15850597371043662     
        1125  0.15850597371043662     
        1126  0.15850597371043662     
        1127  0.15850597371043662     
        1128  0.15850597371043662     
        1129  0.15850597371043662     
        1130  0.15850597371043662     
        1131  0.15850597371043662     
        1132  0.15850597371043662     
        1133  0.15850597371043662     
        1134  0.15850597371043662     
        1135  0.15850597371043662     
        1136  0.15850597371043662     
        1137  0.15850597371043662     
        1138  0.15850597371043662     
        1139  0.15850597371043662     
        1140  0.15850597371043662     
        1141  0.15850597371043662     
        1142  0.15850597371043662     
        1143  0.15850597371043662     
        1144  0.15850597371043662     
        1145  0.15850597371043662     
        1146  0.15850597371043662     
        1147  0.15850597371043662     
        1148  0.15850597371043662     
        1149  0.15850597371043662     
        1150  0.15850597371043662     
        1151  0.15850597371043662     
        1152  0.15850597371043662     
        1153  0.15850597371043662     
        1154  0.15850597371043662     
        1155  0.15850597371043662     
        1156  0.15850597371043662     
        1157  0.15850597371043662     
        1158  0.15850597371043662     
        1159  0.15850597371043662     
        1160  0.15850597371043662     
        1161  0.15850597371043662     
        1162  0.15850597371043662     
        1163  0.15850597371043662     
        1164  0.15850597371043662     
        1165  0.15850597371043662     
        1166  0.15850597371043662     
        1167  0.15850597371043662     
        1168  0.15850597371043662     
        1169  0.15850597371043662     
        1170  0.15850597371043662     
        1171  0.15850597371043662     
        1172  0.15850597371043662     
        1173  0.15850597371043662     
        1174  0.15850597371043662     
        1175  0.15850597371043662     
        1176  0.15850597371043662     
        1177  0.15850597371043662     
        1178  0.15850597371043662     
        1179  0.15850597371043662     
        1180  0.15850597371043662     
        1181  0.15850597371043662     
        1182  0.15850597371043662     
        1183  0.15850597371043662     
        1184  0.15850597371043662     
        1185  0.15850597371043662     
        1186  0.15850597371043662     
        1187  0.15850597371043662     
        1188  0.15850597371043662     
        1189  0.15850597371043662     
        1190  0.15850597371043662     
        1191  0.15850597371043662     
        1192  0.15850597371043662     
        1193  0.15850597371043662     
        1194  0.15850597371043662     
        1195  0.15850597371043662     
        1196  0.15850597371043662     
        1197  0.15850597371043662     
        1198  0.15850597371043662     
        1199  0.15850597371043662     
        1200  0.15850597371043662     
        1201  0.15850597371043662     
        1202  0.15850597371043662     
        1203  0.15850597371043662     
        1204  0.15850597371043662     
        1205  0.15850597371043662     
        1206  0.15850597371043662     
        1207  0.15850597371043662     
        1208  0.15850597371043662     
        1209  0.15850597371043662     
        1210  0.15850597371043662     
        1211  0.15850597371043662     
        1212  0.15850597371043662     
        1213  0.15850597371043662     
        1214  0.15850597371043662     
        1215  0.15850597371043662     
        1216  0.15850597371043662     
        1217  0.15850597371043662     
        1218  0.15850597371043662     
        1219  0.15850597371043662     
        1220  0.15850597371043662     
        1221  0.15850597371043662     
        1222  0.15850597371043662     
        1223  0.15850597371043662     
        1224  0.15850597371043662     
        1225  0.15850597371043662     
        1226  0.15850597371043662     
        1227  0.15850597371043662     
        1228  0.15850597371043662     
        1229  0.15850597371043662     
        1230  0.15850597371043662     
        1231  0.15850597371043662     
        1232  0.15850597371043662     
        1233  0.15850597371043662     
        1234  0.15850597371043662     
        1235  0.15850597371043662     
        1236  0.15850597371043662     
        1237  0.15850597371043662     
        1238  0.15850597371043662     
        1239  0.15850597371043662     
        1240  0.15850597371043662     
        1241  0.15850597371043662     
        1242  0.15850597371043662     
        1243  0.15850597371043662     
        1244  0.15850597371043662     
        1245  0.15850597371043662     
        1246  0.15850597371043662     
        1247  0.15850597371043662     
        1248  0.15850597371043662     
        1249  0.15850597371043662     
        1250  0.15850597371043662     
        1251  0.15850597371043662     
        1252  0.15850597371043662     
        1253  0.15850597371043662     
        1254  0.15850597371043662     
        1255  0.15850597371043662     
        1256  0.15850597371043662     
        1257  0.15850597371043662     
        1258  0.15850597371043662     
        1259  0.15850597371043662     
        1260  0.15850597371043662     
        1261  0.15850597371043662     
        1262  0.15850597371043662     
        1263  0.15850597371043662     
        1264  0.15850597371043662     
        1265  0.15850597371043662     
        1266  0.15850597371043662     
        1267  0.15850597371043662     
        1268  0.15850597371043662     
        1269  0.15850597371043662     
        1270  0.15850597371043662     
        1271  0.15850597371043662     
        1272  0.15850597371043662     
        1273  0.15850597371043662     
        1274  0.15850597371043662     
        1275  0.15850597371043662     
        1276  0.15850597371043662     
        1277  0.15850597371043662     
        1278  0.15850597371043662     
        1279  0.15850597371043662     
        1280  0.15850597371043662     
        1281  0.15850597371043662     
        1282  0.15850597371043662     
        1283  0.15850597371043662     
        1284  0.15850597371043662     
        1285  0.15850597371043662     
        1286  0.15850597371043662     
        1287  0.15850597371043662     
        1288  0.15850597371043662     
        1289  0.15850597371043662     
        1290  0.15850597371043662     
        1291  0.15850597371043662     
        1292  0.15850597371043662     
        1293  0.15850597371043662     
        1294  0.15850597371043662     
        1295  0.15850597371043662     
        1296  0.15850597371043662     
        1297  0.15850597371043662     
        1298  0.15850597371043662     
        1299  0.15850597371043662     
        1300  0.15850597371043662     
        1301  0.15850597371043662     
        1302  0.15850597371043662     
        1303  0.15850597371043662     
        1304  0.15850597371043662     
        1305  0.15850597371043662     
        1306  0.15850597371043662     
        1307  0.15850597371043662     
        1308  0.15850597371043662     
        1309  0.15850597371043662     
        1310  0.15850597371043662     
        1311  0.15850597371043662     
        1312  0.15850597371043662     
        1313  0.15850597371043662     
        1314  0.15850597371043662     
        1315  0.15850597371043662     
        1316  0.15850597371043662     
        1317  0.15850597371043662     
        1318  0.15850597371043662     
        1319  0.15850597371043662     
        1320  0.15850597371043662     
        1321  0.15850597371043662     
        1322  0.15850597371043662     
        1323  0.15850597371043662     
        1324  0.15850597371043662     
        1325  0.15850597371043662     
        1326  0.15850597371043662     
        1327  0.15850597371043662     
        1328  0.15850597371043662     
        1329  0.15850597371043662     
        1330  0.15850597371043662     
        1331  0.15850597371043662     
        1332  0.15850597371043662     
        1333  0.15850597371043662     
        1334  0.15850597371043662     
        1335  0.15850597371043662     
        1336  0.15850597371043662     
        1337  0.15850597371043662     
        1338  0.15850597371043662     
        1339  0.15850597371043662     
        1340  0.15850597371043662     
        1341  0.15850597371043662     
        1342  0.15850597371043662     
        1343  0.15850597371043662     
        1344  0.15850597371043662     
        1345  0.15850597371043662     
        1346  0.15850597371043662     
        1347  0.15850597371043662     
        1348  0.15850597371043662     
        1349  0.15850597371043662     
        1350  0.15850597371043662     
        1351  0.15850597371043662     
        1352  0.15850597371043662     
        1353  0.15850597371043662     
        1354  0.15850597371043662     
        1355  0.15850597371043662     
        1356  0.15850597371043662     
        1357  0.15850597371043662     
        1358  0.15850597371043662     
        1359  0.15850597371043662     
        1360  0.15850597371043662     
        1361  0.15850597371043662     
        1362  0.15850597371043662     
        1363  0.15850597371043662     
        1364  0.15850597371043662     
        1365  0.15850597371043662     
        1366  0.15850597371043662     
        1367  0.15850597371043662     
        1368  0.15850597371043662     
        1369  0.15850597371043662     
        1370  0.15850597371043662     
        1371  0.15850597371043662     
        1372  0.15850597371043662     
        1373  0.15850597371043662     
        1374  0.15850597371043662     
        1375  0.15850597371043662     
        1376  0.15850597371043662     
        1377  0.15850597371043662     
        1378  0.15850597371043662     
        1379  0.15850597371043662     
        1380  0.15850597371043662     
        1381  0.15850597371043662     
        1382  0.15850597371043662     
        1383  0.15850597371043662     
        1384  0.15850597371043662     
        1385  0.15850597371043662     
        1386  0.15850597371043662     
        1387  0.15850597371043662     
        1388  0.15850597371043662     
        1389  0.15850597371043662     
        1390  0.15850597371043662     
        1391  0.15850597371043662     
        1392  0.15850597371043662     
        1393  0.15850597371043662     
        1394  0.15850597371043662     
        1395  0.15850597371043662     
        1396  0.15850597371043662     
        1397  0.15850597371043662     
        1398  0.15850597371043662     
        1399  0.15850597371043662     
        1400  0.15850597371043662     
        1401  0.15850597371043662     
        1402  0.15850597371043662     
        1403  0.15850597371043662     
        1404  0.15850597371043662     
        1405  0.15850597371043662     
        1406  0.15850597371043662     
        1407  0.15850597371043662     
        1408  0.15850597371043662     
        1409  0.15850597371043662     
        1410  0.15850597371043662     
        1411  0.15850597371043662     
        1412  0.15850597371043662     
        1413  0.15850597371043662     
        1414  0.15850597371043662     
        1415  0.15850597371043662     
        1416  0.15850597371043662     
        1417  0.15850597371043662     
        1418  0.15850597371043662     
        1419  0.15850597371043662     
        1420  0.15850597371043662     
        1421  0.15850597371043662     
        1422  0.15850597371043662     
        1423  0.15850597371043662     
        1424  0.15850597371043662     
        1425  0.15850597371043662     
        1426  0.15850597371043662     
        1427  0.15850597371043662     
        1428  0.15850597371043662     
        1429  0.15850597371043662     
        1430  0.15850597371043662     
        1431  0.15850597371043662     
        1432  0.15850597371043662     
        1433  0.15850597371043662     
        1434  0.15850597371043662     
        1435  0.15850597371043662     
        1436  0.15850597371043662     
        1437  0.15850597371043662     
        1438  0.15850597371043662     
        1439  0.15850597371043662     
        1440  0.15850597371043662     
        1441  0.15850597371043662     
        1442  0.15850597371043662     
        1443  0.15850597371043662     
        1444  0.15850597371043662     
        1445  0.15850597371043662     
        1446  0.15850597371043662     
        1447  0.15850597371043662     
        1448  0.15850597371043662     
        1449  0.15850597371043662     
        1450  0.15850597371043662     
        1451  0.15850597371043662     
        1452  0.15850597371043662     
        1453  0.15850597371043662     
        1454  0.15850597371043662     
        1455  0.15850597371043662     
        1456  0.15850597371043662     
        1457  0.15850597371043662     
        1458  0.15850597371043662     
        1459  0.15850597371043662     
        1460  0.15850597371043662     
        1461  0.15850597371043662     
        1462  0.15850597371043662     
        1463  0.15850597371043662     
        1464  0.15850597371043662     
        1465  0.15850597371043662     
        1466  0.15850597371043662     
        1467  0.15850597371043662     
        1468  0.15850597371043662     
        1469  0.15850597371043662     
        1470  0.15850597371043662     
        1471  0.15850597371043662     
        1472  0.15850597371043662     
        1473  0.15850597371043662     
        1474  0.15850597371043662     
        1475  0.15850597371043662     
        1476  0.15850597371043662     
        1477  0.15850597371043662     
        1478  0.15850597371043662     
        1479  0.15850597371043662     
        1480  0.15850597371043662     
        1481  0.15850597371043662     
        1482  0.15850597371043662     
        1483  0.15850597371043662     
        1484  0.15850597371043662     
        1485  0.15850597371043662     
        1486  0.15850597371043662     
        1487  0.15850597371043662     
        1488  0.15850597371043662     
        1489  0.15850597371043662     
        1490  0.15850597371043662     
        1491  0.15850597371043662     
        1492  0.15850597371043662     
        1493  0.15850597371043662     
        1494  0.15850597371043662     
        1495  0.15850597371043662     
        1496  0.15850597371043662     
        1497  0.15850597371043662     
        1498  0.15850597371043662     
        1499  0.15850597371043662     
        1500  0.15850597371043662     
        1501  0.15850597371043662     
        1502  0.15850597371043662     
        1503  0.15850597371043662     
        1504  0.15850597371043662     
        1505  0.15850597371043662     
        1506  0.15850597371043662     
        1507  0.15850597371043662     
        1508  0.15850597371043662     
        1509  0.15850597371043662     
        1510  0.15850597371043662     
        1511  0.15850597371043662     
        1512  0.15850597371043662     
        1513  0.15850597371043662     
        1514  0.15850597371043662     
        1515  0.15850597371043662     
        1516  0.15850597371043662     
        1517  0.15850597371043662     
        1518  0.15850597371043662     
        1519  0.15850597371043662     
        1520  0.15850597371043662     
        1521  0.15850597371043662     
        1522  0.15850597371043662     
        1523  0.15850597371043662     
        1524  0.15850597371043662     
        1525  0.15850597371043662     
        1526  0.15850597371043662     
        1527  0.15850597371043662     
        1528  0.15850597371043662     
        1529  0.15850597371043662     
        1530  0.15850597371043662     
        1531  0.15850597371043662     
        1532  0.15850597371043662     
        1533  0.15850597371043662     
        1534  0.15850597371043662     
        1535  0.15850597371043662     
        1536  0.15850597371043662     
        1537  0.15850597371043662     
        1538  0.15850597371043662     
        1539  0.15850597371043662     
        1540  0.15850597371043662     
        1541  0.15850597371043662     
        1542  0.15850597371043662     
        1543  0.15850597371043662     
        1544  0.15850597371043662     
        1545  0.15850597371043662     
        1546  0.15850597371043662     
        1547  0.15850597371043662     
        1548  0.15850597371043662     
        1549  0.15850597371043662     
        1550  0.15850597371043662     
        1551  0.15850597371043662     
        1552  0.15850597371043662     
        1553  0.15850597371043662     
        1554  0.15850597371043662     
        1555  0.15850597371043662     
        1556  0.15850597371043662     
        1557  0.15850597371043662     
        1558  0.15850597371043662     
        1559  0.15850597371043662     
        1560  0.15850597371043662     
        1561  0.15850597371043662     
        1562  0.15850597371043662     
        1563  0.15850597371043662     
        1564  0.15850597371043662     
        1565  0.15850597371043662     
        1566  0.15850597371043662     
        1567  0.15850597371043662     
        1568  0.15850597371043662     
        1569  0.15850597371043662     
        1570  0.15850597371043662     
        1571  0.15850597371043662     
        1572  0.15850597371043662     
        1573  0.15850597371043662     
        1574  0.15850597371043662     
        1575  0.15850597371043662     
        1576  0.15850597371043662     
        1577  0.15850597371043662     
        1578  0.15850597371043662     
        1579  0.15850597371043662     
        1580  0.15850597371043662     
        1581  0.15850597371043662     
        1582  0.15850597371043662     
        1583  0.15850597371043662     
        1584  0.15850597371043662     
        1585  0.15850597371043662     
        1586  0.15850597371043662     
        1587  0.15850597371043662     
        1588  0.15850597371043662     
        1589  0.15850597371043662     
        1590  0.15850597371043662     
        1591  0.15850597371043662     
        1592  0.15850597371043662     
        1593  0.15850597371043662     
        1594  0.15850597371043662     
        1595  0.15850597371043662     
        1596  0.15850597371043662     
        1597  0.15850597371043662     
        1598  0.15850597371043662     
        1599  0.15850597371043662     
        1600  0.15850597371043662     
        1601  0.15850597371043662     
        1602  0.15850597371043662     
        1603  0.15850597371043662     
        1604  0.15850597371043662     
        1605  0.15850597371043662     
        1606  0.15850597371043662     
        1607  0.15850597371043662     
        1608  0.15850597371043662     
        1609  0.15850597371043662     
        1610  0.15850597371043662     
        1611  0.15850597371043662     
        1612  0.15850597371043662     
        1613  0.15850597371043662     
        1614  0.15850597371043662     
        1615  0.15850597371043662     
        1616  0.15850597371043662     
        1617  0.15850597371043662     
        1618  0.15850597371043662     
        1619  0.15850597371043662     
        1620  0.15850597371043662     
        1621  0.15850597371043662     
        1622  0.15850597371043662     
        1623  0.15850597371043662     
        1624  0.15850597371043662     
        1625  0.15850597371043662     
        1626  0.15850597371043662     
        1627  0.15850597371043662     
        1628  0.15850597371043662     
        1629  0.15850597371043662     
        1630  0.15850597371043662     
        1631  0.15850597371043662     
        1632  0.15850597371043662     
        1633  0.15850597371043662     
        1634  0.15850597371043662     
        1635  0.15850597371043662     
        1636  0.15850597371043662     
        1637  0.15850597371043662     
        1638  0.15850597371043662     
        1639  0.15850597371043662     
        1640  0.15850597371043662     
        1641  0.15850597371043662     
        1642  0.15850597371043662     
        1643  0.15850597371043662     
        1644  0.15850597371043662     
        1645  0.15850597371043662     
        1646  0.15850597371043662     
        1647  0.15850597371043662     
        1648  0.15850597371043662     
        1649  0.15850597371043662     
        1650  0.15850597371043662     
        1651  0.15850597371043662     
        1652  0.15850597371043662     
        1653  0.15850597371043662     
        1654  0.15850597371043662     
        1655  0.15850597371043662     
        1656  0.15850597371043662     
        1657  0.15850597371043662     
        1658  0.15850597371043662     
        1659  0.15850597371043662     
        1660  0.15850597371043662     
        1661  0.15850597371043662     
        1662  0.15850597371043662     
        1663  0.15850597371043662     
        1664  0.15850597371043662     
        1665  0.15850597371043662     
        1666  0.15850597371043662     
        1667  0.15850597371043662     
        1668  0.15850597371043662     
        1669  0.15850597371043662     
        1670  0.15850597371043662     
        1671  0.15850597371043662     
        1672  0.15850597371043662     
        1673  0.15850597371043662     
        1674  0.15850597371043662     
        1675  0.15850597371043662     
        1676  0.15850597371043662     
        1677  0.15850597371043662     
        1678  0.15850597371043662     
        1679  0.15850597371043662     
        1680  0.15850597371043662     
        1681  0.15850597371043662     
        1682  0.15850597371043662     
        1683  0.15850597371043662     
        1684  0.15850597371043662     
        1685  0.15850597371043662     
        1686  0.15850597371043662     
        1687  0.15850597371043662     
        1688  0.15850597371043662     
        1689  0.15850597371043662     
        1690  0.15850597371043662     
        1691  0.15850597371043662     
        1692  0.15850597371043662     
        1693  0.15850597371043662     
        1694  0.15850597371043662     
        1695  0.15850597371043662     
        1696  0.15850597371043662     
        1697  0.15850597371043662     
        1698  0.15850597371043662     
        1699  0.15850597371043662     
        1700  0.15850597371043662     
        1701  0.15850597371043662     
        1702  0.15850597371043662     
        1703  0.15850597371043662     
        1704  0.15850597371043662     
        1705  0.15850597371043662     
        1706  0.15850597371043662     
        1707  0.15850597371043662     
        1708  0.15850597371043662     
        1709  0.15850597371043662     
        1710  0.15850597371043662     
        1711  0.15850597371043662     
        1712  0.15850597371043662     
        1713  0.15850597371043662     
        1714  0.15850597371043662     
        1715  0.15850597371043662     
        1716  0.15850597371043662     
        1717  0.15850597371043662     
        1718  0.15850597371043662     
        1719  0.15850597371043662     
        1720  0.15850597371043662     
        1721  0.15850597371043662     
        1722  0.15850597371043662     
        1723  0.15850597371043662     
        1724  0.15850597371043662     
        1725  0.15850597371043662     
        1726  0.15850597371043662     
        1727  0.15850597371043662     
        1728  0.15850597371043662     
        1729  0.15850597371043662     
        1730  0.15850597371043662     
        1731  0.15850597371043662     
        1732  0.15850597371043662     
        1733  0.15850597371043662     
        1734  0.15850597371043662     
        1735  0.15850597371043662     
        1736  0.15850597371043662     
        1737  0.15850597371043662     
        1738  0.15850597371043662     
        1739  0.15850597371043662     
        1740  0.15850597371043662     
        1741  0.15850597371043662     
        1742  0.15850597371043662     
        1743  0.15850597371043662     
        1744  0.15850597371043662     
        1745  0.15850597371043662     
        1746  0.15850597371043662     
        1747  0.15850597371043662     
        1748  0.15850597371043662     
        1749  0.15850597371043662     
        1750  0.15850597371043662     
        1751  0.15850597371043662     
        1752  0.15850597371043662     
        1753  0.15850597371043662     
        1754  0.15850597371043662     
        1755  0.15850597371043662     
        1756  0.15850597371043662     
        1757  0.15850597371043662     
        1758  0.15850597371043662     
        1759  0.15850597371043662     
        1760  0.15850597371043662     
        1761  0.15850597371043662     
        1762  0.15850597371043662     
        1763  0.15850597371043662     
        1764  0.15850597371043662     
        1765  0.15850597371043662     
        1766  0.15850597371043662     
        1767  0.15850597371043662     
        1768  0.15850597371043662     
        1769  0.15850597371043662     
        1770  0.15850597371043662     
        1771  0.15850597371043662     
        1772  0.15850597371043662     
        1773  0.15850597371043662     
        1774  0.15850597371043662     
        1775  0.15850597371043662     
        1776  0.15850597371043662     
        1777  0.15850597371043662     
        1778  0.15850597371043662     
        1779  0.15850597371043662     
        1780  0.15850597371043662     
        1781  0.15850597371043662     
        1782  0.15850597371043662     
        1783  0.15850597371043662     
        1784  0.15850597371043662     
        1785  0.15850597371043662     
        1786  0.15850597371043662     
        1787  0.15850597371043662     
        1788  0.15850597371043662     
        1789  0.15850597371043662     
        1790  0.15850597371043662     
        1791  0.15850597371043662     
        1792  0.15850597371043662     
        1793  0.15850597371043662     
        1794  0.15850597371043662     
        1795  0.15850597371043662     
        1796  0.15850597371043662     
        1797  0.15850597371043662     
        1798  0.15850597371043662     
        1799  0.15850597371043662     
        1800  0.15850597371043662     
        1801  0.15850597371043662     
        1802  0.15850597371043662     
        1803  0.15850597371043662     
        1804  0.15850597371043662     
        1805  0.15850597371043662     
        1806  0.15850597371043662     
        1807  0.15850597371043662     
        1808  0.15850597371043662     
        1809  0.15850597371043662     
        1810  0.15850597371043662     
        1811  0.15850597371043662     
        1812  0.15850597371043662     
        1813  0.15850597371043662     
        1814  0.15850597371043662     
        1815  0.15850597371043662     
        1816  0.15850597371043662     
        1817  0.15850597371043662     
        1818  0.15850597371043662     
        1819  0.15850597371043662     
        1820  0.15850597371043662     
        1821  0.15850597371043662     
        1822  0.15850597371043662     
        1823  0.15850597371043662     
        1824  0.15850597371043662     
        1825  0.15850597371043662     
        1826  0.15850597371043662     
        1827  0.15850597371043662     
        1828  0.15850597371043662     
        1829  0.15850597371043662     
        1830  0.15850597371043662     
        1831  0.15850597371043662     
        1832  0.15850597371043662     
        1833  0.15850597371043662     
        1834  0.15850597371043662     
        1835  0.15850597371043662     
        1836  0.15850597371043662     
        1837  0.15850597371043662     
        1838  0.15850597371043662     
        1839  0.15850597371043662     
        1840  0.15850597371043662     
        1841  0.15850597371043662     
        1842  0.15850597371043662     
        1843  0.15850597371043662     
        1844  0.15850597371043662     
        1845  0.15850597371043662     
        1846  0.15850597371043662     
        1847  0.15850597371043662     
        1848  0.15850597371043662     
        1849  0.15850597371043662     
        1850  0.15850597371043662     
        1851  0.15850597371043662     
        1852  0.15850597371043662     
        1853  0.15850597371043662     
        1854  0.15850597371043662     
        1855  0.15850597371043662     
        1856  0.15850597371043662     
        1857  0.15850597371043662     
        1858  0.15850597371043662     
        1859  0.15850597371043662     
        1860  0.15850597371043662     
        1861  0.15850597371043662     
        1862  0.15850597371043662     
        1863  0.15850597371043662     
        1864  0.15850597371043662     
        1865  0.15850597371043662     
        1866  0.15850597371043662     
        1867  0.15850597371043662     
        1868  0.15850597371043662     
        1869  0.15850597371043662     
        1870  0.15850597371043662     
        1871  0.15850597371043662     
        1872  0.15850597371043662     
        1873  0.15850597371043662     
        1874  0.15850597371043662     
        1875  0.15850597371043662     
        1876  0.15850597371043662     
        1877  0.15850597371043662     
        1878  0.15850597371043662     
        1879  0.15850597371043662     
        1880  0.15850597371043662     
        1881  0.15850597371043662     
        1882  0.15850597371043662     
        1883  0.15850597371043662     
        1884  0.15850597371043662     
        1885  0.15850597371043662     
        1886  0.15850597371043662     
        1887  0.15850597371043662     
        1888  0.15850597371043662     
        1889  0.15850597371043662     
        1890  0.15850597371043662     
        1891  0.15850597371043662     
        1892  0.15850597371043662     
        1893  0.15850597371043662     
        1894  0.15850597371043662     
        1895  0.15850597371043662     
        1896  0.15850597371043662     
        1897  0.15850597371043662     
        1898  0.15850597371043662     
        1899  0.15850597371043662     
        1900  0.15850597371043662     
        1901  0.15850597371043662     
        1902  0.15850597371043662     
        1903  0.15850597371043662     
        1904  0.15850597371043662     
        1905  0.15850597371043662     
        1906  0.15850597371043662     
        1907  0.15850597371043662     
        1908  0.15850597371043662     
        1909  0.15850597371043662     
        1910  0.15850597371043662     
        1911  0.15850597371043662     
        1912  0.15850597371043662     
        1913  0.15850597371043662     
        1914  0.15850597371043662     
        1915  0.15850597371043662     
        1916  0.15850597371043662     
        1917  0.15850597371043662     
        1918  0.15850597371043662     
        1919  0.15850597371043662     
        1920  0.15850597371043662     
        1921  0.15850597371043662     
        1922  0.15850597371043662     
        1923  0.15850597371043662     
        1924  0.15850597371043662     
        1925  0.15850597371043662     
        1926  0.15850597371043662     
        1927  0.15850597371043662     
        1928  0.15850597371043662     
        1929  0.15850597371043662     
        1930  0.15850597371043662     
        1931   3.9665431434567466E-002
        1932   3.9665431434567466E-002
        1933   3.9665431434567466E-002
        1934   1.9832715717283733E-002
        1935   1.9832715717283733E-002
        1936   1.9832715717283733E-002
        1937   1.9832715717283733E-002
        1938   1.9832715717283733E-002
        1939   1.9832715717283733E-002
        1940   1.9832715717283733E-002
        1941   1.9832715717283733E-002
        1942   1.9832715717283733E-002
        1943   1.9832715717283733E-002
        1944   1.9832715717283733E-002
        1945   1.9832715717283733E-002
        1946   1.9832715717283733E-002
        1947   1.9832715717283733E-002
        1948   1.9832715717283733E-002
        1949   1.9832715717283733E-002
        1950   1.9832715717283733E-002
        1951   1.9832715717283733E-002
        1952   1.9832715717283733E-002
        1953   1.9832715717283733E-002
        1954   1.9832715717283733E-002
        1955   1.9832715717283733E-002
        1956   1.9832715717283733E-002
        1957   1.9832715717283733E-002
        1958   1.9832715717283733E-002
        1959   1.9832715717283733E-002
        1960   1.9832715717283733E-002
        1961   1.9832715717283733E-002
        1962   1.9832715717283733E-002
        1963   1.9832715717283733E-002
        1964   1.9832715717283733E-002
        1965   1.9832715717283733E-002
        1966   1.9832715717283733E-002
        1967   1.9832715717283733E-002
        1968   1.9832715717283733E-002
        1969   1.9832715717283733E-002
        1970   1.9832715717283733E-002
        1971   1.9832715717283733E-002
        1972   1.9832715717283733E-002
        1973   1.9832715717283733E-002
        1974   1.9832715717283733E-002
        1975   1.9832715717283733E-002
        1976   1.9832715717283733E-002
        1977   1.9832715717283733E-002
        1978   1.9832715717283733E-002
        1979   1.9832715717283733E-002
        1980   1.9832715717283733E-002
        1981   1.9832715717283733E-002
        1982   1.9832715717283733E-002
        1983   1.9832715717283733E-002
        1984   1.9832715717283733E-002
        1985   1.9832715717283733E-002
        1986   1.9832715717283733E-002
        1987   1.9832715717283733E-002
        1988   1.9832715717283733E-002
        1989   1.9832715717283733E-002
        1990   1.9832715717283733E-002
        1991   1.9832715717283733E-002
        1992   1.9832715717283733E-002
        1993   1.9832715717283733E-002
        1994   1.9832715717283733E-002
        1995   1.9832715717283733E-002
        1996   1.9832715717283733E-002
        1997   1.9832715717283733E-002
        1998   1.9832715717283733E-002
        1999   1.9832715717283733E-002
        2000   1.9832715717283733E-002
        2001   1.9832715717283733E-002
        2002   1.9832715717283733E-002
        2003   1.9832715717283733E-002
        2004   1.9832715717283733E-002
        2005   1.9832715717283733E-002
        2006   1.9832715717283733E-002
        2007   1.9832715717283733E-002
        2008   1.9832715717283733E-002
        2009   1.9832715717283733E-002
        2010   1.9832715717283733E-002
        2011   1.9832715717283733E-002
        2012   1.9832715717283733E-002
        2013   1.9832715717283733E-002
        2014   1.9832715717283733E-002
        2015   1.9832715717283733E-002
        2016   1.9832715717283733E-002
        2017   1.9832715717283733E-002
        2018   1.9832715717283733E-002
        2019   1.9832715717283733E-002
        2020   1.9832715717283733E-002
        2021   1.9832715717283733E-002
        2022   1.9832715717283733E-002
        2023   1.9832715717283733E-002
        2024   1.9832715717283733E-002
        2025   1.9832715717283733E-002
        2026   1.9832715717283733E-002
        2027   1.9832715717283733E-002
        2028   1.9832715717283733E-002
        2029   1.9832715717283733E-002
        2030   1.9832715717283733E-002
        2031   1.9832715717283733E-002
        2032   1.9832715717283733E-002
        2033   1.9832715717283733E-002
        2034   1.9832715717283733E-002
        2035   1.9832715717283733E-002
        2036   1.9832715717283733E-002
        2037   1.9832715717283733E-002
        2038   1.9832715717283733E-002
        2039   1.9832715717283733E-002
        2040   1.9832715717283733E-002
        2041   1.9832715717283733E-002
        2042   0.0000000000000000     
