           1   17.565173267904555     
           2   14.029524860957384     
           3   3.8640737318350711     
           4   3.8640737318350711     
           5   2.1590857025725096     
           6   2.1590857025725096     
           7   1.7456678568347606     
           8   1.3556011044309724     
           9   1.3556011044309724     
          10   1.3556011044309724     
          11   1.3556011044309724     
          12   1.3556011044309724     
          13   1.3556011044309724     
          14   1.3556011044309724     
          15   1.3556011044309724     
          16   1.3556011044309724     
          17   1.3556011044309724     
          18   1.3556011044309724     
          19   1.1985059737104446     
          20   1.1985059737104446     
          21   1.1985059737104446     
          22   1.1985059737104446     
          23   1.1985059737104446     
          24   1.1985059737104446     
          25   1.1985059737104446     
          26   1.1985059737104446     
          27   1.1985059737104446     
          28   1.1985059737104446     
          29   1.1985059737104446     
          30   1.1985059737104446     
          31   1.1985059737104446     
          32   1.1985059737104446     
          33   1.1985059737104446     
          34   1.1985059737104446     
          35   1.1985059737104446     
          36   1.1985059737104446     
          37   1.1985059737104446     
          38   1.1985059737104446     
          39   1.1985059737104446     
          40   1.1985059737104446     
          41   1.1985059737104446     
          42   1.1985059737104446     
          43   1.1985059737104446     
          44   1.1985059737104446     
          45   1.1985059737104446     
          46   1.1985059737104446     
          47   1.1985059737104446     
          48   1.1985059737104446     
          49   1.1985059737104446     
          50   1.1985059737104446     
          51   1.1985059737104446     
          52   1.1985059737104446     
          53   1.1985059737104446     
          54   1.1985059737104446     
          55   1.1985059737104446     
          56   1.1985059737104446     
          57   1.1985059737104446     
          58   1.1985059737104446     
          59   1.1985059737104446     
          60   1.1985059737104446     
          61   1.1985059737104446     
          62   1.1985059737104446     
          63   1.1985059737104446     
          64   1.1985059737104446     
          65   1.1985059737104446     
          66   1.1985059737104446     
          67   1.1985059737104446     
          68  0.39502137556890737     
          69  0.39502137556890737     
          70  0.39502137556890737     
          71  0.39502137556890737     
          72  0.39502137556890737     
          73  0.39502137556890737     
          74  0.39502137556890737     
          75  0.39502137556890737     
          76  0.39502137556890737     
          77  0.39502137556890737     
          78  0.39502137556890737     
          79  0.39502137556890737     
          80  0.39502137556890737     
          81  0.39502137556890737     
          82  0.39502137556890737     
          83  0.39502137556890737     
          84  0.39502137556890737     
          85  0.39502137556890737     
          86  0.39502137556890737     
          87  0.39502137556890737     
          88  0.39502137556890737     
          89  0.39502137556890737     
          90  0.39502137556890737     
          91  0.39502137556890737     
          92  0.39502137556890737     
          93  0.39502137556890737     
          94  0.39502137556890737     
          95  0.39502137556890737     
          96  0.39502137556890737     
          97  0.39502137556890737     
          98  0.39502137556890737     
          99  0.39502137556890737     
         100  0.39502137556890737     
         101  0.39502137556890737     
         102  0.39502137556890737     
         103  0.39502137556890737     
         104  0.39502137556890737     
         105  0.39502137556890737     
         106  0.39502137556890737     
         107  0.39502137556890737     
         108  0.39502137556890737     
         109  0.39502137556890737     
         110  0.39502137556890737     
         111  0.39502137556890737     
         112  0.39502137556890737     
         113  0.39502137556890737     
         114  0.39502137556890737     
         115  0.39502137556890737     
         116  0.39502137556890737     
         117  0.39502137556890737     
         118  0.39502137556890737     
         119  0.39502137556890737     
         120  0.39502137556890737     
         121  0.39502137556890737     
         122  0.39502137556890737     
         123  0.39502137556890737     
         124  0.39502137556890737     
         125  0.39502137556890737     
         126  0.39502137556890737     
         127  0.39502137556890737     
         128  0.39502137556890737     
         129  0.39502137556890737     
         130  0.39502137556890737     
         131  0.39502137556890737     
         132  0.39502137556890737     
         133  0.39502137556890737     
         134  0.39502137556890737     
         135  0.39502137556890737     
         136  0.39502137556890737     
         137  0.39502137556890737     
         138  0.39502137556890737     
         139  0.39502137556890737     
         140  0.39502137556890737     
         141  0.39502137556890737     
         142  0.39502137556890737     
         143  0.39502137556890737     
         144  0.39502137556890737     
         145  0.39502137556890737     
         146  0.39502137556890737     
         147  0.39502137556890737     
         148  0.39502137556890737     
         149  0.39502137556890737     
         150  0.39502137556890737     
         151  0.39502137556890737     
         152  0.39502137556890737     
         153  0.39502137556890737     
         154  0.39502137556890737     
         155  0.39502137556890737     
         156  0.39502137556890737     
         157  0.39502137556890737     
         158  0.39502137556890737     
         159  0.39502137556890737     
         160  0.39502137556890737     
         161  0.39502137556890737     
         162  0.39502137556890737     
         163  0.39502137556890737     
         164  0.39502137556890737     
         165  0.39502137556890737     
         166  0.39502137556890737     
         167  0.39502137556890737     
         168  0.39502137556890737     
         169  0.39502137556890737     
         170  0.39502137556890737     
         171  0.39502137556890737     
         172  0.39502137556890737     
         173  0.39502137556890737     
         174  0.39502137556890737     
         175  0.39502137556890737     
         176  0.39502137556890737     
         177  0.39502137556890737     
         178  0.39502137556890737     
         179  0.39502137556890737     
         180  0.39502137556890737     
         181  0.39502137556890737     
         182  0.39502137556890737     
         183  0.39502137556890737     
         184  0.39502137556890737     
         185  0.39502137556890737     
         186  0.39502137556890737     
         187  0.39502137556890737     
         188  0.39502137556890737     
         189  0.39502137556890737     
         190  0.39502137556890737     
         191  0.39502137556890737     
         192  0.39502137556890737     
         193  0.39502137556890737     
         194  0.39502137556890737     
         195  0.39502137556890737     
         196  0.39502137556890737     
         197  0.39502137556890737     
         198  0.39502137556890737     
         199  0.39502137556890737     
         200  0.39502137556890737     
         201  0.39502137556890737     
         202  0.39502137556890737     
         203  0.39502137556890737     
         204  0.39502137556890737     
         205  0.39502137556890737     
         206  0.39502137556890737     
         207  0.39502137556890737     
         208  0.39502137556890737     
         209  0.39502137556890737     
         210  0.39502137556890737     
         211  0.39502137556890737     
         212  0.39502137556890737     
         213  0.39502137556890737     
         214  0.39502137556890737     
         215  0.39502137556890737     
         216  0.39502137556890737     
         217  0.39502137556890737     
         218  0.39502137556890737     
         219  0.39502137556890737     
         220  0.39502137556890737     
         221  0.39502137556890737     
         222  0.39502137556890737     
         223  0.39502137556890737     
         224  0.39502137556890737     
         225  0.39502137556890737     
         226  0.39502137556890737     
         227  0.39502137556890737     
         228  0.39502137556890737     
         229  0.39502137556890737     
         230  0.39502137556890737     
         231  0.39502137556890737     
         232  0.39502137556890737     
         233  0.39502137556890737     
         234  0.39502137556890737     
         235  0.39502137556890737     
         236  0.39502137556890737     
         237  0.39502137556890737     
         238  0.39502137556890737     
         239  0.39502137556890737     
         240  0.39502137556890737     
         241  0.39502137556890737     
         242  0.39502137556890737     
         243  0.39502137556890737     
         244  0.39502137556890737     
         245  0.39502137556890737     
         246  0.39502137556890737     
         247  0.39502137556890737     
         248  0.39502137556890737     
         249  0.39502137556890737     
         250  0.39502137556890737     
         251  0.39502137556890737     
         252  0.39502137556890737     
         253  0.39502137556890737     
         254  0.39502137556890737     
         255  0.39502137556890737     
         256  0.39502137556890737     
         257  0.39502137556890737     
         258  0.39502137556890737     
         259  0.39502137556890737     
         260  0.39502137556890737     
         261  0.39502137556890737     
         262  0.39502137556890737     
         263  0.39502137556890737     
         264  0.39502137556890737     
         265  0.39502137556890737     
         266  0.39502137556890737     
         267  0.39502137556890737     
         268  0.39502137556890737     
         269  0.39502137556890737     
         270  0.39502137556890737     
         271  0.39502137556890737     
         272  0.39502137556890737     
         273  0.39502137556890737     
         274  0.39502137556890737     
         275  0.39502137556890737     
         276  0.39502137556890737     
         277  0.39502137556890737     
         278  0.39502137556890737     
         279  0.39502137556890737     
         280  0.39502137556890737     
         281  0.39502137556890737     
         282  0.39502137556890737     
         283  0.39502137556890737     
         284  0.39502137556890737     
         285  0.39502137556890737     
         286  0.39502137556890737     
         287  0.39502137556890737     
         288  0.39502137556890737     
         289  0.39502137556890737     
         290  0.39502137556890737     
         291  0.39502137556890737     
         292  0.39502137556890737     
         293  0.39502137556890737     
         294  0.39502137556890737     
         295  0.39502137556890737     
         296  0.39502137556890737     
         297  0.39502137556890737     
         298  0.39502137556890737     
         299  0.39502137556890737     
         300  0.39502137556890737     
         301  0.39502137556890737     
         302  0.39502137556890737     
         303  0.39502137556890737     
         304  0.39502137556890737     
         305  0.39502137556890737     
         306  0.39502137556890737     
         307  0.39502137556890737     
         308  0.39502137556890737     
         309  0.39502137556890737     
         310  0.39502137556890737     
         311  0.39502137556890737     
         312  0.39502137556890737     
         313  0.39502137556890737     
         314  0.39502137556890737     
         315  0.39502137556890737     
         316  0.39502137556890737     
         317  0.39502137556890737     
         318  0.39502137556890737     
         319  0.39502137556890737     
         320  0.39502137556890737     
         321  0.39502137556890737     
         322  0.39502137556890737     
         323  0.39502137556890737     
         324  0.39502137556890737     
         325  0.39502137556890737     
         326  0.39502137556890737     
         327  0.39502137556890737     
         328  0.39502137556890737     
         329  0.39502137556890737     
         330  0.39502137556890737     
         331  0.39502137556890737     
         332  0.39502137556890737     
         333  0.39502137556890737     
         334  0.39502137556890737     
         335  0.39502137556890737     
         336  0.39502137556890737     
         337  0.39502137556890737     
         338  0.39502137556890737     
         339  0.39502137556890737     
         340  0.39502137556890737     
         341  0.39502137556890737     
         342  0.39502137556890737     
         343  0.39502137556890737     
         344  0.39502137556890737     
         345  0.39502137556890737     
         346  0.39502137556890737     
         347  0.39502137556890737     
         348  0.39502137556890737     
         349  0.39502137556890737     
         350  0.39502137556890737     
         351  0.39502137556890737     
         352  0.39502137556890737     
         353  0.39502137556890737     
         354  0.39502137556890737     
         355  0.39502137556890737     
         356  0.39502137556890737     
         357  0.39502137556890737     
         358  0.39502137556890737     
         359  0.39502137556890737     
         360  0.39502137556890737     
         361  0.39502137556890737     
         362  0.39502137556890737     
         363  0.39502137556890737     
         364  0.39502137556890737     
         365  0.39502137556890737     
         366  0.39502137556890737     
         367  0.39502137556890737     
         368  0.39502137556890737     
         369  0.39502137556890737     
         370   3.9665431434567466E-002
         371   3.9665431434567466E-002
         372   3.9665431434567466E-002
         373   0.0000000000000000     
