           1   6.7383965129552230     
           2   3.3462205590973406     
           3   3.3462205590973406     
           4   3.3462205590973406     
           5   3.3462205590973406     
           6   2.3560549854262298     
           7   2.3560549854262298     
           8   2.3560549854262298     
           9   2.3560549854262298     
          10   2.3560549854262298     
          11   2.3560549854262298     
          12   2.3560549854262298     
          13   2.3560549854262298     
          14   2.2378602084303996     
          15   2.2378602084303996     
          16   2.2378602084303996     
          17   2.2378602084303996     
          18   2.2378602084303996     
          19   2.2378602084303996     
          20   2.2378602084303996     
          21   2.2378602084303996     
          22   2.2378602084303996     
          23   2.2378602084303996     
          24   2.2378602084303996     
          25   2.2378602084303996     
          26   2.2378602084303996     
          27   2.2378602084303996     
          28   2.2378602084303996     
          29   2.2378602084303996     
          30   2.2378602084303996     
          31   2.2378602084303996     
          32   2.2378602084303996     
          33   2.2378602084303996     
          34   2.2378602084303996     
          35   2.2378602084303996     
          36   2.2378602084303996     
          37   2.2378602084303996     
          38   2.2378602084303996     
          39   2.2378602084303996     
          40   2.2378602084303996     
          41   2.2378602084303996     
          42   2.2378602084303996     
          43   2.2378602084303996     
          44   2.2378602084303996     
          45   2.2378602084303996     
          46   2.2378602084303996     
          47   2.2378602084303996     
          48   2.2378602084303996     
          49   2.2378602084303996     
          50   2.2378602084303996     
          51   2.2378602084303996     
          52   2.2378602084303996     
          53   2.2378602084303996     
          54   2.2378602084303996     
          55   2.2378602084303996     
          56   2.2378602084303996     
          57   2.2378602084303996     
          58   2.2378602084303996     
          59   2.2378602084303996     
          60   2.2378602084303996     
          61   2.2378602084303996     
          62   2.2378602084303996     
          63   2.2378602084303996     
          64   2.2378602084303996     
          65   2.2378602084303996     
          66   2.2378602084303996     
          67   2.1180274927131144     
          68   2.1180274927131144     
          69   2.1180274927131144     
          70   2.1180274927131144     
          71   2.1180274927131144     
          72   2.1180274927131144     
          73   2.1180274927131144     
          74   2.1180274927131144     
          75   2.1180274927131144     
          76   2.1180274927131144     
          77   2.1180274927131144     
          78   2.1180274927131144     
          79   2.1180274927131144     
          80   2.1180274927131144     
          81   2.1180274927131144     
          82   2.1180274927131144     
          83   2.1180274927131144     
          84   2.1180274927131144     
          85   1.9016035298311689     
          86   1.9016035298311689     
          87   1.9016035298311689     
          88   1.9016035298311689     
          89   1.9016035298311689     
          90   1.9016035298311689     
          91   1.9016035298311689     
          92   1.9016035298311689     
          93   1.9016035298311689     
          94   1.9016035298311689     
          95   1.9016035298311689     
          96   1.9016035298311689     
          97   1.9016035298311689     
          98   1.9016035298311689     
          99   1.9016035298311689     
         100   1.9016035298311689     
         101   1.9016035298311689     
         102   1.9016035298311689     
         103   1.9016035298311689     
         104   1.9016035298311689     
         105   1.9016035298311689     
         106   1.9016035298311689     
         107   1.9016035298311689     
         108   1.9016035298311689     
         109   1.9016035298311689     
         110   1.9016035298311689     
         111   1.9016035298311689     
         112   1.9016035298311689     
         113   1.9016035298311689     
         114   1.9016035298311689     
         115   1.9016035298311689     
         116   1.9016035298311689     
         117   1.9016035298311689     
         118   1.9016035298311689     
         119   1.9016035298311689     
         120   1.9016035298311689     
         121   1.9016035298311689     
         122   1.9016035298311689     
         123   1.9016035298311689     
         124   1.9016035298311689     
         125   1.9016035298311689     
         126   1.4117675527657454     
         127   1.4117675527657454     
         128   1.4117675527657454     
         129   1.4117675527657454     
         130   1.4117675527657454     
         131   1.4117675527657454     
         132   1.4117675527657454     
         133   1.4117675527657454     
         134   1.3919348370484617     
         135   1.3919348370484617     
         136   1.3919348370484617     
         137   1.3919348370484617     
         138   1.3919348370484617     
         139   1.3919348370484617     
         140   1.3919348370484617     
         141   1.3919348370484617     
         142   1.3919348370484617     
         143   1.3919348370484617     
         144   1.3919348370484617     
         145   1.3919348370484617     
         146   1.3919348370484617     
         147   1.3919348370484617     
         148   1.3919348370484617     
         149   1.3919348370484617     
         150   1.3919348370484617     
         151   1.1180274927131144     
         152   1.1180274927131144     
         153   1.1180274927131144     
         154   1.1180274927131144     
         155   1.1180274927131144     
         156   1.1180274927131144     
         157   1.1180274927131144     
         158   1.1180274927131144     
         159   1.1180274927131144     
         160   1.1180274927131144     
         161   1.1180274927131144     
         162   1.1180274927131144     
         163   1.1180274927131144     
         164   1.1180274927131144     
         165   1.1180274927131144     
         166   1.1180274927131144     
         167   1.1180274927131144     
         168   1.1180274927131144     
         169   1.1180274927131144     
         170   1.1180274927131144     
         171   1.1180274927131144     
         172   1.1180274927131144     
         173   1.1180274927131144     
         174   1.1180274927131144     
         175   1.1180274927131144     
         176   1.1180274927131144     
         177   1.1180274927131144     
         178   1.1180274927131144     
         179   1.1180274927131144     
         180   1.1180274927131144     
         181   1.1180274927131144     
         182   1.1180274927131144     
         183   1.1180274927131144     
         184   1.1180274927131144     
         185   1.1180274927131144     
         186   1.1180274927131144     
         187   1.1180274927131144     
         188   1.1180274927131144     
         189   1.1180274927131144     
         190   1.1180274927131144     
         191   1.1180274927131144     
         192   1.1180274927131144     
         193   1.1180274927131144     
         194   1.1180274927131144     
         195   1.1180274927131144     
         196   1.1180274927131144     
         197   1.1180274927131144     
         198   1.1180274927131144     
         199   1.1180274927131144     
         200   1.1180274927131144     
         201   1.1180274927131144     
         202   1.1180274927131144     
         203   1.1180274927131144     
         204   1.1180274927131144     
         205   1.1180274927131144     
         206   1.1180274927131144     
         207   1.1180274927131144     
         208   1.1180274927131144     
         209   1.1180274927131144     
         210   1.1180274927131144     
         211   1.1180274927131144     
         212   1.1180274927131144     
         213   1.1180274927131144     
         214   1.1180274927131144     
         215   1.1180274927131144     
         216   1.1180274927131144     
         217   1.1180274927131144     
         218   1.1180274927131144     
         219   1.1180274927131144     
         220   1.0792529868552183     
         221   1.0792529868552183     
         222   1.0792529868552183     
         223   1.0792529868552183     
         224   1.0792529868552183     
         225   1.0792529868552183     
         226   1.0792529868552183     
         227   1.0792529868552183     
         228   1.0792529868552183     
         229   1.0792529868552183     
         230   1.0792529868552183     
         231   1.0596654314345670     
         232   1.0596654314345670     
         233   1.0596654314345670     
         234   1.0596654314345670     
         235   1.0596654314345670     
         236   1.0596654314345670     
         237   1.0596654314345670     
         238   1.0596654314345670     
         239   1.0596654314345670     
         240   1.0596654314345670     
         241   1.0596654314345670     
         242   1.0590857025725047     
         243   1.0590857025725047     
         244   1.0590857025725047     
         245   1.0590857025725047     
         246   1.0590857025725047     
         247   1.0590857025725047     
         248   1.0590857025725047     
         249   1.0590857025725047     
         250   1.0590857025725047     
         251   1.0590857025725047     
         252   1.0590857025725047     
         253   1.0590857025725047     
         254   1.0590857025725047     
         255   1.0392529868552209     
         256   1.0392529868552209     
         257   1.0392529868552209     
         258   1.0392529868552209     
         259   1.0392529868552209     
         260   1.0392529868552209     
         261   1.0392529868552209     
         262   1.0392529868552209     
         263   1.0392529868552209     
         264   1.0392529868552209     
         265   1.0392529868552209     
         266   1.0392529868552209     
         267   1.0392529868552209     
         268   1.0392529868552209     
         269   1.0392529868552209     
         270   1.0392529868552209     
         271   1.0392529868552209     
         272   1.0392529868552209     
         273   1.0392529868552209     
         274   1.0392529868552209     
         275   1.0392529868552209     
         276   1.0392529868552209     
         277   1.0392529868552209     
         278   1.0392529868552209     
         279   1.0392529868552209     
         280   1.0392529868552209     
         281   1.0392529868552209     
         282   1.0392529868552209     
         283   1.0392529868552209     
         284   1.0392529868552209     
         285   1.0392529868552209     
         286   1.0392529868552209     
         287   1.0392529868552209     
         288   1.0392529868552209     
         289   1.0392529868552209     
         290   1.0392529868552209     
         291   1.0392529868552209     
         292   1.0392529868552209     
         293   1.0392529868552209     
         294   1.0392529868552209     
         295   1.0392529868552209     
         296   1.0392529868552209     
         297   1.0392529868552209     
         298   1.0392529868552209     
         299   1.0392529868552209     
         300   1.0198327157172837     
         301   1.0000000000000000     
         302   1.0000000000000000     
         303   1.0000000000000000     
         304   1.0000000000000000     
         305   1.0000000000000000     
         306   1.0000000000000000     
         307   1.0000000000000000     
         308   1.0000000000000000     
         309   1.0000000000000000     
         310   1.0000000000000000     
         311   1.0000000000000000     
         312   1.0000000000000000     
         313   1.0000000000000000     
         314   1.0000000000000000     
         315   1.0000000000000000     
         316   1.0000000000000000     
         317   1.0000000000000000     
         318   1.0000000000000000     
         319   1.0000000000000000     
         320   1.0000000000000000     
         321   1.0000000000000000     
         322   1.0000000000000000     
         323   1.0000000000000000     
         324   1.0000000000000000     
         325   1.0000000000000000     
         326   1.0000000000000000     
         327   1.0000000000000000     
         328   1.0000000000000000     
         329   1.0000000000000000     
         330   1.0000000000000000     
         331   1.0000000000000000     
         332   1.0000000000000000     
         333   1.0000000000000000     
         334   1.0000000000000000     
         335   1.0000000000000000     
         336   1.0000000000000000     
         337   1.0000000000000000     
         338  0.72566785683476098     
         339  0.72566785683476098     
         340  0.63153677742737813     
         341  0.63153677742737813     
         342  0.63153677742737813     
         343  0.33560110443097280     
         344  0.33560110443097280     
         345  0.31576838871368906     
         346  0.31576838871368906     
         347  0.31576838871368906     
         348  0.31576838871368906     
         349  0.31576838871368906     
         350   9.9085702572502043E-002
         351   7.9252986855218310E-002
         352   7.9252986855218310E-002
         353   7.9252986855218310E-002
         354   7.9252986855218310E-002
         355   7.9252986855218310E-002
         356   7.9252986855218310E-002
         357   7.9252986855218310E-002
         358   7.9252986855218310E-002
         359   7.9252986855218310E-002
         360   7.9252986855218310E-002
         361   7.9252986855218310E-002
         362   7.9252986855218310E-002
         363   7.9252986855218310E-002
         364   7.9252986855218310E-002
         365   7.9252986855218310E-002
         366   7.9252986855218310E-002
         367   7.9252986855218310E-002
         368   7.9252986855218310E-002
         369   7.9252986855218310E-002
         370   7.9252986855218310E-002
         371   7.9252986855218310E-002
         372   7.9252986855218310E-002
         373   7.9252986855218310E-002
         374   7.9252986855218310E-002
         375   7.9252986855218310E-002
         376   7.9252986855218310E-002
         377   7.9252986855218310E-002
         378   7.9252986855218310E-002
         379   7.9252986855218310E-002
         380   7.9252986855218310E-002
         381   7.9252986855218310E-002
         382   7.9252986855218310E-002
         383   7.9252986855218310E-002
         384   7.9252986855218310E-002
         385   7.9252986855218310E-002
         386   7.9252986855218310E-002
         387   7.9252986855218310E-002
         388   7.9252986855218310E-002
         389   7.9252986855218310E-002
         390   7.9252986855218310E-002
         391   7.9252986855218310E-002
         392   7.9252986855218310E-002
         393   7.9252986855218310E-002
         394   7.9252986855218310E-002
         395   7.9252986855218310E-002
         396   7.9252986855218310E-002
         397   7.9252986855218310E-002
         398   7.9252986855218310E-002
         399   7.9252986855218310E-002
         400   1.9832715717283733E-002
         401   1.9832715717283733E-002
         402   1.9832715717283733E-002
         403   1.9832715717283733E-002
         404   1.9832715717283733E-002
         405   1.9832715717283733E-002
         406   1.9832715717283733E-002
         407   0.0000000000000000     
