           1   11.618330831224970     
           2   11.618330831224970     
           3   11.618330831224970     
           4   6.4471316476965335     
           5   5.8271973294267925     
           6   5.6694564334262187     
           7   5.6694564334262187     
           8   5.6694564334262187     
           9   5.4312616564303875     
          10   5.4312616564303875     
          11   4.1196627719677927     
          12   4.1196627719677927     
          13   4.1196627719677927     
          14   4.1196627719677927     
          15   4.1196627719677927     
          16   4.1196627719677927     
          17   4.1196627719677927     
          18   4.1196627719677927     
          19   4.1196627719677927     
          20   4.1196627719677927     
          21   4.1196627719677927     
          22   4.1196627719677927     
          23   2.6299623297615771     
          24   2.6299623297615771     
          25   2.2772804795683363     
          26   2.2772804795683363     
          27   2.2772804795683363     
          28   2.2772804795683363     
          29   2.2772804795683363     
          30   2.2772804795683363     
          31   2.2380274927131154     
          32   2.2378602084303996     
          33   2.2356011044309749     
          34   1.9998327157172842     
          35   1.9998327157172842     
          36   1.4160549854262303     
          37   1.4160549854262303     
          38   1.4160549854262303     
          39   1.4160549854262303     
          40   1.4160549854262303     
          41   1.4160549854262303     
          42   1.4160549854262303     
          43   1.4160549854262303     
          44   1.4160549854262303     
          45   1.4160549854262303     
          46   1.4160549854262303     
          47   1.4160549854262303     
          48   1.4160549854262303     
          49   1.4160549854262303     
          50   1.4160549854262303     
          51   1.4160549854262303     
          52   1.4160549854262303     
          53   1.4160549854262303     
          54   1.4160549854262303     
          55   1.4160549854262303     
          56   1.4160549854262303     
          57   1.4160549854262303     
          58   1.4160549854262303     
          59   1.4160549854262303     
          60   1.4160549854262303     
          61   1.4160549854262303     
          62   1.4160549854262303     
          63   1.4160549854262303     
          64   1.4160549854262303     
          65   1.4160549854262303     
          66   1.4160549854262303     
          67   1.4160549854262303     
          68   1.4160549854262303     
          69   1.4160549854262303     
          70   1.4160549854262303     
          71   1.4160549854262303     
          72   1.4160549854262303     
          73   1.4160549854262303     
          74   1.4160549854262303     
          75   1.4160549854262303     
          76   1.4160549854262303     
          77   1.4160549854262303     
          78   1.4160549854262303     
          79   1.4160549854262303     
          80   1.4160549854262303     
          81   1.4160549854262303     
          82   1.4160549854262303     
          83   1.4160549854262303     
          84   1.4160549854262303     
          85   1.4160549854262303     
          86   1.4160549854262303     
          87   1.4160549854262303     
          88   1.4160549854262303     
          89   1.4160549854262303     
          90   1.4160549854262303     
          91   1.4160549854262303     
          92   1.4160549854262303     
          93   1.4160549854262303     
          94   1.4160549854262303     
          95   1.4160549854262303     
          96   1.4160549854262303     
          97   1.4160549854262303     
          98   1.4160549854262303     
          99   1.4160549854262303     
         100   1.4160549854262303     
         101   1.4160549854262303     
         102   1.4160549854262303     
         103   1.4160549854262303     
         104   1.4160549854262303     
         105   1.4160549854262303     
         106   1.4160549854262303     
         107   1.4160549854262303     
         108   1.4160549854262303     
         109   1.4160549854262303     
         110   1.4160549854262303     
         111   1.4160549854262303     
         112   1.4160549854262303     
         113   1.4160549854262303     
         114   1.4160549854262303     
         115   1.4160549854262303     
         116   1.4160549854262303     
         117   1.4160549854262303     
         118   1.4160549854262303     
         119   1.4160549854262303     
         120   1.4160549854262303     
         121   1.4160549854262303     
         122   1.4160549854262303     
         123   1.4160549854262303     
         124   1.4160549854262303     
         125   1.4160549854262303     
         126   1.4160549854262303     
         127   1.4160549854262303     
         128   1.4160549854262303     
         129   1.4160549854262303     
         130   1.4160549854262303     
         131   1.4160549854262303     
         132   1.4160549854262303     
         133   1.4160549854262303     
         134   1.4160549854262303     
         135   1.4160549854262303     
         136   1.4160549854262303     
         137   1.4160549854262303     
         138   1.4160549854262303     
         139   1.4160549854262303     
         140   1.4160549854262303     
         141   1.4160549854262303     
         142   1.4160549854262303     
         143   1.4160549854262303     
         144   1.4160549854262303     
         145   1.4160549854262303     
         146   1.4160549854262303     
         147   1.4160549854262303     
         148   1.4160549854262303     
         149   1.4160549854262303     
         150   1.4160549854262303     
         151   1.4160549854262303     
         152   1.4160549854262303     
         153   1.4160549854262303     
         154   1.4160549854262303     
         155   1.4160549854262303     
         156   1.4160549854262303     
         157   1.4160549854262303     
         158   1.4160549854262303     
         159   1.4160549854262303     
         160   1.4160549854262303     
         161   1.4160549854262303     
         162   1.4160549854262303     
         163   1.4160549854262303     
         164   1.4160549854262303     
         165   1.4160549854262303     
         166   1.4160549854262303     
         167   1.4160549854262303     
         168   1.4160549854262303     
         169   1.4160549854262303     
         170   1.4160549854262303     
         171   1.4160549854262303     
         172   1.4160549854262303     
         173   1.4160549854262303     
         174   1.4160549854262303     
         175   1.4160549854262303     
         176   1.4160549854262303     
         177   1.4160549854262303     
         178   1.4160549854262303     
         179   1.4160549854262303     
         180   1.4160549854262303     
         181   1.4160549854262303     
         182   1.4160549854262303     
         183   1.4160549854262303     
         184   1.4160549854262303     
         185   1.4160549854262303     
         186   1.4160549854262303     
         187   1.4160549854262303     
         188   1.4160549854262303     
         189   1.4160549854262303     
         190   1.4160549854262303     
         191   1.4160549854262303     
         192   1.4160549854262303     
         193   1.4160549854262303     
         194   1.4160549854262303     
         195   1.4160549854262303     
         196   1.4160549854262303     
         197   1.4160549854262303     
         198   1.4160549854262303     
         199   1.4160549854262303     
         200   1.4160549854262303     
         201   1.4160549854262303     
         202   1.4160549854262303     
         203   1.4160549854262303     
         204   1.4160549854262303     
         205   1.4160549854262303     
         206   1.4160549854262303     
         207   1.4160549854262303     
         208   1.4160549854262303     
         209   1.4160549854262303     
         210   1.4160549854262303     
         211   1.4160549854262303     
         212   1.4160549854262303     
         213   1.4160549854262303     
         214   1.4160549854262303     
         215   1.4160549854262303     
         216   1.4160549854262303     
         217   1.4160549854262303     
         218   1.4160549854262303     
         219   1.4160549854262303     
         220   1.4160549854262303     
         221   1.4160549854262303     
         222   1.4160549854262303     
         223   1.4160549854262303     
         224   1.4160549854262303     
         225   1.4160549854262303     
         226   1.4160549854262303     
         227   1.4160549854262303     
         228   1.4160549854262303     
         229   1.4160549854262303     
         230   1.4160549854262303     
         231   1.4160549854262303     
         232   1.4160549854262303     
         233   1.4160549854262303     
         234   1.4160549854262303     
         235   1.4160549854262303     
         236   1.4160549854262303     
         237   1.4160549854262303     
         238   1.4160549854262303     
         239   1.4160549854262303     
         240   1.4160549854262303     
         241   1.4160549854262303     
         242   1.4160549854262303     
         243   1.4160549854262303     
         244   1.4160549854262303     
         245   1.4160549854262303     
         246   1.4160549854262303     
         247   1.4160549854262303     
         248   1.4160549854262303     
         249   1.4160549854262303     
         250   1.4160549854262303     
         251   1.4160549854262303     
         252   1.4160549854262303     
         253   1.4160549854262303     
         254   1.4160549854262303     
         255   1.4160549854262303     
         256   1.4160549854262303     
         257   1.4160549854262303     
         258   1.4160549854262303     
         259   1.4160549854262303     
         260   1.4160549854262303     
         261   1.4160549854262303     
         262   1.4160549854262303     
         263   1.4160549854262303     
         264   1.4160549854262303     
         265   1.4160549854262303     
         266   1.4160549854262303     
         267   1.4160549854262303     
         268   1.4160549854262303     
         269   1.4160549854262303     
         270   1.4160549854262303     
         271   1.4160549854262303     
         272   1.4160549854262303     
         273   1.4160549854262303     
         274   1.4160549854262303     
         275   1.4160549854262303     
         276   1.4160549854262303     
         277   1.4160549854262303     
         278   1.4160549854262303     
         279   1.4160549854262303     
         280   1.4160549854262303     
         281   1.4160549854262303     
         282   1.4160549854262303     
         283   1.4160549854262303     
         284   1.4160549854262303     
         285   1.4160549854262303     
         286   1.4160549854262303     
         287   1.4160549854262303     
         288   1.4160549854262303     
         289   1.4160549854262303     
         290   1.4160549854262303     
         291   1.4160549854262303     
         292   1.4160549854262303     
         293   1.4160549854262303     
         294   1.4160549854262303     
         295   1.4160549854262303     
         296   1.4160549854262303     
         297   1.4160549854262303     
         298   1.4160549854262303     
         299   1.4160549854262303     
         300   1.4160549854262303     
         301   1.4160549854262303     
         302   1.4160549854262303     
         303   1.4160549854262303     
         304   1.4160549854262303     
         305   1.4160549854262303     
         306   1.4160549854262303     
         307   1.4160549854262303     
         308   1.4160549854262303     
         309   1.4160549854262303     
         310   1.4160549854262303     
         311   1.3150213755689091     
         312   1.3150213755689091     
         313   1.3150213755689091     
         314   1.3150213755689091     
         315   1.3150213755689091     
         316   1.3150213755689091     
         317   1.3150213755689091     
         318   1.3150213755689091     
         319   1.3150213755689091     
         320   1.1972804795683327     
         321   1.1972804795683327     
         322   1.1972804795683327     
         323   1.1180274927131144     
         324   1.1180274927131144     
         325   1.1180274927131144     
         326   1.1180274927131144     
         327   1.1180274927131144     
         328   1.1180274927131144     
         329   1.1180274927131144     
         330   1.1180274927131144     
         331   1.1180274927131144     
         332   1.1180274927131144     
         333   1.1180274927131144     
         334   1.1180274927131144     
         335   1.1180274927131144     
         336   1.1180274927131144     
         337   1.1180274927131144     
         338   1.1180274927131144     
         339   1.1180274927131144     
         340   1.1180274927131144     
         341   1.1180274927131144     
         342   1.1180274927131144     
         343   1.1180274927131144     
         344   1.1180274927131144     
         345   1.1180274927131144     
         346   1.1180274927131144     
         347   1.1180274927131144     
         348   1.1180274927131144     
         349   1.1180274927131144     
         350   1.1180274927131144     
         351   1.1180274927131144     
         352   1.1180274927131144     
         353   1.1180274927131144     
         354   1.1180274927131144     
         355   1.1180274927131144     
         356   1.1180274927131144     
         357   1.1180274927131144     
         358   1.1180274927131144     
         359   1.1180274927131144     
         360   1.1180274927131144     
         361   1.1180274927131144     
         362   1.1180274927131144     
         363   1.1180274927131144     
         364   1.1180274927131144     
         365   1.1180274927131144     
         366   1.1180274927131144     
         367   1.1180274927131144     
         368   1.1180274927131144     
         369   1.1180274927131144     
         370   1.1180274927131144     
         371   1.1180274927131144     
         372   1.1180274927131144     
         373   1.1180274927131144     
         374   1.1180274927131144     
         375   1.1180274927131144     
         376   1.1180274927131144     
         377   1.1180274927131144     
         378   1.1180274927131144     
         379   1.1180274927131144     
         380   1.1180274927131144     
         381   1.1180274927131144     
         382   1.1180274927131144     
         383   1.1180274927131144     
         384   1.1180274927131144     
         385   1.1180274927131144     
         386   1.1180274927131144     
         387   1.1180274927131144     
         388   1.1180274927131144     
         389   1.1180274927131144     
         390   1.1180274927131144     
         391   1.1180274927131144     
         392   1.1180274927131144     
         393   1.1180274927131144     
         394   1.1180274927131144     
         395   1.1180274927131144     
         396   1.1180274927131144     
         397   1.1180274927131144     
         398   1.1180274927131144     
         399   1.1180274927131144     
         400   1.1180274927131144     
         401   1.1180274927131144     
         402   1.1180274927131144     
         403   1.1180274927131144     
         404   1.1180274927131144     
         405   1.1180274927131144     
         406   1.1180274927131144     
         407   1.1180274927131144     
         408   1.1180274927131144     
         409   1.1180274927131144     
         410   1.1180274927131144     
         411   1.1180274927131144     
         412   1.1180274927131144     
         413   1.1180274927131144     
         414   1.1180274927131144     
         415   1.1180274927131144     
         416   1.1180274927131144     
         417   1.1180274927131144     
         418   1.1180274927131144     
         419   1.1180274927131144     
         420   1.1180274927131144     
         421   1.1180274927131144     
         422   1.1180274927131144     
         423   1.1180274927131144     
         424   1.1180274927131144     
         425   1.1180274927131144     
         426   1.1180274927131144     
         427   1.1180274927131144     
         428   1.1180274927131144     
         429   1.1180274927131144     
         430   1.1180274927131144     
         431   1.1180274927131144     
         432   1.1180274927131144     
         433   1.1180274927131144     
         434   1.1180274927131144     
         435   1.1180274927131144     
         436   1.1180274927131144     
         437   1.1180274927131144     
         438   1.1180274927131144     
         439   1.1180274927131144     
         440   1.1180274927131144     
         441   1.1180274927131144     
         442   1.1180274927131144     
         443   1.1180274927131144     
         444   1.1180274927131144     
         445   1.1180274927131144     
         446   1.1180274927131144     
         447   1.1180274927131144     
         448   1.1180274927131144     
         449   1.1180274927131144     
         450   1.1180274927131144     
         451   1.1180274927131144     
         452   1.1180274927131144     
         453   1.1180274927131144     
         454   1.1180274927131144     
         455   1.1180274927131144     
         456   1.1180274927131144     
         457   1.1180274927131144     
         458   1.1180274927131144     
         459   1.1180274927131144     
         460   1.1180274927131144     
         461   1.1180274927131144     
         462   1.1180274927131144     
         463   1.1180274927131144     
         464   1.1180274927131144     
         465   1.1180274927131144     
         466   1.1180274927131144     
         467   1.1180274927131144     
         468   1.1180274927131144     
         469   1.1180274927131144     
         470   1.1180274927131144     
         471   1.1180274927131144     
         472   1.1180274927131144     
         473   1.1180274927131144     
         474   1.1180274927131144     
         475   1.1180274927131144     
         476   1.1180274927131144     
         477   1.1180274927131144     
         478   1.1180274927131144     
         479   1.1180274927131144     
         480   1.1180274927131144     
         481   1.1180274927131144     
         482   1.1180274927131144     
         483   1.1180274927131144     
         484   1.1180274927131144     
         485   1.1180274927131144     
         486   1.1180274927131144     
         487   1.1180274927131144     
         488   1.1180274927131144     
         489   1.1180274927131144     
         490   1.1180274927131144     
         491   1.1180274927131144     
         492   1.1180274927131144     
         493   1.1180274927131144     
         494   1.1180274927131144     
         495   1.1180274927131144     
         496   1.1180274927131144     
         497   1.1180274927131144     
         498   1.1180274927131144     
         499   1.1180274927131144     
         500   1.1180274927131144     
         501   1.1180274927131144     
         502   1.1180274927131144     
         503   1.1180274927131144     
         504   1.1180274927131144     
         505   1.1180274927131144     
         506   1.1180274927131144     
         507   1.1180274927131144     
         508   1.1180274927131144     
         509   1.1180274927131144     
         510   1.1180274927131144     
         511   1.1180274927131144     
         512   1.1180274927131144     
         513   1.1180274927131144     
         514   1.1180274927131144     
         515   1.1180274927131144     
         516   1.1180274927131144     
         517   1.1180274927131144     
         518   1.1180274927131144     
         519   1.1180274927131144     
         520   1.1180274927131144     
         521   1.1180274927131144     
         522   1.1180274927131144     
         523   1.1180274927131144     
         524   1.1180274927131144     
         525   1.1180274927131144     
         526   1.1180274927131144     
         527   1.1180274927131144     
         528   1.1180274927131144     
         529   1.1180274927131144     
         530   1.1180274927131144     
         531   1.1180274927131144     
         532   1.1180274927131144     
         533   1.1180274927131144     
         534   1.1180274927131144     
         535   1.1180274927131144     
         536   1.1180274927131144     
         537   1.1180274927131144     
         538   1.1180274927131144     
         539   1.1180274927131144     
         540   1.1180274927131144     
         541   1.1180274927131144     
         542   1.1180274927131144     
         543   1.1180274927131144     
         544   1.1180274927131144     
         545   1.1180274927131144     
         546   1.1180274927131144     
         547   1.1180274927131144     
         548   1.1180274927131144     
         549   1.1180274927131144     
         550   1.1180274927131144     
         551   1.1180274927131144     
         552   1.1180274927131144     
         553   1.1180274927131144     
         554   1.1180274927131144     
         555   1.1180274927131144     
         556   1.1180274927131144     
         557   1.1180274927131144     
         558   1.1180274927131144     
         559  0.33560110443097280     
         560  0.33560110443097280     
         561  0.33560110443097280     
         562  0.33560110443097280     
         563  0.33560110443097280     
         564  0.33560110443097280     
         565  0.33560110443097280     
         566  0.33560110443097280     
         567  0.33560110443097280     
         568  0.33560110443097280     
         569  0.33560110443097280     
         570  0.33560110443097280     
         571  0.33560110443097280     
         572  0.33560110443097280     
         573  0.33560110443097280     
         574  0.33560110443097280     
         575  0.33560110443097280     
         576  0.33560110443097280     
         577  0.33560110443097280     
         578  0.33560110443097280     
         579  0.33560110443097280     
         580  0.33560110443097280     
         581  0.33560110443097280     
         582  0.33560110443097280     
         583  0.33560110443097280     
         584  0.33560110443097280     
         585  0.33560110443097280     
         586  0.33560110443097280     
         587  0.33560110443097280     
         588  0.33560110443097280     
         589  0.33560110443097280     
         590  0.33560110443097280     
         591  0.33560110443097280     
         592  0.33560110443097280     
         593  0.33560110443097280     
         594  0.33560110443097280     
         595  0.33560110443097280     
         596  0.33560110443097280     
         597  0.33560110443097280     
         598  0.33560110443097280     
         599  0.33560110443097280     
         600  0.33560110443097280     
         601  0.33560110443097280     
         602  0.33560110443097280     
         603  0.33560110443097280     
         604  0.33560110443097280     
         605  0.33560110443097280     
         606  0.33560110443097280     
         607  0.33560110443097280     
         608  0.33560110443097280     
         609  0.33560110443097280     
         610  0.33560110443097280     
         611  0.33560110443097280     
         612  0.33560110443097280     
         613  0.33560110443097280     
         614  0.33560110443097280     
         615  0.33560110443097280     
         616  0.33560110443097280     
         617  0.33560110443097280     
         618  0.33560110443097280     
         619  0.33560110443097280     
         620  0.33560110443097280     
         621  0.33560110443097280     
         622  0.33560110443097280     
         623  0.33560110443097280     
         624  0.33560110443097280     
         625  0.33560110443097280     
         626  0.33560110443097280     
         627  0.33560110443097280     
         628  0.33560110443097280     
         629  0.33560110443097280     
         630  0.33560110443097280     
         631  0.33560110443097280     
         632  0.33560110443097280     
         633  0.33560110443097280     
         634  0.33560110443097280     
         635  0.33560110443097280     
         636  0.33560110443097280     
         637  0.33560110443097280     
         638  0.33560110443097280     
         639  0.33560110443097280     
         640  0.33560110443097280     
         641  0.33560110443097280     
         642  0.33560110443097280     
         643  0.33560110443097280     
         644  0.33560110443097280     
         645  0.33560110443097280     
         646  0.33560110443097280     
         647  0.33560110443097280     
         648  0.33560110443097280     
         649  0.33560110443097280     
         650  0.33560110443097280     
         651  0.33560110443097280     
         652  0.33560110443097280     
         653  0.33560110443097280     
         654  0.33560110443097280     
         655  0.33560110443097280     
         656  0.33560110443097280     
         657  0.33560110443097280     
         658  0.33560110443097280     
         659  0.33560110443097280     
         660  0.33560110443097280     
         661  0.33560110443097280     
         662  0.33560110443097280     
         663  0.33560110443097280     
         664  0.33560110443097280     
         665  0.33560110443097280     
         666  0.33560110443097280     
         667  0.33560110443097280     
         668  0.33560110443097280     
         669  0.33560110443097280     
         670  0.33560110443097280     
         671  0.33560110443097280     
         672  0.33560110443097280     
         673  0.33560110443097280     
         674  0.33560110443097280     
         675  0.33560110443097280     
         676  0.33560110443097280     
         677  0.33560110443097280     
         678  0.33560110443097280     
         679  0.33560110443097280     
         680  0.33560110443097280     
         681  0.33560110443097280     
         682  0.33560110443097280     
         683  0.33560110443097280     
         684  0.33560110443097280     
         685  0.33560110443097280     
         686  0.33560110443097280     
         687  0.33560110443097280     
         688  0.33560110443097280     
         689  0.33560110443097280     
         690  0.33560110443097280     
         691  0.33560110443097280     
         692  0.33560110443097280     
         693  0.33560110443097280     
         694  0.33560110443097280     
         695  0.33560110443097280     
         696  0.33560110443097280     
         697  0.33560110443097280     
         698  0.33560110443097280     
         699  0.33560110443097280     
         700  0.33560110443097280     
         701  0.33560110443097280     
         702  0.33560110443097280     
         703  0.33560110443097280     
         704  0.33560110443097280     
         705  0.33560110443097280     
         706  0.33560110443097280     
         707  0.33560110443097280     
         708  0.33560110443097280     
         709  0.33560110443097280     
         710  0.33560110443097280     
         711  0.33560110443097280     
         712  0.33560110443097280     
         713  0.33560110443097280     
         714  0.33560110443097280     
         715  0.33560110443097280     
         716  0.33560110443097280     
         717  0.33560110443097280     
         718  0.33560110443097280     
         719  0.33560110443097280     
         720  0.33560110443097280     
         721  0.33560110443097280     
         722  0.33560110443097280     
         723  0.33560110443097280     
         724  0.33560110443097280     
         725  0.33560110443097280     
         726  0.33560110443097280     
         727  0.33560110443097280     
         728  0.33560110443097280     
         729  0.33560110443097280     
         730  0.33560110443097280     
         731  0.33560110443097280     
         732  0.33560110443097280     
         733  0.33560110443097280     
         734  0.33560110443097280     
         735  0.33560110443097280     
         736  0.33560110443097280     
         737  0.33560110443097280     
         738  0.33560110443097280     
         739  0.33560110443097280     
         740  0.33560110443097280     
         741  0.33560110443097280     
         742  0.33560110443097280     
         743  0.33560110443097280     
         744  0.33560110443097280     
         745  0.33560110443097280     
         746  0.33560110443097280     
         747  0.33560110443097280     
         748  0.33560110443097280     
         749  0.33560110443097280     
         750  0.33560110443097280     
         751  0.33560110443097280     
         752  0.33560110443097280     
         753  0.33560110443097280     
         754  0.33560110443097280     
         755  0.33560110443097280     
         756  0.33560110443097280     
         757  0.33560110443097280     
         758  0.33560110443097280     
         759  0.33560110443097280     
         760  0.33560110443097280     
         761  0.33560110443097280     
         762  0.33560110443097280     
         763  0.33560110443097280     
         764  0.33560110443097280     
         765  0.33560110443097280     
         766  0.33560110443097280     
         767  0.33560110443097280     
         768  0.33560110443097280     
         769  0.33560110443097280     
         770  0.33560110443097280     
         771  0.33560110443097280     
         772  0.33560110443097280     
         773  0.33560110443097280     
         774  0.33560110443097280     
         775  0.33560110443097280     
         776  0.33560110443097280     
         777  0.33560110443097280     
         778  0.33560110443097280     
         779  0.33560110443097280     
         780  0.33560110443097280     
         781  0.33560110443097280     
         782  0.33560110443097280     
         783  0.33560110443097280     
         784  0.33560110443097280     
         785  0.33560110443097280     
         786  0.33560110443097280     
         787  0.33560110443097280     
         788  0.33560110443097280     
         789  0.33560110443097280     
         790  0.33560110443097280     
         791  0.33560110443097280     
         792  0.33560110443097280     
         793  0.33560110443097280     
         794  0.33560110443097280     
         795  0.33560110443097280     
         796  0.33560110443097280     
         797  0.33560110443097280     
         798  0.33560110443097280     
         799  0.33560110443097280     
         800  0.33560110443097280     
         801  0.33560110443097280     
         802  0.33560110443097280     
         803  0.33560110443097280     
         804  0.33560110443097280     
         805  0.33560110443097280     
         806  0.33560110443097280     
         807  0.33560110443097280     
         808  0.33560110443097280     
         809  0.33560110443097280     
         810  0.33560110443097280     
         811  0.33560110443097280     
         812  0.33560110443097280     
         813  0.33560110443097280     
         814  0.33560110443097280     
         815  0.33560110443097280     
         816  0.33560110443097280     
         817  0.33560110443097280     
         818  0.33560110443097280     
         819  0.33560110443097280     
         820  0.33560110443097280     
         821  0.33560110443097280     
         822  0.33560110443097280     
         823  0.33560110443097280     
         824  0.33560110443097280     
         825  0.33560110443097280     
         826  0.33560110443097280     
         827  0.33560110443097280     
         828  0.33560110443097280     
         829  0.33560110443097280     
         830  0.33560110443097280     
         831  0.33560110443097280     
         832  0.33560110443097280     
         833  0.33560110443097280     
         834  0.33560110443097280     
         835  0.33560110443097280     
         836  0.33560110443097280     
         837  0.33560110443097280     
         838  0.33560110443097280     
         839  0.33560110443097280     
         840  0.33560110443097280     
         841  0.33560110443097280     
         842  0.33560110443097280     
         843  0.33560110443097280     
         844  0.33560110443097280     
         845  0.33560110443097280     
         846  0.33560110443097280     
         847  0.33560110443097280     
         848  0.33560110443097280     
         849  0.33560110443097280     
         850  0.33560110443097280     
         851  0.33560110443097280     
         852  0.33560110443097280     
         853  0.33560110443097280     
         854  0.33560110443097280     
         855  0.33560110443097280     
         856  0.33560110443097280     
         857  0.33560110443097280     
         858  0.33560110443097280     
         859  0.33560110443097280     
         860  0.33560110443097280     
         861  0.33560110443097280     
         862  0.33560110443097280     
         863  0.33560110443097280     
         864  0.33560110443097280     
         865  0.33560110443097280     
         866  0.33560110443097280     
         867  0.33560110443097280     
         868  0.33560110443097280     
         869  0.33560110443097280     
         870  0.33560110443097280     
         871  0.33560110443097280     
         872  0.33560110443097280     
         873  0.33560110443097280     
         874  0.33560110443097280     
         875  0.33560110443097280     
         876  0.33560110443097280     
         877  0.33560110443097280     
         878  0.33560110443097280     
         879  0.33560110443097280     
         880  0.33560110443097280     
         881  0.33560110443097280     
         882  0.33560110443097280     
         883  0.33560110443097280     
         884  0.33560110443097280     
         885  0.33560110443097280     
         886  0.33560110443097280     
         887  0.33560110443097280     
         888  0.33560110443097280     
         889  0.33560110443097280     
         890  0.33560110443097280     
         891  0.33560110443097280     
         892  0.33560110443097280     
         893  0.33560110443097280     
         894  0.33560110443097280     
         895  0.33560110443097280     
         896  0.33560110443097280     
         897  0.33560110443097280     
         898  0.33560110443097280     
         899  0.33560110443097280     
         900  0.33560110443097280     
         901  0.33560110443097280     
         902  0.33560110443097280     
         903  0.33560110443097280     
         904  0.33560110443097280     
         905  0.33560110443097280     
         906  0.33560110443097280     
         907  0.33560110443097280     
         908  0.33560110443097280     
         909  0.33560110443097280     
         910  0.33560110443097280     
         911  0.33560110443097280     
         912  0.33560110443097280     
         913  0.33560110443097280     
         914  0.33560110443097280     
         915  0.33560110443097280     
         916  0.33560110443097280     
         917  0.33560110443097280     
         918  0.33560110443097280     
         919  0.33560110443097280     
         920  0.33560110443097280     
         921  0.33560110443097280     
         922  0.33560110443097280     
         923  0.33560110443097280     
         924  0.33560110443097280     
         925  0.33560110443097280     
         926  0.33560110443097280     
         927  0.33560110443097280     
         928  0.33560110443097280     
         929  0.33560110443097280     
         930  0.33560110443097280     
         931  0.33560110443097280     
         932  0.33560110443097280     
         933  0.33560110443097280     
         934  0.33560110443097280     
         935  0.33560110443097280     
         936  0.33560110443097280     
         937  0.33560110443097280     
         938  0.33560110443097280     
         939  0.33560110443097280     
         940  0.33560110443097280     
         941  0.33560110443097280     
         942  0.33560110443097280     
         943  0.33560110443097280     
         944  0.33560110443097280     
         945  0.33560110443097280     
         946  0.33560110443097280     
         947  0.33560110443097280     
         948  0.33560110443097280     
         949  0.33560110443097280     
         950  0.33560110443097280     
         951  0.33560110443097280     
         952  0.33560110443097280     
         953  0.33560110443097280     
         954  0.33560110443097280     
         955  0.33560110443097280     
         956  0.33560110443097280     
         957  0.33560110443097280     
         958  0.33560110443097280     
         959  0.33560110443097280     
         960  0.33560110443097280     
         961  0.33560110443097280     
         962  0.33560110443097280     
         963  0.33560110443097280     
         964  0.33560110443097280     
         965  0.33560110443097280     
         966  0.33560110443097280     
         967  0.33560110443097280     
         968  0.33560110443097280     
         969  0.33560110443097280     
         970  0.33560110443097280     
         971  0.33560110443097280     
         972  0.33560110443097280     
         973  0.33560110443097280     
         974  0.33560110443097280     
         975  0.33560110443097280     
         976  0.33560110443097280     
         977  0.33560110443097280     
         978  0.33560110443097280     
         979  0.33560110443097280     
         980  0.33560110443097280     
         981  0.33560110443097280     
         982  0.33560110443097280     
         983  0.33560110443097280     
         984  0.33560110443097280     
         985  0.33560110443097280     
         986  0.33560110443097280     
         987  0.33560110443097280     
         988  0.33560110443097280     
         989  0.33560110443097280     
         990  0.33560110443097280     
         991  0.33560110443097280     
         992  0.33560110443097280     
         993  0.33560110443097280     
         994  0.33560110443097280     
         995  0.33560110443097280     
         996  0.33560110443097280     
         997  0.33560110443097280     
         998  0.33560110443097280     
         999  0.33560110443097280     
        1000  0.33560110443097280     
        1001  0.33560110443097280     
        1002  0.33560110443097280     
        1003  0.33560110443097280     
        1004  0.33560110443097280     
        1005  0.33560110443097280     
        1006  0.33560110443097280     
        1007  0.33560110443097280     
        1008  0.33560110443097280     
        1009  0.33560110443097280     
        1010  0.33560110443097280     
        1011  0.33560110443097280     
        1012  0.33560110443097280     
        1013  0.33560110443097280     
        1014  0.33560110443097280     
        1015  0.33560110443097280     
        1016  0.33560110443097280     
        1017  0.33560110443097280     
        1018  0.33560110443097280     
        1019  0.33560110443097280     
        1020  0.33560110443097280     
        1021  0.33560110443097280     
        1022  0.33560110443097280     
        1023  0.33560110443097280     
        1024  0.33560110443097280     
        1025  0.33560110443097280     
        1026  0.33560110443097280     
        1027  0.33560110443097280     
        1028  0.33560110443097280     
        1029  0.33560110443097280     
        1030  0.33560110443097280     
        1031  0.33560110443097280     
        1032  0.33560110443097280     
        1033  0.33560110443097280     
        1034  0.33560110443097280     
        1035  0.33560110443097280     
        1036  0.33560110443097280     
        1037  0.33560110443097280     
        1038  0.33560110443097280     
        1039  0.33560110443097280     
        1040  0.33560110443097280     
        1041  0.33560110443097280     
        1042  0.33560110443097280     
        1043  0.33560110443097280     
        1044  0.33560110443097280     
        1045  0.33560110443097280     
        1046  0.33560110443097280     
        1047  0.33560110443097280     
        1048  0.33560110443097280     
        1049  0.33560110443097280     
        1050  0.33560110443097280     
        1051  0.33560110443097280     
        1052  0.33560110443097280     
        1053  0.33560110443097280     
        1054  0.33560110443097280     
        1055  0.33560110443097280     
        1056  0.33560110443097280     
        1057  0.33560110443097280     
        1058  0.33560110443097280     
        1059  0.33560110443097280     
        1060  0.33560110443097280     
        1061  0.33560110443097280     
        1062  0.33560110443097280     
        1063  0.33560110443097280     
        1064  0.33560110443097280     
        1065  0.33560110443097280     
        1066  0.33560110443097280     
        1067  0.33560110443097280     
        1068  0.33560110443097280     
        1069  0.33560110443097280     
        1070  0.33560110443097280     
        1071  0.33560110443097280     
        1072  0.33560110443097280     
        1073  0.33560110443097280     
        1074  0.33560110443097280     
        1075  0.33560110443097280     
        1076  0.33560110443097280     
        1077  0.33560110443097280     
        1078  0.33560110443097280     
        1079  0.33560110443097280     
        1080  0.33560110443097280     
        1081  0.33560110443097280     
        1082  0.33560110443097280     
        1083  0.33560110443097280     
        1084  0.33560110443097280     
        1085  0.33560110443097280     
        1086  0.33560110443097280     
        1087  0.33560110443097280     
        1088  0.33560110443097280     
        1089  0.33560110443097280     
        1090  0.33560110443097280     
        1091  0.33560110443097280     
        1092  0.33560110443097280     
        1093  0.33560110443097280     
        1094  0.33560110443097280     
        1095  0.33560110443097280     
        1096  0.33560110443097280     
        1097  0.33560110443097280     
        1098  0.33560110443097280     
        1099  0.33560110443097280     
        1100  0.33560110443097280     
        1101  0.33560110443097280     
        1102  0.33560110443097280     
        1103  0.33560110443097280     
        1104  0.33560110443097280     
        1105  0.33560110443097280     
        1106  0.33560110443097280     
        1107  0.33560110443097280     
        1108  0.33560110443097280     
        1109  0.33560110443097280     
        1110  0.33560110443097280     
        1111  0.33560110443097280     
        1112  0.33560110443097280     
        1113  0.33560110443097280     
        1114  0.33560110443097280     
        1115  0.33560110443097280     
        1116  0.33560110443097280     
        1117  0.33560110443097280     
        1118  0.33560110443097280     
        1119  0.33560110443097280     
        1120  0.33560110443097280     
        1121  0.33560110443097280     
        1122  0.33560110443097280     
        1123  0.33560110443097280     
        1124  0.33560110443097280     
        1125  0.33560110443097280     
        1126  0.33560110443097280     
        1127  0.33560110443097280     
        1128  0.33560110443097280     
        1129  0.33560110443097280     
        1130  0.33560110443097280     
        1131  0.33560110443097280     
        1132  0.33560110443097280     
        1133  0.33560110443097280     
        1134  0.33560110443097280     
        1135  0.33560110443097280     
        1136  0.33560110443097280     
        1137  0.33560110443097280     
        1138  0.33560110443097280     
        1139  0.33560110443097280     
        1140  0.33560110443097280     
        1141  0.33560110443097280     
        1142  0.33560110443097280     
        1143  0.33560110443097280     
        1144  0.33560110443097280     
        1145  0.33560110443097280     
        1146  0.33560110443097280     
        1147  0.33560110443097280     
        1148  0.33560110443097280     
        1149  0.33560110443097280     
        1150  0.33560110443097280     
        1151  0.33560110443097280     
        1152  0.33560110443097280     
        1153  0.33560110443097280     
        1154  0.33560110443097280     
        1155  0.33560110443097280     
        1156  0.33560110443097280     
        1157  0.33560110443097280     
        1158  0.33560110443097280     
        1159  0.33560110443097280     
        1160  0.33560110443097280     
        1161  0.33560110443097280     
        1162  0.33560110443097280     
        1163  0.33560110443097280     
        1164  0.33560110443097280     
        1165  0.33560110443097280     
        1166  0.33560110443097280     
        1167  0.33560110443097280     
        1168  0.33560110443097280     
        1169  0.33560110443097280     
        1170  0.33560110443097280     
        1171  0.33560110443097280     
        1172  0.33560110443097280     
        1173  0.33560110443097280     
        1174  0.33560110443097280     
        1175  0.33560110443097280     
        1176  0.33560110443097280     
        1177  0.33560110443097280     
        1178  0.33560110443097280     
        1179  0.33560110443097280     
        1180  0.33560110443097280     
        1181  0.33560110443097280     
        1182  0.33560110443097280     
        1183  0.33560110443097280     
        1184  0.33560110443097280     
        1185  0.33560110443097280     
        1186  0.33560110443097280     
        1187  0.33560110443097280     
        1188  0.33560110443097280     
        1189  0.33560110443097280     
        1190  0.33560110443097280     
        1191  0.33560110443097280     
        1192  0.33560110443097280     
        1193  0.33560110443097280     
        1194  0.33560110443097280     
        1195  0.33560110443097280     
        1196  0.33560110443097280     
        1197  0.33560110443097280     
        1198  0.33560110443097280     
        1199  0.33560110443097280     
        1200  0.33560110443097280     
        1201  0.33560110443097280     
        1202  0.33560110443097280     
        1203  0.33560110443097280     
        1204  0.33560110443097280     
        1205  0.33560110443097280     
        1206  0.33560110443097280     
        1207  0.33560110443097280     
        1208  0.33560110443097280     
        1209  0.33560110443097280     
        1210  0.33560110443097280     
        1211  0.33560110443097280     
        1212  0.33560110443097280     
        1213  0.33560110443097280     
        1214  0.33560110443097280     
        1215  0.33560110443097280     
        1216  0.33560110443097280     
        1217  0.33560110443097280     
        1218  0.33560110443097280     
        1219  0.33560110443097280     
        1220  0.33560110443097280     
        1221  0.33560110443097280     
        1222  0.33560110443097280     
        1223  0.33560110443097280     
        1224  0.33560110443097280     
        1225  0.33560110443097280     
        1226  0.33560110443097280     
        1227  0.33560110443097280     
        1228  0.33560110443097280     
        1229  0.33560110443097280     
        1230  0.33560110443097280     
        1231  0.33560110443097280     
        1232  0.33560110443097280     
        1233  0.33560110443097280     
        1234  0.33560110443097280     
        1235  0.33560110443097280     
        1236  0.33560110443097280     
        1237  0.33560110443097280     
        1238  0.33560110443097280     
        1239  0.33560110443097280     
        1240  0.33560110443097280     
        1241  0.33560110443097280     
        1242  0.33560110443097280     
        1243  0.33560110443097280     
        1244  0.33560110443097280     
        1245  0.33560110443097280     
        1246  0.33560110443097280     
        1247  0.33560110443097280     
        1248  0.33560110443097280     
        1249  0.33560110443097280     
        1250  0.33560110443097280     
        1251  0.33560110443097280     
        1252  0.33560110443097280     
        1253  0.33560110443097280     
        1254  0.33560110443097280     
        1255  0.33560110443097280     
        1256  0.33560110443097280     
        1257  0.33560110443097280     
        1258  0.33560110443097280     
        1259  0.33560110443097280     
        1260  0.33560110443097280     
        1261  0.33560110443097280     
        1262  0.33560110443097280     
        1263  0.33560110443097280     
        1264  0.33560110443097280     
        1265  0.33560110443097280     
        1266  0.33560110443097280     
        1267  0.33560110443097280     
        1268  0.33560110443097280     
        1269  0.33560110443097280     
        1270  0.33560110443097280     
        1271  0.33560110443097280     
        1272  0.33560110443097280     
        1273  0.33560110443097280     
        1274  0.33560110443097280     
        1275  0.33560110443097280     
        1276  0.33560110443097280     
        1277  0.33560110443097280     
        1278  0.33560110443097280     
        1279  0.33560110443097280     
        1280  0.33560110443097280     
        1281  0.33560110443097280     
        1282  0.33560110443097280     
        1283  0.33560110443097280     
        1284  0.33560110443097280     
        1285  0.33560110443097280     
        1286  0.33560110443097280     
        1287  0.33560110443097280     
        1288  0.33560110443097280     
        1289  0.33560110443097280     
        1290  0.33560110443097280     
        1291  0.33560110443097280     
        1292  0.33560110443097280     
        1293  0.33560110443097280     
        1294  0.33560110443097280     
        1295  0.33560110443097280     
        1296  0.33560110443097280     
        1297  0.33560110443097280     
        1298  0.33560110443097280     
        1299  0.33560110443097280     
        1300  0.33560110443097280     
        1301  0.33560110443097280     
        1302  0.33560110443097280     
        1303  0.33560110443097280     
        1304  0.33560110443097280     
        1305  0.33560110443097280     
        1306  0.33560110443097280     
        1307  0.33560110443097280     
        1308  0.33560110443097280     
        1309  0.33560110443097280     
        1310  0.33560110443097280     
        1311  0.33560110443097280     
        1312  0.33560110443097280     
        1313  0.33560110443097280     
        1314  0.33560110443097280     
        1315  0.33560110443097280     
        1316  0.33560110443097280     
        1317  0.33560110443097280     
        1318  0.33560110443097280     
        1319  0.33560110443097280     
        1320  0.33560110443097280     
        1321  0.33560110443097280     
        1322  0.33560110443097280     
        1323  0.33560110443097280     
        1324  0.33560110443097280     
        1325  0.33560110443097280     
        1326  0.33560110443097280     
        1327  0.33560110443097280     
        1328  0.33560110443097280     
        1329  0.33560110443097280     
        1330  0.33560110443097280     
        1331  0.33560110443097280     
        1332  0.33560110443097280     
        1333  0.33560110443097280     
        1334  0.33560110443097280     
        1335  0.33560110443097280     
        1336  0.33560110443097280     
        1337  0.33560110443097280     
        1338  0.33560110443097280     
        1339  0.33560110443097280     
        1340  0.33560110443097280     
        1341  0.33560110443097280     
        1342  0.33560110443097280     
        1343  0.33560110443097280     
        1344  0.33560110443097280     
        1345  0.33560110443097280     
        1346  0.33560110443097280     
        1347  0.33560110443097280     
        1348  0.33560110443097280     
        1349  0.33560110443097280     
        1350  0.33560110443097280     
        1351  0.33560110443097280     
        1352  0.33560110443097280     
        1353  0.33560110443097280     
        1354  0.33560110443097280     
        1355  0.33560110443097280     
        1356  0.33560110443097280     
        1357  0.33560110443097280     
        1358  0.33560110443097280     
        1359  0.33560110443097280     
        1360  0.33560110443097280     
        1361  0.33560110443097280     
        1362  0.33560110443097280     
        1363  0.33560110443097280     
        1364  0.33560110443097280     
        1365  0.33560110443097280     
        1366  0.33560110443097280     
        1367  0.33560110443097280     
        1368  0.33560110443097280     
        1369  0.33560110443097280     
        1370  0.33560110443097280     
        1371  0.33560110443097280     
        1372  0.33560110443097280     
        1373  0.33560110443097280     
        1374  0.33560110443097280     
        1375  0.33560110443097280     
        1376  0.33560110443097280     
        1377  0.33560110443097280     
        1378  0.33560110443097280     
        1379  0.33560110443097280     
        1380  0.33560110443097280     
        1381  0.33560110443097280     
        1382  0.33560110443097280     
        1383  0.33560110443097280     
        1384  0.33560110443097280     
        1385  0.33560110443097280     
        1386  0.33560110443097280     
        1387  0.33560110443097280     
        1388  0.33560110443097280     
        1389  0.33560110443097280     
        1390  0.33560110443097280     
        1391  0.33560110443097280     
        1392  0.33560110443097280     
        1393  0.31576838871368906     
        1394  0.31576838871368906     
        1395  0.31576838871368906     
        1396  0.31576838871368906     
        1397  0.31576838871368906     
        1398  0.31576838871368906     
        1399  0.31576838871368906     
        1400  0.31576838871368906     
        1401  0.31576838871368906     
        1402  0.31576838871368906     
        1403  0.31576838871368906     
        1404  0.31576838871368906     
        1405  0.31576838871368906     
        1406  0.31576838871368906     
        1407  0.31576838871368906     
        1408  0.31576838871368906     
        1409  0.31576838871368906     
        1410  0.31576838871368906     
        1411  0.31576838871368906     
        1412  0.31576838871368906     
        1413  0.31576838871368906     
        1414  0.31576838871368906     
        1415  0.31576838871368906     
        1416  0.31576838871368906     
        1417  0.31576838871368906     
        1418  0.31576838871368906     
        1419  0.31576838871368906     
        1420  0.31576838871368906     
        1421  0.31576838871368906     
        1422  0.31576838871368906     
        1423  0.31576838871368906     
        1424  0.31576838871368906     
        1425  0.31576838871368906     
        1426  0.31576838871368906     
        1427  0.31576838871368906     
        1428  0.31576838871368906     
        1429  0.31576838871368906     
        1430  0.31576838871368906     
        1431  0.31576838871368906     
        1432  0.31576838871368906     
        1433  0.31576838871368906     
        1434  0.31576838871368906     
        1435  0.31576838871368906     
        1436  0.31576838871368906     
        1437  0.31576838871368906     
        1438  0.31576838871368906     
        1439  0.31576838871368906     
        1440  0.31576838871368906     
        1441  0.31576838871368906     
        1442  0.31576838871368906     
        1443  0.31576838871368906     
        1444  0.31576838871368906     
        1445  0.31576838871368906     
        1446  0.31576838871368906     
        1447  0.31576838871368906     
        1448  0.31576838871368906     
        1449  0.31576838871368906     
        1450  0.31576838871368906     
        1451  0.31576838871368906     
        1452  0.31576838871368906     
        1453  0.31576838871368906     
        1454  0.31576838871368906     
        1455  0.31576838871368906     
        1456  0.31576838871368906     
        1457  0.31576838871368906     
        1458  0.31576838871368906     
        1459  0.31576838871368906     
        1460  0.31576838871368906     
        1461  0.31576838871368906     
        1462  0.31576838871368906     
        1463  0.31576838871368906     
        1464  0.31576838871368906     
        1465  0.31576838871368906     
        1466  0.31576838871368906     
        1467  0.31576838871368906     
        1468  0.31576838871368906     
        1469  0.31576838871368906     
        1470  0.31576838871368906     
        1471  0.31576838871368906     
        1472  0.31576838871368906     
        1473  0.31576838871368906     
        1474  0.31576838871368906     
        1475  0.31576838871368906     
        1476  0.31576838871368906     
        1477  0.31576838871368906     
        1478  0.31576838871368906     
        1479  0.31576838871368906     
        1480  0.31576838871368906     
        1481  0.31576838871368906     
        1482  0.31576838871368906     
        1483  0.31576838871368906     
        1484  0.31576838871368906     
        1485  0.31576838871368906     
        1486  0.31576838871368906     
        1487  0.31576838871368906     
        1488  0.31576838871368906     
        1489  0.31576838871368906     
        1490  0.31576838871368906     
        1491  0.31576838871368906     
        1492  0.31576838871368906     
        1493  0.31576838871368906     
        1494  0.31576838871368906     
        1495  0.31576838871368906     
        1496  0.31576838871368906     
        1497  0.31576838871368906     
        1498  0.31576838871368906     
        1499  0.31576838871368906     
        1500  0.31576838871368906     
        1501  0.31576838871368906     
        1502  0.31576838871368906     
        1503  0.31576838871368906     
        1504  0.31576838871368906     
        1505  0.31576838871368906     
        1506  0.31576838871368906     
        1507  0.31576838871368906     
        1508  0.31576838871368906     
        1509  0.31576838871368906     
        1510  0.31576838871368906     
        1511  0.31576838871368906     
        1512  0.31576838871368906     
        1513  0.31576838871368906     
        1514  0.31576838871368906     
        1515  0.31576838871368906     
        1516  0.31576838871368906     
        1517  0.31576838871368906     
        1518  0.31576838871368906     
        1519  0.31576838871368906     
        1520  0.31576838871368906     
        1521  0.31576838871368906     
        1522  0.31576838871368906     
        1523  0.31576838871368906     
        1524  0.31576838871368906     
        1525  0.31576838871368906     
        1526  0.31576838871368906     
        1527  0.31576838871368906     
        1528  0.31576838871368906     
        1529  0.31576838871368906     
        1530  0.31576838871368906     
        1531  0.31576838871368906     
        1532  0.31576838871368906     
        1533  0.31576838871368906     
        1534  0.31576838871368906     
        1535  0.31576838871368906     
        1536  0.31576838871368906     
        1537  0.31576838871368906     
        1538  0.31576838871368906     
        1539  0.31576838871368906     
        1540  0.31576838871368906     
        1541  0.31576838871368906     
        1542  0.31576838871368906     
        1543  0.31576838871368906     
        1544  0.31576838871368906     
        1545  0.31576838871368906     
        1546  0.31576838871368906     
        1547  0.31576838871368906     
        1548  0.31576838871368906     
        1549  0.31576838871368906     
        1550  0.31576838871368906     
        1551  0.31576838871368906     
        1552  0.31576838871368906     
        1553  0.31576838871368906     
        1554  0.31576838871368906     
        1555  0.31576838871368906     
        1556  0.31576838871368906     
        1557  0.31576838871368906     
        1558  0.31576838871368906     
        1559  0.31576838871368906     
        1560  0.31576838871368906     
        1561  0.31576838871368906     
        1562  0.31576838871368906     
        1563  0.31576838871368906     
        1564  0.31576838871368906     
        1565  0.31576838871368906     
        1566  0.31576838871368906     
        1567  0.31576838871368906     
        1568  0.31576838871368906     
        1569  0.31576838871368906     
        1570  0.31576838871368906     
        1571  0.31576838871368906     
        1572  0.31576838871368906     
        1573  0.31576838871368906     
        1574  0.31576838871368906     
        1575  0.31576838871368906     
        1576  0.31576838871368906     
        1577  0.31576838871368906     
        1578  0.31576838871368906     
        1579  0.31576838871368906     
        1580  0.31576838871368906     
        1581  0.31576838871368906     
        1582  0.31576838871368906     
        1583  0.31576838871368906     
        1584  0.31576838871368906     
        1585  0.31576838871368906     
        1586  0.31576838871368906     
        1587  0.31576838871368906     
        1588  0.31576838871368906     
        1589  0.31576838871368906     
        1590  0.31576838871368906     
        1591  0.31576838871368906     
        1592  0.31576838871368906     
        1593  0.31576838871368906     
        1594  0.31576838871368906     
        1595  0.31576838871368906     
        1596  0.31576838871368906     
        1597  0.31576838871368906     
        1598  0.31576838871368906     
        1599  0.31576838871368906     
        1600  0.31576838871368906     
        1601  0.31576838871368906     
        1602  0.31576838871368906     
        1603  0.31576838871368906     
        1604  0.31576838871368906     
        1605  0.31576838871368906     
        1606  0.31576838871368906     
        1607  0.31576838871368906     
        1608  0.31576838871368906     
        1609  0.31576838871368906     
        1610  0.31576838871368906     
        1611  0.31576838871368906     
        1612  0.31576838871368906     
        1613  0.31576838871368906     
        1614  0.31576838871368906     
        1615  0.31576838871368906     
        1616  0.31576838871368906     
        1617  0.31576838871368906     
        1618  0.31576838871368906     
        1619  0.31576838871368906     
        1620  0.31576838871368906     
        1621  0.31576838871368906     
        1622  0.31576838871368906     
        1623  0.31576838871368906     
        1624  0.31576838871368906     
        1625  0.31576838871368906     
        1626  0.31576838871368906     
        1627  0.31576838871368906     
        1628  0.31576838871368906     
        1629  0.31576838871368906     
        1630  0.31576838871368906     
        1631  0.31576838871368906     
        1632  0.31576838871368906     
        1633  0.31576838871368906     
        1634  0.31576838871368906     
        1635  0.31576838871368906     
        1636  0.31576838871368906     
        1637  0.31576838871368906     
        1638  0.31576838871368906     
        1639  0.31576838871368906     
        1640  0.31576838871368906     
        1641  0.31576838871368906     
        1642  0.31576838871368906     
        1643  0.31576838871368906     
        1644  0.31576838871368906     
        1645  0.31576838871368906     
        1646  0.31576838871368906     
        1647  0.31576838871368906     
        1648  0.31576838871368906     
        1649  0.31576838871368906     
        1650  0.31576838871368906     
        1651  0.31576838871368906     
        1652  0.31576838871368906     
        1653  0.31576838871368906     
        1654  0.31576838871368906     
        1655  0.31576838871368906     
        1656  0.31576838871368906     
        1657  0.31576838871368906     
        1658  0.31576838871368906     
        1659  0.31576838871368906     
        1660  0.31576838871368906     
        1661  0.31576838871368906     
        1662  0.31576838871368906     
        1663  0.31576838871368906     
        1664  0.31576838871368906     
        1665  0.31576838871368906     
        1666  0.31576838871368906     
        1667  0.31576838871368906     
        1668  0.31576838871368906     
        1669  0.31576838871368906     
        1670  0.31576838871368906     
        1671  0.31576838871368906     
        1672  0.31576838871368906     
        1673  0.31576838871368906     
        1674  0.19786020843039864     
        1675   3.9665431434567466E-002
        1676   3.9665431434567466E-002
        1677   3.9665431434567466E-002
        1678   3.9665431434567466E-002
        1679   3.9665431434567466E-002
        1680   3.9665431434567466E-002
        1681   3.9665431434567466E-002
        1682   3.9665431434567466E-002
        1683   3.9665431434567466E-002
        1684   3.9665431434567466E-002
        1685   3.9665431434567466E-002
        1686   3.9665431434567466E-002
        1687   3.9665431434567466E-002
        1688   3.9665431434567466E-002
        1689   3.9665431434567466E-002
        1690   3.9665431434567466E-002
        1691   3.9665431434567466E-002
        1692   3.9665431434567466E-002
        1693   3.9665431434567466E-002
        1694   3.9665431434567466E-002
        1695   3.9665431434567466E-002
        1696   3.9665431434567466E-002
        1697   3.9665431434567466E-002
        1698   3.9665431434567466E-002
        1699   3.9665431434567466E-002
        1700   3.9665431434567466E-002
        1701   3.9665431434567466E-002
        1702   3.9665431434567466E-002
        1703   3.9665431434567466E-002
        1704   3.9665431434567466E-002
        1705   3.9665431434567466E-002
        1706   3.9665431434567466E-002
        1707   3.9665431434567466E-002
        1708   3.9665431434567466E-002
        1709   3.9665431434567466E-002
        1710   3.9665431434567466E-002
        1711   3.9665431434567466E-002
        1712   3.9665431434567466E-002
        1713   3.9665431434567466E-002
        1714   3.9665431434567466E-002
        1715   3.9665431434567466E-002
        1716   3.9665431434567466E-002
        1717   3.9665431434567466E-002
        1718   3.9665431434567466E-002
        1719   3.9665431434567466E-002
        1720   3.9665431434567466E-002
        1721   3.9665431434567466E-002
        1722   3.9665431434567466E-002
        1723   3.9665431434567466E-002
        1724   3.9665431434567466E-002
        1725   3.9665431434567466E-002
        1726   3.9665431434567466E-002
        1727   3.9665431434567466E-002
        1728   3.9665431434567466E-002
        1729   3.9665431434567466E-002
        1730   3.9665431434567466E-002
        1731   3.9665431434567466E-002
        1732   3.9665431434567466E-002
        1733   3.9665431434567466E-002
        1734   3.9665431434567466E-002
        1735   3.9665431434567466E-002
        1736   3.9665431434567466E-002
        1737   3.9665431434567466E-002
        1738   3.9665431434567466E-002
        1739   3.9665431434567466E-002
        1740   3.9665431434567466E-002
        1741   3.9665431434567466E-002
        1742   3.9665431434567466E-002
        1743   3.9665431434567466E-002
        1744   3.9665431434567466E-002
        1745   3.9665431434567466E-002
        1746   3.9665431434567466E-002
        1747   3.9665431434567466E-002
        1748   3.9665431434567466E-002
        1749   3.9665431434567466E-002
        1750   3.9665431434567466E-002
        1751   3.9665431434567466E-002
        1752   3.9665431434567466E-002
        1753   3.9665431434567466E-002
        1754   3.9665431434567466E-002
        1755   3.9665431434567466E-002
        1756   3.9665431434567466E-002
        1757   3.9665431434567466E-002
        1758   3.9665431434567466E-002
        1759   3.9665431434567466E-002
        1760   3.9665431434567466E-002
        1761   3.9665431434567466E-002
        1762   3.9665431434567466E-002
        1763   3.9665431434567466E-002
        1764   3.9665431434567466E-002
        1765   3.9665431434567466E-002
        1766   3.9665431434567466E-002
        1767   3.9665431434567466E-002
        1768   3.9665431434567466E-002
        1769   3.9665431434567466E-002
        1770   3.9665431434567466E-002
        1771   3.9665431434567466E-002
        1772   3.9665431434567466E-002
        1773   3.9665431434567466E-002
        1774   3.9665431434567466E-002
        1775   3.9665431434567466E-002
        1776   3.9665431434567466E-002
        1777   3.9665431434567466E-002
        1778   3.9665431434567466E-002
        1779   3.9665431434567466E-002
        1780   3.9665431434567466E-002
        1781   3.9665431434567466E-002
        1782   3.9665431434567466E-002
        1783   3.9665431434567466E-002
        1784   3.9665431434567466E-002
        1785   3.9665431434567466E-002
        1786   3.9665431434567466E-002
        1787   3.9665431434567466E-002
        1788   3.9665431434567466E-002
        1789   3.9665431434567466E-002
        1790   3.9665431434567466E-002
        1791   3.9665431434567466E-002
        1792   3.9665431434567466E-002
        1793   3.9665431434567466E-002
        1794   3.9665431434567466E-002
        1795   3.9665431434567466E-002
        1796   3.9665431434567466E-002
        1797   3.9665431434567466E-002
        1798   3.9665431434567466E-002
        1799   3.9665431434567466E-002
        1800   3.9665431434567466E-002
        1801   3.9665431434567466E-002
        1802   3.9665431434567466E-002
        1803   3.9665431434567466E-002
        1804   3.9665431434567466E-002
        1805   3.9665431434567466E-002
        1806   3.9665431434567466E-002
        1807   3.9665431434567466E-002
        1808   3.9665431434567466E-002
        1809   3.9665431434567466E-002
        1810   3.9665431434567466E-002
        1811   3.9665431434567466E-002
        1812   3.9665431434567466E-002
        1813   3.9665431434567466E-002
        1814   3.9665431434567466E-002
        1815   3.9665431434567466E-002
        1816   3.9665431434567466E-002
        1817   3.9665431434567466E-002
        1818   3.9665431434567466E-002
        1819   3.9665431434567466E-002
        1820   3.9665431434567466E-002
        1821   3.9665431434567466E-002
        1822   3.9665431434567466E-002
        1823   3.9665431434567466E-002
        1824   3.9665431434567466E-002
        1825   3.9665431434567466E-002
        1826   3.9665431434567466E-002
        1827   3.9665431434567466E-002
        1828   3.9665431434567466E-002
        1829   3.9665431434567466E-002
        1830   3.9665431434567466E-002
        1831   3.9665431434567466E-002
        1832   3.9665431434567466E-002
        1833   3.9665431434567466E-002
        1834   3.9665431434567466E-002
        1835   3.9665431434567466E-002
        1836   3.9665431434567466E-002
        1837   3.9665431434567466E-002
        1838   3.9665431434567466E-002
        1839   3.9665431434567466E-002
        1840   3.9665431434567466E-002
        1841   3.9665431434567466E-002
        1842   3.9665431434567466E-002
        1843   3.9665431434567466E-002
        1844   3.9665431434567466E-002
        1845   3.9665431434567466E-002
        1846   3.9665431434567466E-002
        1847   3.9665431434567466E-002
        1848   3.9665431434567466E-002
        1849   3.9665431434567466E-002
        1850   3.9665431434567466E-002
        1851   3.9665431434567466E-002
        1852   3.9665431434567466E-002
        1853   3.9665431434567466E-002
        1854   3.9665431434567466E-002
        1855   3.9665431434567466E-002
        1856   3.9665431434567466E-002
        1857   3.9665431434567466E-002
        1858   3.9665431434567466E-002
        1859   3.9665431434567466E-002
        1860   3.9665431434567466E-002
        1861   3.9665431434567466E-002
        1862   3.9665431434567466E-002
        1863   3.9665431434567466E-002
        1864   3.9665431434567466E-002
        1865   3.9665431434567466E-002
        1866   3.9665431434567466E-002
        1867   3.9665431434567466E-002
        1868   3.9665431434567466E-002
        1869   3.9665431434567466E-002
        1870   3.9665431434567466E-002
        1871   3.9665431434567466E-002
        1872   3.9665431434567466E-002
        1873   3.9665431434567466E-002
        1874   3.9665431434567466E-002
        1875   3.9665431434567466E-002
        1876   3.9665431434567466E-002
        1877   3.9665431434567466E-002
        1878   3.9665431434567466E-002
        1879   3.9665431434567466E-002
        1880   3.9665431434567466E-002
        1881   3.9665431434567466E-002
        1882   3.9665431434567466E-002
        1883   3.9665431434567466E-002
        1884   3.9665431434567466E-002
        1885   3.9665431434567466E-002
        1886   3.9665431434567466E-002
        1887   3.9665431434567466E-002
        1888   3.9665431434567466E-002
        1889   3.9665431434567466E-002
        1890   3.9665431434567466E-002
        1891   3.9665431434567466E-002
        1892   3.9665431434567466E-002
        1893   3.9665431434567466E-002
        1894   3.9665431434567466E-002
        1895   3.9665431434567466E-002
        1896   3.9665431434567466E-002
        1897   3.9665431434567466E-002
        1898   3.9665431434567466E-002
        1899   3.9665431434567466E-002
        1900   3.9665431434567466E-002
        1901   3.9665431434567466E-002
        1902   3.9665431434567466E-002
        1903   3.9665431434567466E-002
        1904   3.9665431434567466E-002
        1905   3.9665431434567466E-002
        1906   3.9665431434567466E-002
        1907   3.9665431434567466E-002
        1908   3.9665431434567466E-002
        1909   3.9665431434567466E-002
        1910   3.9665431434567466E-002
        1911   3.9665431434567466E-002
        1912   3.9665431434567466E-002
        1913   3.9665431434567466E-002
        1914   3.9665431434567466E-002
        1915   3.9665431434567466E-002
        1916   3.9665431434567466E-002
        1917   3.9665431434567466E-002
        1918   3.9665431434567466E-002
        1919   3.9665431434567466E-002
        1920   3.9665431434567466E-002
        1921   3.9665431434567466E-002
        1922   3.9665431434567466E-002
        1923   3.9665431434567466E-002
        1924   3.9665431434567466E-002
        1925   3.9665431434567466E-002
        1926   3.9665431434567466E-002
        1927   3.9665431434567466E-002
        1928   3.9665431434567466E-002
        1929   3.9665431434567466E-002
        1930   3.9665431434567466E-002
        1931   3.9665431434567466E-002
        1932   3.9665431434567466E-002
        1933   3.9665431434567466E-002
        1934   3.9665431434567466E-002
        1935   3.9665431434567466E-002
        1936   3.9665431434567466E-002
        1937   3.9665431434567466E-002
        1938   3.9665431434567466E-002
        1939   3.9665431434567466E-002
        1940   3.9665431434567466E-002
        1941   3.9665431434567466E-002
        1942   3.9665431434567466E-002
        1943   3.9665431434567466E-002
        1944   3.9665431434567466E-002
        1945   3.9665431434567466E-002
        1946   3.9665431434567466E-002
        1947   3.9665431434567466E-002
        1948   3.9665431434567466E-002
        1949   3.9665431434567466E-002
        1950   3.9665431434567466E-002
        1951   3.9665431434567466E-002
        1952   3.9665431434567466E-002
        1953   3.9665431434567466E-002
        1954   3.9665431434567466E-002
        1955   3.9665431434567466E-002
        1956   3.9665431434567466E-002
        1957   3.9665431434567466E-002
        1958   3.9665431434567466E-002
        1959   3.9665431434567466E-002
        1960   3.9665431434567466E-002
        1961   3.9665431434567466E-002
        1962   3.9665431434567466E-002
        1963   3.9665431434567466E-002
        1964   3.9665431434567466E-002
        1965   3.9665431434567466E-002
        1966   3.9665431434567466E-002
        1967   3.9665431434567466E-002
        1968   3.9665431434567466E-002
        1969   3.9665431434567466E-002
        1970   3.9665431434567466E-002
        1971   3.9665431434567466E-002
        1972   3.9665431434567466E-002
        1973   3.9665431434567466E-002
        1974   3.9665431434567466E-002
        1975   3.9665431434567466E-002
        1976   3.9665431434567466E-002
        1977   3.9665431434567466E-002
        1978   3.9665431434567466E-002
        1979   3.9665431434567466E-002
        1980   3.9665431434567466E-002
        1981   3.9665431434567466E-002
        1982   3.9665431434567466E-002
        1983   3.9665431434567466E-002
        1984   3.9665431434567466E-002
        1985   3.9665431434567466E-002
        1986   3.9665431434567466E-002
        1987   3.9665431434567466E-002
        1988   3.9665431434567466E-002
        1989   3.9665431434567466E-002
        1990   3.9665431434567466E-002
        1991   3.9665431434567466E-002
        1992   3.9665431434567466E-002
        1993   3.9665431434567466E-002
        1994   3.9665431434567466E-002
        1995   3.9665431434567466E-002
        1996   3.9665431434567466E-002
        1997   3.9665431434567466E-002
        1998   3.9665431434567466E-002
        1999   3.9665431434567466E-002
        2000   3.9665431434567466E-002
        2001   3.9665431434567466E-002
        2002   3.9665431434567466E-002
        2003   3.9665431434567466E-002
        2004   3.9665431434567466E-002
        2005   3.9665431434567466E-002
        2006   3.9665431434567466E-002
        2007   3.9665431434567466E-002
        2008   3.9665431434567466E-002
        2009   3.9665431434567466E-002
        2010   3.9665431434567466E-002
        2011   3.9665431434567466E-002
        2012   3.9665431434567466E-002
        2013   3.9665431434567466E-002
        2014   3.9665431434567466E-002
        2015   3.9665431434567466E-002
        2016   3.9665431434567466E-002
        2017   3.9665431434567466E-002
        2018   3.9665431434567466E-002
        2019   3.9665431434567466E-002
        2020   3.9665431434567466E-002
        2021   3.9665431434567466E-002
        2022   3.9665431434567466E-002
        2023   3.9665431434567466E-002
        2024   3.9665431434567466E-002
        2025   3.9665431434567466E-002
        2026   3.9665431434567466E-002
        2027   3.9665431434567466E-002
        2028   3.9665431434567466E-002
        2029   3.9665431434567466E-002
        2030   3.9665431434567466E-002
        2031   3.9665431434567466E-002
        2032   3.9665431434567466E-002
        2033   3.9665431434567466E-002
        2034   3.9665431434567466E-002
        2035   3.9665431434567466E-002
        2036   3.9665431434567466E-002
        2037   3.9665431434567466E-002
        2038   3.9665431434567466E-002
        2039   3.9665431434567466E-002
        2040   3.9665431434567466E-002
        2041   3.9665431434567466E-002
        2042   3.9665431434567466E-002
        2043   3.9665431434567466E-002
        2044   3.9665431434567466E-002
        2045   3.9665431434567466E-002
        2046   3.9665431434567466E-002
        2047   3.9665431434567466E-002
        2048   3.9665431434567466E-002
        2049   3.9665431434567466E-002
        2050   3.9665431434567466E-002
        2051   3.9665431434567466E-002
        2052   3.9665431434567466E-002
        2053   3.9665431434567466E-002
        2054   3.9665431434567466E-002
        2055   3.9665431434567466E-002
        2056   3.9665431434567466E-002
        2057   3.9665431434567466E-002
        2058   3.9665431434567466E-002
        2059   3.9665431434567466E-002
        2060   3.9665431434567466E-002
        2061   3.9665431434567466E-002
        2062   3.9665431434567466E-002
        2063   3.9665431434567466E-002
        2064   3.9665431434567466E-002
        2065   3.9665431434567466E-002
        2066   3.9665431434567466E-002
        2067   3.9665431434567466E-002
        2068   3.9665431434567466E-002
        2069   3.9665431434567466E-002
        2070   3.9665431434567466E-002
        2071   3.9665431434567466E-002
        2072   3.9665431434567466E-002
        2073   3.9665431434567466E-002
        2074   3.9665431434567466E-002
        2075   3.9665431434567466E-002
        2076   3.9665431434567466E-002
        2077   3.9665431434567466E-002
        2078   3.9665431434567466E-002
        2079   3.9665431434567466E-002
        2080   3.9665431434567466E-002
        2081   3.9665431434567466E-002
        2082   3.9665431434567466E-002
        2083   3.9665431434567466E-002
        2084   3.9665431434567466E-002
        2085   3.9665431434567466E-002
        2086   3.9665431434567466E-002
        2087   3.9665431434567466E-002
        2088   3.9665431434567466E-002
        2089   3.9665431434567466E-002
        2090   3.9665431434567466E-002
        2091   3.9665431434567466E-002
        2092   3.9665431434567466E-002
        2093   3.9665431434567466E-002
        2094   3.9665431434567466E-002
        2095   3.9665431434567466E-002
        2096   3.9665431434567466E-002
        2097   3.9665431434567466E-002
        2098   3.9665431434567466E-002
        2099   3.9665431434567466E-002
        2100   3.9665431434567466E-002
        2101   3.9665431434567466E-002
        2102   3.9665431434567466E-002
        2103   3.9665431434567466E-002
        2104   3.9665431434567466E-002
        2105   3.9665431434567466E-002
        2106   3.9665431434567466E-002
        2107   3.9665431434567466E-002
        2108   3.9665431434567466E-002
        2109   3.9665431434567466E-002
        2110   3.9665431434567466E-002
        2111   3.9665431434567466E-002
        2112   3.9665431434567466E-002
        2113   3.9665431434567466E-002
        2114   3.9665431434567466E-002
        2115   3.9665431434567466E-002
        2116   3.9665431434567466E-002
        2117   3.9665431434567466E-002
        2118   3.9665431434567466E-002
        2119   3.9665431434567466E-002
        2120   3.9665431434567466E-002
        2121   3.9665431434567466E-002
        2122   3.9665431434567466E-002
        2123   3.9665431434567466E-002
        2124   3.9665431434567466E-002
        2125   3.9665431434567466E-002
        2126   3.9665431434567466E-002
        2127   3.9665431434567466E-002
        2128   3.9665431434567466E-002
        2129   3.9665431434567466E-002
        2130   3.9665431434567466E-002
        2131   3.9665431434567466E-002
        2132   3.9665431434567466E-002
        2133   3.9665431434567466E-002
        2134   3.9665431434567466E-002
        2135   3.9665431434567466E-002
        2136   3.9665431434567466E-002
        2137   3.9665431434567466E-002
        2138   3.9665431434567466E-002
        2139   3.9665431434567466E-002
        2140   3.9665431434567466E-002
        2141   3.9665431434567466E-002
        2142   3.9665431434567466E-002
        2143   3.9665431434567466E-002
        2144   3.9665431434567466E-002
        2145   3.9665431434567466E-002
        2146   3.9665431434567466E-002
        2147   3.9665431434567466E-002
        2148   3.9665431434567466E-002
        2149   3.9665431434567466E-002
        2150   3.9665431434567466E-002
        2151   3.9665431434567466E-002
        2152   3.9665431434567466E-002
        2153   3.9665431434567466E-002
        2154   3.9665431434567466E-002
        2155   3.9665431434567466E-002
        2156   3.9665431434567466E-002
        2157   1.9832715717283733E-002
        2158   1.9832715717283733E-002
        2159   1.9832715717283733E-002
        2160   1.9832715717283733E-002
        2161   1.9832715717283733E-002
        2162   1.9832715717283733E-002
        2163   1.9832715717283733E-002
        2164   1.9832715717283733E-002
        2165   1.9832715717283733E-002
        2166   1.9832715717283733E-002
        2167   1.9832715717283733E-002
        2168   1.9832715717283733E-002
        2169   1.9832715717283733E-002
        2170   1.9832715717283733E-002
        2171   1.9832715717283733E-002
        2172   1.9832715717283733E-002
        2173   1.9832715717283733E-002
        2174   1.9832715717283733E-002
        2175   1.9832715717283733E-002
        2176   1.9832715717283733E-002
        2177   1.9832715717283733E-002
        2178   1.9832715717283733E-002
        2179   1.9832715717283733E-002
        2180   1.9832715717283733E-002
        2181   1.9832715717283733E-002
        2182   1.9832715717283733E-002
        2183   1.9832715717283733E-002
        2184   1.9832715717283733E-002
        2185   1.9832715717283733E-002
        2186   1.9832715717283733E-002
        2187   1.9832715717283733E-002
        2188   1.9832715717283733E-002
        2189   1.9832715717283733E-002
        2190   1.9832715717283733E-002
        2191   1.9832715717283733E-002
        2192   1.9832715717283733E-002
        2193   1.9832715717283733E-002
        2194   1.9832715717283733E-002
        2195   1.9832715717283733E-002
        2196   1.9832715717283733E-002
        2197   1.9832715717283733E-002
        2198   1.9832715717283733E-002
        2199   1.9832715717283733E-002
        2200   1.9832715717283733E-002
        2201   1.9832715717283733E-002
        2202   1.9832715717283733E-002
        2203   1.9832715717283733E-002
        2204   1.9832715717283733E-002
        2205   1.9832715717283733E-002
        2206   1.9832715717283733E-002
        2207   1.9832715717283733E-002
        2208   1.9832715717283733E-002
        2209   1.9832715717283733E-002
        2210   1.9832715717283733E-002
        2211   1.9832715717283733E-002
        2212   1.9832715717283733E-002
        2213   1.9832715717283733E-002
        2214   1.9832715717283733E-002
        2215   1.9832715717283733E-002
        2216   1.9832715717283733E-002
        2217   1.9832715717283733E-002
        2218   1.9832715717283733E-002
        2219   1.9832715717283733E-002
        2220   1.9832715717283733E-002
        2221   1.9832715717283733E-002
        2222   1.9832715717283733E-002
        2223   1.9832715717283733E-002
        2224   1.9832715717283733E-002
        2225   1.9832715717283733E-002
        2226   1.9832715717283733E-002
        2227   1.9832715717283733E-002
        2228   1.9832715717283733E-002
        2229   1.9832715717283733E-002
        2230   1.9832715717283733E-002
        2231   1.9832715717283733E-002
        2232   1.9832715717283733E-002
        2233   1.9832715717283733E-002
        2234   1.9832715717283733E-002
        2235   1.9832715717283733E-002
        2236   1.9832715717283733E-002
        2237   1.9832715717283733E-002
        2238   1.9832715717283733E-002
        2239   1.9832715717283733E-002
        2240   1.9832715717283733E-002
        2241   1.9832715717283733E-002
        2242   1.9832715717283733E-002
        2243   1.9832715717283733E-002
        2244   1.9832715717283733E-002
        2245   1.9832715717283733E-002
        2246   1.9832715717283733E-002
        2247   1.9832715717283733E-002
        2248   1.9832715717283733E-002
        2249   1.9832715717283733E-002
        2250   1.9832715717283733E-002
        2251   1.9832715717283733E-002
        2252   1.9832715717283733E-002
        2253   1.9832715717283733E-002
        2254   1.9832715717283733E-002
        2255   1.9832715717283733E-002
        2256   1.9832715717283733E-002
        2257   1.9832715717283733E-002
        2258   1.9832715717283733E-002
        2259   1.9832715717283733E-002
        2260   1.9832715717283733E-002
        2261   1.9832715717283733E-002
        2262   1.9832715717283733E-002
        2263   1.9832715717283733E-002
        2264   1.9832715717283733E-002
        2265   1.9832715717283733E-002
        2266   1.9832715717283733E-002
        2267   1.9832715717283733E-002
        2268   1.9832715717283733E-002
        2269   1.9832715717283733E-002
        2270   1.9832715717283733E-002
        2271   1.9832715717283733E-002
        2272   1.9832715717283733E-002
        2273   1.9832715717283733E-002
        2274   1.9832715717283733E-002
        2275   1.9832715717283733E-002
        2276   1.9832715717283733E-002
        2277   1.9832715717283733E-002
        2278   1.9832715717283733E-002
        2279   1.9832715717283733E-002
        2280   1.9832715717283733E-002
        2281   1.9832715717283733E-002
        2282   1.9832715717283733E-002
        2283   1.9832715717283733E-002
        2284   1.9832715717283733E-002
        2285   1.9832715717283733E-002
        2286   1.9832715717283733E-002
        2287   1.9832715717283733E-002
        2288   1.9832715717283733E-002
        2289   1.9832715717283733E-002
        2290   1.9832715717283733E-002
        2291   1.9832715717283733E-002
        2292   1.9832715717283733E-002
        2293   1.9832715717283733E-002
        2294   1.9832715717283733E-002
        2295   1.9832715717283733E-002
        2296   1.9832715717283733E-002
        2297   1.9832715717283733E-002
        2298   1.9832715717283733E-002
        2299   1.9832715717283733E-002
        2300   1.9832715717283733E-002
        2301   1.9832715717283733E-002
        2302   1.9832715717283733E-002
        2303   1.9832715717283733E-002
        2304   1.9832715717283733E-002
        2305   1.9832715717283733E-002
        2306   1.9832715717283733E-002
        2307   1.9832715717283733E-002
        2308   1.9832715717283733E-002
        2309   1.9832715717283733E-002
        2310   1.9832715717283733E-002
        2311   1.9832715717283733E-002
        2312   1.9832715717283733E-002
        2313   1.9832715717283733E-002
        2314   1.9832715717283733E-002
        2315   1.9832715717283733E-002
        2316   1.9832715717283733E-002
        2317   1.9832715717283733E-002
        2318   1.9832715717283733E-002
        2319   1.9832715717283733E-002
        2320   1.9832715717283733E-002
        2321   1.9832715717283733E-002
        2322   1.9832715717283733E-002
        2323   1.9832715717283733E-002
        2324   1.9832715717283733E-002
        2325   1.9832715717283733E-002
        2326   1.9832715717283733E-002
        2327   1.9832715717283733E-002
        2328   1.9832715717283733E-002
        2329   1.9832715717283733E-002
        2330   1.9832715717283733E-002
        2331   1.9832715717283733E-002
        2332   1.9832715717283733E-002
        2333   1.9832715717283733E-002
        2334   1.9832715717283733E-002
        2335   1.9832715717283733E-002
        2336   1.9832715717283733E-002
        2337   1.9832715717283733E-002
        2338   1.9832715717283733E-002
        2339   1.9832715717283733E-002
        2340   1.9832715717283733E-002
        2341   1.9832715717283733E-002
        2342   1.9832715717283733E-002
        2343   1.9832715717283733E-002
        2344   1.9832715717283733E-002
        2345   1.9832715717283733E-002
        2346   1.9832715717283733E-002
        2347   1.9832715717283733E-002
        2348   1.9832715717283733E-002
        2349   1.9832715717283733E-002
        2350   1.9832715717283733E-002
        2351   1.9832715717283733E-002
        2352   1.9832715717283733E-002
        2353   1.9832715717283733E-002
        2354   1.9832715717283733E-002
        2355   1.9832715717283733E-002
        2356   1.9832715717283733E-002
        2357   1.9832715717283733E-002
        2358   1.9832715717283733E-002
        2359   1.9832715717283733E-002
        2360   1.9832715717283733E-002
        2361   1.9832715717283733E-002
        2362   1.9832715717283733E-002
        2363   0.0000000000000000     
