           1   4.4900000000000106E-002
           2   4.4900000000000106E-002
           3   4.4900000000000106E-002
           4   4.4900000000000106E-002
           5   4.4900000000000106E-002
           6   4.4900000000000106E-002
           7   4.4900000000000106E-002
           8   4.4900000000000106E-002
           9   4.4900000000000106E-002
          10   4.4900000000000106E-002
          11   4.4900000000000106E-002
          12   4.4900000000000106E-002
          13   4.4900000000000106E-002
          14   4.4900000000000106E-002
          15   4.4900000000000106E-002
          16   4.4900000000000106E-002
          17   4.4900000000000106E-002
          18   3.1699999999999978E-002
          19   3.1699999999999978E-002
          20   3.1699999999999978E-002
          21   3.1699999999999978E-002
          22   3.1699999999999978E-002
          23   3.1699999999999978E-002
          24   3.1699999999999978E-002
          25   3.1699999999999978E-002
          26   3.1699999999999978E-002
          27   3.1699999999999978E-002
          28   3.1699999999999978E-002
          29   3.1699999999999978E-002
          30   3.1699999999999978E-002
          31   2.5999999999999919E-002
          32   2.4499999999999949E-002
          33   2.4499999999999949E-002
          34   2.4499999999999949E-002
          35   2.4499999999999949E-002
          36   2.1800000000000010E-002
          37   2.1800000000000010E-002
          38   2.1800000000000010E-002
          39   2.1800000000000010E-002
          40   2.1800000000000010E-002
          41   2.1800000000000010E-002
          42   2.1800000000000010E-002
          43   2.1800000000000010E-002
          44   2.1800000000000010E-002
          45   2.1800000000000010E-002
          46   2.1800000000000010E-002
          47   2.1800000000000010E-002
          48   2.1800000000000010E-002
          49   2.1800000000000010E-002
          50   2.1800000000000010E-002
          51   2.1800000000000010E-002
          52   2.1800000000000010E-002
          53   2.1800000000000010E-002
          54   2.1800000000000010E-002
          55   2.1800000000000010E-002
          56   2.1800000000000010E-002
          57   2.1800000000000010E-002
          58   2.1800000000000010E-002
          59   2.1800000000000010E-002
          60   2.1800000000000010E-002
          61   2.1800000000000010E-002
          62   2.1800000000000010E-002
          63   2.1800000000000010E-002
          64   2.1800000000000010E-002
          65   2.1800000000000010E-002
          66   2.1800000000000010E-002
          67   2.1800000000000010E-002
          68   2.1800000000000010E-002
          69   2.1800000000000010E-002
          70   2.1800000000000010E-002
          71   2.1800000000000010E-002
          72   2.1800000000000010E-002
          73   2.1800000000000010E-002
          74   2.1800000000000010E-002
          75   2.1800000000000010E-002
          76   2.1800000000000010E-002
          77   2.1800000000000010E-002
          78   2.1800000000000010E-002
          79   2.1800000000000010E-002
          80   2.1800000000000010E-002
          81   2.1800000000000010E-002
          82   2.1800000000000010E-002
          83   2.1800000000000010E-002
          84   2.1800000000000010E-002
          85   2.1800000000000010E-002
          86   2.1800000000000010E-002
          87   2.1800000000000010E-002
          88   2.1800000000000010E-002
          89   2.1800000000000010E-002
          90   2.1800000000000010E-002
          91   2.1800000000000010E-002
          92   2.1800000000000010E-002
          93   2.1800000000000010E-002
          94   2.1800000000000010E-002
          95   2.1800000000000010E-002
          96   2.1800000000000010E-002
          97   1.8500000000000082E-002
          98   1.7000000000000112E-002
          99   1.3000000000000086E-002
         100   1.3000000000000086E-002
         101   1.3000000000000086E-002
         102   1.3000000000000086E-002
         103   1.3000000000000086E-002
         104   1.3000000000000086E-002
         105   1.3000000000000086E-002
         106   1.3000000000000086E-002
         107   1.3000000000000086E-002
         108   1.3000000000000086E-002
         109   1.3000000000000086E-002
         110   1.3000000000000086E-002
         111   1.3000000000000086E-002
         112   1.2100000000000071E-002
         113   1.2100000000000071E-002
         114   1.2100000000000071E-002
         115   1.2100000000000071E-002
         116   1.2100000000000071E-002
         117   1.2100000000000071E-002
         118   1.2100000000000071E-002
         119   1.2100000000000071E-002
         120   1.2100000000000071E-002
         121   1.2100000000000071E-002
         122   1.2100000000000071E-002
         123   1.2100000000000071E-002
         124   1.2100000000000071E-002
         125   1.2100000000000071E-002
         126   1.2100000000000071E-002
         127   1.2100000000000071E-002
         128   1.2100000000000071E-002
         129   1.2100000000000071E-002
         130   1.2100000000000071E-002
         131   1.2100000000000071E-002
         132   1.2100000000000071E-002
         133   1.2100000000000071E-002
         134   1.2100000000000071E-002
         135   1.2100000000000071E-002
         136   1.2100000000000071E-002
         137   1.2100000000000071E-002
         138   1.2100000000000071E-002
         139   1.2100000000000071E-002
         140   1.2100000000000071E-002
         141   1.2100000000000071E-002
         142   1.2100000000000071E-002
         143   1.2100000000000071E-002
         144   1.2100000000000071E-002
         145   1.2100000000000071E-002
         146   1.2100000000000071E-002
         147   1.2100000000000071E-002
         148   1.2100000000000071E-002
         149   1.2100000000000071E-002
         150   1.2100000000000071E-002
         151   1.2100000000000071E-002
         152   1.2100000000000071E-002
         153   1.2100000000000071E-002
         154   1.2100000000000071E-002
         155   1.2100000000000071E-002
         156   1.2100000000000071E-002
         157   1.2100000000000071E-002
         158   1.2100000000000071E-002
         159   1.2100000000000071E-002
         160   1.2100000000000071E-002
         161   1.2100000000000071E-002
         162   1.2100000000000071E-002
         163   1.2100000000000071E-002
         164   1.2100000000000071E-002
         165   1.2100000000000071E-002
         166   1.2100000000000071E-002
         167   1.2100000000000071E-002
         168   1.2100000000000071E-002
         169   1.2100000000000071E-002
         170   1.2100000000000071E-002
         171   1.2100000000000071E-002
         172   1.2100000000000071E-002
         173   1.2100000000000071E-002
         174   1.2100000000000071E-002
         175   1.2100000000000071E-002
         176   1.2100000000000071E-002
         177   1.2100000000000071E-002
         178   1.2100000000000071E-002
         179   1.2100000000000071E-002
         180   1.2100000000000071E-002
         181   1.2100000000000071E-002
         182   1.2100000000000071E-002
         183   1.2100000000000071E-002
         184   1.2100000000000071E-002
         185   1.2100000000000071E-002
         186   1.2100000000000071E-002
         187   1.2100000000000071E-002
         188   1.2100000000000071E-002
         189   1.2100000000000071E-002
         190   1.2100000000000071E-002
         191   1.2100000000000071E-002
         192   1.2100000000000071E-002
         193   1.2100000000000071E-002
         194   1.2100000000000071E-002
         195   1.2100000000000071E-002
         196   1.2100000000000071E-002
         197   1.2100000000000071E-002
         198   1.2100000000000071E-002
         199   1.2100000000000071E-002
         200   1.2100000000000071E-002
         201   1.2100000000000071E-002
         202   1.2100000000000071E-002
         203   1.2100000000000071E-002
         204   1.2100000000000071E-002
         205   1.2100000000000071E-002
         206   1.2100000000000071E-002
         207   1.2100000000000071E-002
         208   1.2100000000000071E-002
         209   1.2100000000000071E-002
         210   1.2100000000000071E-002
         211   1.2100000000000071E-002
         212   1.2100000000000071E-002
         213   1.2100000000000071E-002
         214   1.2100000000000071E-002
         215   1.2100000000000071E-002
         216   1.2100000000000071E-002
         217   1.2100000000000071E-002
         218   1.2100000000000071E-002
         219   1.2100000000000071E-002
         220   1.2100000000000071E-002
         221   1.2100000000000071E-002
         222   8.9999999999999906E-003
