           1   1.3184999999999998     
           2  0.13050000000000037     
           3  0.13050000000000037     
           4  0.13050000000000037     
           5  0.13050000000000037     
           6  0.13050000000000037     
           7  0.13050000000000037     
           8   9.8500000000000310E-002
           9   9.8500000000000310E-002
          10   9.8500000000000310E-002
          11   9.8500000000000310E-002
          12   9.8500000000000310E-002
          13   9.8500000000000310E-002
          14   9.8500000000000310E-002
          15   9.8500000000000310E-002
          16   9.8500000000000310E-002
          17   9.8500000000000310E-002
          18   9.8500000000000310E-002
          19   9.8500000000000310E-002
          20   9.8500000000000310E-002
          21   9.8500000000000310E-002
          22   9.8500000000000310E-002
          23   9.8500000000000310E-002
          24   9.8500000000000310E-002
          25   9.8500000000000310E-002
          26   9.8500000000000310E-002
          27   9.8500000000000310E-002
          28   9.8500000000000310E-002
          29   9.8500000000000310E-002
          30   9.8500000000000310E-002
          31   9.8500000000000310E-002
          32   9.8500000000000310E-002
          33   9.8500000000000310E-002
          34   9.8500000000000310E-002
          35   9.8500000000000310E-002
          36   9.8500000000000310E-002
          37   9.8500000000000310E-002
          38   9.8500000000000310E-002
          39   9.8500000000000310E-002
          40   9.8500000000000310E-002
          41   9.8500000000000310E-002
          42   9.8500000000000310E-002
          43   7.9300000000000273E-002
          44   7.9300000000000273E-002
          45   7.9300000000000273E-002
          46   7.9300000000000273E-002
          47   7.9300000000000273E-002
          48   7.9300000000000273E-002
          49   7.9300000000000273E-002
          50   7.9300000000000273E-002
          51   7.9300000000000273E-002
          52   7.9300000000000273E-002
          53   7.9300000000000273E-002
          54   7.9300000000000273E-002
          55   7.4500000000000066E-002
          56   7.4500000000000066E-002
          57   7.4500000000000066E-002
          58   7.4500000000000066E-002
          59   7.4500000000000066E-002
          60   7.4500000000000066E-002
          61   7.4500000000000066E-002
          62   7.4500000000000066E-002
          63   4.2500000000000017E-002
          64   4.2500000000000017E-002
          65   4.2500000000000017E-002
          66   4.2500000000000017E-002
          67   4.2500000000000017E-002
          68   4.2500000000000017E-002
          69   4.2500000000000017E-002
          70   4.2500000000000017E-002
          71   4.2500000000000017E-002
          72   4.2500000000000017E-002
          73   4.2500000000000017E-002
          74   4.2500000000000017E-002
          75   4.2500000000000017E-002
          76   4.2500000000000017E-002
          77   4.2500000000000017E-002
          78   4.2500000000000017E-002
          79   4.2500000000000017E-002
          80   4.2500000000000017E-002
          81   4.2500000000000017E-002
          82   3.9400000000000074E-002
          83   3.9400000000000074E-002
          84   3.9400000000000074E-002
          85   3.9400000000000074E-002
          86   3.9400000000000074E-002
          87   3.9400000000000074E-002
          88   3.9400000000000074E-002
          89   3.9400000000000074E-002
          90   3.9400000000000074E-002
          91   3.3999999999999933E-002
          92   3.1299999999999994E-002
          93   3.1299999999999994E-002
          94   3.1299999999999994E-002
          95   3.1299999999999994E-002
          96   3.1299999999999994E-002
          97   3.1299999999999994E-002
          98   2.9000000000000040E-002
          99   2.9000000000000040E-002
         100   2.9000000000000040E-002
         101   2.9000000000000040E-002
         102   2.9000000000000040E-002
         103   2.9000000000000040E-002
         104   2.9000000000000040E-002
         105   2.9000000000000040E-002
         106   2.6500000000000096E-002
         107   2.6500000000000096E-002
         108   2.6500000000000096E-002
         109   2.6500000000000096E-002
         110   2.6500000000000096E-002
         111   2.6500000000000096E-002
         112   2.6500000000000096E-002
         113   2.4200000000000142E-002
         114   2.4200000000000142E-002
         115   2.4200000000000142E-002
         116   2.4200000000000142E-002
         117   2.4200000000000142E-002
         118   2.4200000000000142E-002
         119   2.4200000000000142E-002
         120   2.4200000000000142E-002
         121   2.4200000000000142E-002
         122   2.4200000000000142E-002
         123   2.4200000000000142E-002
         124   2.4200000000000142E-002
         125   2.4200000000000142E-002
         126   2.4200000000000142E-002
         127   2.4200000000000142E-002
         128   2.4200000000000142E-002
         129   2.4200000000000142E-002
         130   2.4200000000000142E-002
         131   2.4200000000000142E-002
         132   2.4200000000000142E-002
         133   2.4200000000000142E-002
         134   2.4200000000000142E-002
         135   2.4200000000000142E-002
         136   2.4200000000000142E-002
         137   2.4200000000000142E-002
         138   2.4200000000000142E-002
         139   2.4200000000000142E-002
         140   2.4200000000000142E-002
         141   2.4200000000000142E-002
         142   2.4200000000000142E-002
         143   2.4200000000000142E-002
         144   2.4200000000000142E-002
         145   2.4200000000000142E-002
         146   2.4200000000000142E-002
         147   2.4200000000000142E-002
         148   2.4200000000000142E-002
         149   2.4200000000000142E-002
         150   2.4200000000000142E-002
         151   2.4200000000000142E-002
         152   2.4200000000000142E-002
         153   2.4200000000000142E-002
         154   2.4200000000000142E-002
         155   2.4200000000000142E-002
         156   2.4200000000000142E-002
         157   2.4200000000000142E-002
         158   2.4200000000000142E-002
         159   2.4200000000000142E-002
         160   2.4200000000000142E-002
         161   2.4200000000000142E-002
         162   2.4200000000000142E-002
         163   2.4200000000000142E-002
         164   2.4200000000000142E-002
         165   2.4200000000000142E-002
         166   2.4200000000000142E-002
         167   2.4200000000000142E-002
         168   2.4200000000000142E-002
         169   2.4200000000000142E-002
         170   2.4200000000000142E-002
         171   2.4200000000000142E-002
         172   2.4200000000000142E-002
         173   2.4200000000000142E-002
         174   2.4200000000000142E-002
         175   2.4200000000000142E-002
         176   2.4200000000000142E-002
         177   2.4200000000000142E-002
         178   2.4200000000000142E-002
         179   2.4200000000000142E-002
         180   2.4200000000000142E-002
         181   2.4200000000000142E-002
         182   2.4200000000000142E-002
         183   2.4200000000000142E-002
         184   2.4200000000000142E-002
         185   2.4200000000000142E-002
         186   2.4200000000000142E-002
         187   2.4200000000000142E-002
         188   2.4200000000000142E-002
         189   2.4200000000000142E-002
         190   2.4200000000000142E-002
         191   2.4200000000000142E-002
         192   2.4200000000000142E-002
         193   2.4200000000000142E-002
         194   2.4200000000000142E-002
         195   2.4200000000000142E-002
         196   2.4200000000000142E-002
         197   2.4200000000000142E-002
         198   2.4200000000000142E-002
         199   2.4200000000000142E-002
         200   2.4200000000000142E-002
         201   2.4200000000000142E-002
         202   2.4200000000000142E-002
         203   2.4200000000000142E-002
         204   2.4200000000000142E-002
         205   2.4200000000000142E-002
         206   2.4200000000000142E-002
         207   2.4200000000000142E-002
         208   2.4200000000000142E-002
         209   2.4200000000000142E-002
         210   2.4200000000000142E-002
         211   2.4200000000000142E-002
         212   2.4200000000000142E-002
         213   2.4200000000000142E-002
         214   2.4200000000000142E-002
         215   2.4200000000000142E-002
         216   2.4200000000000142E-002
         217   2.4200000000000142E-002
         218   2.4200000000000142E-002
         219   2.4200000000000142E-002
         220   2.4200000000000142E-002
         221   2.4200000000000142E-002
         222   2.4200000000000142E-002
         223   2.4200000000000142E-002
         224   2.4200000000000142E-002
         225   2.4200000000000142E-002
         226   2.4200000000000142E-002
         227   2.4200000000000142E-002
         228   2.4200000000000142E-002
         229   2.4200000000000142E-002
         230   2.4200000000000142E-002
         231   2.4200000000000142E-002
         232   2.4200000000000142E-002
         233   2.4200000000000142E-002
         234   2.4200000000000142E-002
         235   2.4200000000000142E-002
         236   2.4200000000000142E-002
         237   2.4200000000000142E-002
         238   2.4200000000000142E-002
         239   2.4200000000000142E-002
         240   2.4200000000000142E-002
         241   2.4200000000000142E-002
         242   2.4200000000000142E-002
         243   1.6000000000000028E-002
         244   1.6000000000000028E-002
         245   1.6000000000000028E-002
         246   1.6000000000000028E-002
         247   1.4500000000000022E-002
         248   1.4500000000000022E-002
         249   1.4500000000000022E-002
         250   1.4500000000000022E-002
         251   1.4500000000000022E-002
         252   1.4500000000000022E-002
         253   1.4500000000000022E-002
         254   1.4500000000000022E-002
         255   1.4500000000000022E-002
         256   1.4500000000000022E-002
         257   1.4500000000000022E-002
         258   1.4500000000000022E-002
         259   1.4500000000000022E-002
         260   1.4500000000000022E-002
         261   1.4500000000000022E-002
         262   1.4500000000000022E-002
         263   1.4500000000000022E-002
         264   1.4500000000000022E-002
         265   1.4500000000000022E-002
         266   8.9999999999999906E-003
