           1  0.10250000000000017     
           2  0.10250000000000017     
           3  0.10250000000000017     
           4  0.10250000000000017     
           5  0.10250000000000017     
           6  0.10250000000000017     
           7  0.10250000000000017     
           8  0.10250000000000017     
           9  0.10250000000000017     
          10  0.10250000000000017     
          11  0.10250000000000017     
          12  0.10250000000000017     
          13  0.10250000000000017     
          14  0.10250000000000017     
          15  0.10250000000000017     
          16  0.10250000000000017     
          17  0.10250000000000017     
          18  0.10250000000000017     
          19  0.10250000000000017     
          20  0.10250000000000017     
          21  0.10250000000000017     
          22  0.10250000000000017     
          23  0.10250000000000017     
          24  0.10250000000000017     
          25  0.10250000000000017     
          26  0.10250000000000017     
          27  0.10250000000000017     
          28  0.10250000000000017     
          29   3.6900000000000134E-002
          30   2.6500000000000096E-002
          31   2.6500000000000096E-002
          32   2.6500000000000096E-002
          33   2.6500000000000096E-002
          34   2.6500000000000096E-002
          35   2.4100000000000111E-002
          36   2.4100000000000111E-002
          37   2.4100000000000111E-002
          38   2.2100000000000002E-002
          39   2.2100000000000002E-002
          40   2.2100000000000002E-002
          41   2.2100000000000002E-002
          42   2.2100000000000002E-002
          43   2.2100000000000002E-002
          44   2.2100000000000002E-002
          45   2.2100000000000002E-002
          46   2.2100000000000002E-002
          47   2.2100000000000002E-002
          48   2.2100000000000002E-002
          49   2.2100000000000002E-002
          50   2.2100000000000002E-002
          51   2.2100000000000002E-002
          52   2.2100000000000002E-002
          53   2.2100000000000002E-002
          54   2.2100000000000002E-002
          55   2.2100000000000002E-002
          56   2.2100000000000002E-002
          57   2.2100000000000002E-002
          58   2.2100000000000002E-002
          59   1.8500000000000082E-002
          60   1.8500000000000082E-002
          61   1.8500000000000082E-002
          62   1.8500000000000082E-002
          63   1.8500000000000082E-002
          64   1.8500000000000082E-002
          65   1.3700000000000073E-002
          66   1.3700000000000073E-002
          67   1.3700000000000073E-002
          68   1.3700000000000073E-002
          69   1.3700000000000073E-002
          70   1.3700000000000073E-002
          71   1.3700000000000073E-002
          72   1.3700000000000073E-002
          73   1.3700000000000073E-002
          74   1.3700000000000073E-002
          75   1.3700000000000073E-002
          76   1.3700000000000073E-002
          77   1.3700000000000073E-002
          78   1.3700000000000073E-002
          79   1.3700000000000073E-002
          80   1.3700000000000073E-002
          81   1.3700000000000073E-002
          82   1.3700000000000073E-002
          83   1.3700000000000073E-002
          84   1.3700000000000073E-002
          85   1.3700000000000073E-002
          86   1.3700000000000073E-002
          87   1.3000000000000086E-002
          88   1.3000000000000086E-002
          89   1.3000000000000086E-002
          90   1.3000000000000086E-002
          91   1.3000000000000086E-002
          92   1.3000000000000086E-002
          93   1.3000000000000086E-002
          94   1.3000000000000086E-002
          95   1.3000000000000086E-002
          96   1.3000000000000086E-002
          97   1.3000000000000086E-002
          98   1.3000000000000086E-002
          99   1.3000000000000086E-002
         100   1.3000000000000086E-002
         101   1.3000000000000086E-002
         102   1.3000000000000086E-002
         103   1.3000000000000086E-002
         104   1.3000000000000086E-002
         105   1.3000000000000086E-002
         106   1.3000000000000086E-002
         107   1.3000000000000086E-002
         108   1.3000000000000086E-002
         109   1.3000000000000086E-002
         110   1.3000000000000086E-002
         111   1.3000000000000086E-002
         112   1.3000000000000086E-002
         113   1.3000000000000086E-002
         114   1.3000000000000086E-002
         115   1.3000000000000086E-002
         116   1.3000000000000086E-002
         117   1.3000000000000086E-002
         118   1.3000000000000086E-002
         119   1.3000000000000086E-002
         120   1.3000000000000086E-002
         121   1.3000000000000086E-002
         122   1.3000000000000086E-002
         123   1.3000000000000086E-002
         124   1.3000000000000086E-002
         125   1.3000000000000086E-002
         126   1.3000000000000086E-002
         127   1.3000000000000086E-002
         128   1.3000000000000086E-002
         129   1.3000000000000086E-002
         130   1.3000000000000086E-002
         131   1.3000000000000086E-002
         132   1.3000000000000086E-002
         133   1.3000000000000086E-002
         134   1.3000000000000086E-002
         135   1.3000000000000086E-002
         136   1.3000000000000086E-002
         137   1.3000000000000086E-002
         138   1.3000000000000086E-002
         139   1.3000000000000086E-002
         140   1.3000000000000086E-002
         141   1.3000000000000086E-002
         142   1.3000000000000086E-002
         143   1.3000000000000086E-002
         144   1.3000000000000086E-002
         145   1.3000000000000086E-002
         146   1.3000000000000086E-002
         147   1.3000000000000086E-002
         148   1.3000000000000086E-002
         149   1.3000000000000086E-002
         150   1.3000000000000086E-002
         151   1.3000000000000086E-002
         152   1.3000000000000086E-002
         153   1.3000000000000086E-002
         154   1.3000000000000086E-002
         155   1.3000000000000086E-002
         156   1.3000000000000086E-002
         157   1.3000000000000086E-002
         158   1.3000000000000086E-002
         159   1.3000000000000086E-002
         160   1.3000000000000086E-002
         161   1.3000000000000086E-002
         162   1.3000000000000086E-002
         163   1.3000000000000086E-002
         164   1.3000000000000086E-002
         165   1.3000000000000086E-002
         166   1.3000000000000086E-002
         167   1.3000000000000086E-002
         168   1.3000000000000086E-002
         169   1.3000000000000086E-002
         170   1.2200000000000067E-002
         171   1.2200000000000067E-002
         172   1.2200000000000067E-002
         173   1.2200000000000067E-002
         174   1.2200000000000067E-002
         175   1.2200000000000067E-002
         176   1.2200000000000067E-002
         177   1.2200000000000067E-002
         178   1.2200000000000067E-002
         179   1.2200000000000067E-002
         180   1.2200000000000067E-002
         181   1.2200000000000067E-002
         182   1.2200000000000067E-002
         183   1.2200000000000067E-002
         184   1.2200000000000067E-002
         185   1.2200000000000067E-002
         186   1.2200000000000067E-002
         187   1.2200000000000067E-002
         188   1.2200000000000067E-002
         189   1.2200000000000067E-002
         190   1.2200000000000067E-002
         191   1.2200000000000067E-002
         192   1.2200000000000067E-002
         193   1.2200000000000067E-002
         194   1.2200000000000067E-002
         195   1.2200000000000067E-002
         196   1.2200000000000067E-002
         197   1.2200000000000067E-002
         198   1.2200000000000067E-002
         199   1.2200000000000067E-002
         200   1.2200000000000067E-002
         201   1.2200000000000067E-002
         202   1.2200000000000067E-002
         203   1.2200000000000067E-002
         204   1.2200000000000067E-002
         205   1.2200000000000067E-002
         206   1.2200000000000067E-002
         207   1.2200000000000067E-002
         208   1.2200000000000067E-002
         209   1.2200000000000067E-002
         210   1.2200000000000067E-002
         211   1.2200000000000067E-002
         212   1.2200000000000067E-002
         213   1.2200000000000067E-002
         214   1.2200000000000067E-002
         215   1.2200000000000067E-002
         216   1.2200000000000067E-002
         217   1.2200000000000067E-002
         218   1.2200000000000067E-002
         219   1.2200000000000067E-002
         220   1.2200000000000067E-002
         221   1.2200000000000067E-002
         222   1.2200000000000067E-002
         223   1.2200000000000067E-002
         224   1.2200000000000067E-002
         225   1.2200000000000067E-002
         226   1.2200000000000067E-002
         227   1.2200000000000067E-002
         228   1.2200000000000067E-002
         229   1.2200000000000067E-002
         230   1.2200000000000067E-002
         231   1.2200000000000067E-002
         232   1.2200000000000067E-002
         233   1.2200000000000067E-002
         234   1.2200000000000067E-002
         235   1.2200000000000067E-002
         236   1.2200000000000067E-002
         237   1.2200000000000067E-002
         238   2.0000000000000213E-003
