           1  0.78009999999999946     
           2  0.75489999999999924     
           3  0.24249999999999985     
           4  0.24249999999999985     
           5   7.4500000000000066E-002
           6   7.4500000000000066E-002
           7   7.4500000000000066E-002
           8   7.4500000000000066E-002
           9   7.4500000000000066E-002
          10   7.4500000000000066E-002
          11   7.4500000000000066E-002
          12   7.4500000000000066E-002
          13   7.4500000000000066E-002
          14   7.4500000000000066E-002
          15   7.4500000000000066E-002
          16   7.4500000000000066E-002
          17   7.4500000000000066E-002
          18   7.4500000000000066E-002
          19   3.1699999999999978E-002
          20   3.1699999999999978E-002
          21   3.1699999999999978E-002
          22   3.1699999999999978E-002
          23   3.1699999999999978E-002
          24   3.1699999999999978E-002
          25   3.1699999999999978E-002
          26   3.1699999999999978E-002
          27   3.1699999999999978E-002
          28   3.1699999999999978E-002
          29   3.1699999999999978E-002
          30   3.1699999999999978E-002
          31   3.1699999999999978E-002
          32   3.1699999999999978E-002
          33   3.1699999999999978E-002
          34   3.1699999999999978E-002
          35   3.1699999999999978E-002
          36   3.1699999999999978E-002
          37   3.1699999999999978E-002
          38   3.1699999999999978E-002
          39   3.1699999999999978E-002
          40   3.1699999999999978E-002
          41   3.1699999999999978E-002
          42   3.1699999999999978E-002
          43   3.1699999999999978E-002
          44   3.1699999999999978E-002
          45   3.1699999999999978E-002
          46   3.1699999999999978E-002
          47   3.1699999999999978E-002
          48   3.1699999999999978E-002
          49   3.1699999999999978E-002
          50   3.1699999999999978E-002
          51   3.1699999999999978E-002
          52   3.1699999999999978E-002
          53   3.1699999999999978E-002
          54   3.1699999999999978E-002
          55   3.1699999999999978E-002
          56   3.1699999999999978E-002
          57   3.1699999999999978E-002
          58   3.1699999999999978E-002
          59   3.1699999999999978E-002
          60   3.1699999999999978E-002
          61   3.1699999999999978E-002
          62   3.1699999999999978E-002
          63   3.1699999999999978E-002
          64   3.1699999999999978E-002
          65   3.1699999999999978E-002
          66   3.1699999999999978E-002
          67   3.1699999999999978E-002
          68   3.1699999999999978E-002
          69   3.1699999999999978E-002
          70   3.1699999999999978E-002
          71   3.1699999999999978E-002
          72   3.1699999999999978E-002
          73   3.1699999999999978E-002
          74   3.1699999999999978E-002
          75   3.1699999999999978E-002
          76   3.1699999999999978E-002
          77   2.6500000000000096E-002
          78   2.6500000000000096E-002
          79   2.6500000000000096E-002
          80   2.6500000000000096E-002
          81   2.6500000000000096E-002
          82   2.6500000000000096E-002
          83   2.6500000000000096E-002
          84   2.6500000000000096E-002
          85   2.6500000000000096E-002
          86   2.6500000000000096E-002
          87   2.6500000000000096E-002
          88   2.6500000000000096E-002
          89   2.6500000000000096E-002
          90   2.6500000000000096E-002
          91   2.6500000000000096E-002
          92   2.6500000000000096E-002
          93   2.6500000000000096E-002
          94   2.6500000000000096E-002
          95   2.6500000000000096E-002
          96   2.6500000000000096E-002
          97   2.6500000000000096E-002
          98   2.4200000000000142E-002
          99   2.4200000000000142E-002
         100   2.4200000000000142E-002
         101   2.4200000000000142E-002
         102   2.4200000000000142E-002
         103   2.4200000000000142E-002
         104   2.4200000000000142E-002
         105   2.4200000000000142E-002
         106   2.4200000000000142E-002
         107   2.4200000000000142E-002
         108   2.4200000000000142E-002
         109   2.4200000000000142E-002
         110   2.4200000000000142E-002
         111   2.4200000000000142E-002
         112   2.4200000000000142E-002
         113   2.4200000000000142E-002
         114   2.4200000000000142E-002
         115   2.4200000000000142E-002
         116   2.4200000000000142E-002
         117   2.4200000000000142E-002
         118   2.4200000000000142E-002
         119   2.4200000000000142E-002
         120   2.4200000000000142E-002
         121   2.4200000000000142E-002
         122   2.4200000000000142E-002
         123   2.4200000000000142E-002
         124   2.4200000000000142E-002
         125   2.4200000000000142E-002
         126   2.4200000000000142E-002
         127   2.4200000000000142E-002
         128   2.4200000000000142E-002
         129   2.4200000000000142E-002
         130   2.4200000000000142E-002
         131   2.4200000000000142E-002
         132   2.4200000000000142E-002
         133   2.4200000000000142E-002
         134   2.4200000000000142E-002
         135   2.4200000000000142E-002
         136   2.4200000000000142E-002
         137   2.4200000000000142E-002
         138   2.4200000000000142E-002
         139   2.4200000000000142E-002
         140   2.4200000000000142E-002
         141   2.4200000000000142E-002
         142   2.4200000000000142E-002
         143   2.4200000000000142E-002
         144   2.4200000000000142E-002
         145   2.4200000000000142E-002
         146   2.4200000000000142E-002
         147   2.4200000000000142E-002
         148   2.4200000000000142E-002
         149   2.4200000000000142E-002
         150   2.4200000000000142E-002
         151   2.4200000000000142E-002
         152   2.4200000000000142E-002
         153   2.4200000000000142E-002
         154   2.4200000000000142E-002
         155   2.4200000000000142E-002
         156   2.4200000000000142E-002
         157   2.4200000000000142E-002
         158   2.4200000000000142E-002
         159   2.4200000000000142E-002
         160   2.4200000000000142E-002
         161   2.4200000000000142E-002
         162   2.4200000000000142E-002
         163   2.4200000000000142E-002
         164   2.4200000000000142E-002
         165   2.4200000000000142E-002
         166   2.4200000000000142E-002
         167   2.4200000000000142E-002
         168   2.4200000000000142E-002
         169   2.4200000000000142E-002
         170   2.4200000000000142E-002
         171   2.4200000000000142E-002
         172   2.4200000000000142E-002
         173   2.4200000000000142E-002
         174   2.4200000000000142E-002
         175   2.4200000000000142E-002
         176   2.4200000000000142E-002
         177   2.4200000000000142E-002
         178   2.4200000000000142E-002
         179   2.4200000000000142E-002
         180   2.4200000000000142E-002
         181   2.4200000000000142E-002
         182   2.4200000000000142E-002
         183   2.4200000000000142E-002
         184   2.4200000000000142E-002
         185   2.4200000000000142E-002
         186   2.4200000000000142E-002
         187   2.4200000000000142E-002
         188   2.4200000000000142E-002
         189   2.4200000000000142E-002
         190   2.4200000000000142E-002
         191   2.4200000000000142E-002
         192   2.4200000000000142E-002
         193   2.4200000000000142E-002
         194   2.4200000000000142E-002
         195   2.4200000000000142E-002
         196   2.4200000000000142E-002
         197   2.4200000000000142E-002
         198   2.4200000000000142E-002
         199   2.4200000000000142E-002
         200   2.4200000000000142E-002
         201   2.4200000000000142E-002
         202   2.4200000000000142E-002
         203   2.4200000000000142E-002
         204   2.4200000000000142E-002
         205   2.4200000000000142E-002
         206   2.4200000000000142E-002
         207   2.4200000000000142E-002
         208   2.4200000000000142E-002
         209   2.4200000000000142E-002
         210   2.4200000000000142E-002
         211   2.4200000000000142E-002
         212   2.4200000000000142E-002
         213   2.4200000000000142E-002
         214   2.4200000000000142E-002
         215   2.4200000000000142E-002
         216   2.4200000000000142E-002
         217   2.4200000000000142E-002
         218   2.4200000000000142E-002
         219   2.4200000000000142E-002
         220   2.4200000000000142E-002
         221   2.4200000000000142E-002
         222   2.4200000000000142E-002
         223   2.4200000000000142E-002
         224   2.4200000000000142E-002
         225   2.4200000000000142E-002
         226   2.4200000000000142E-002
         227   2.4200000000000142E-002
         228   2.4200000000000142E-002
         229   2.4200000000000142E-002
         230   2.4200000000000142E-002
         231   2.4200000000000142E-002
         232   2.4200000000000142E-002
         233   2.4200000000000142E-002
         234   2.4200000000000142E-002
         235   2.4200000000000142E-002
         236   2.4200000000000142E-002
         237   2.4200000000000142E-002
         238   2.4200000000000142E-002
         239   2.4200000000000142E-002
         240   2.4200000000000142E-002
         241   2.4200000000000142E-002
         242   2.4200000000000142E-002
         243   2.4200000000000142E-002
         244   2.4200000000000142E-002
         245   2.4200000000000142E-002
         246   2.4200000000000142E-002
         247   2.4200000000000142E-002
         248   2.4200000000000142E-002
         249   2.4200000000000142E-002
         250   2.4200000000000142E-002
         251   2.4200000000000142E-002
         252   2.4200000000000142E-002
         253   2.4200000000000142E-002
         254   2.4200000000000142E-002
         255   2.4200000000000142E-002
         256   2.4200000000000142E-002
         257   2.4200000000000142E-002
         258   2.4200000000000142E-002
         259   2.4200000000000142E-002
         260   2.4200000000000142E-002
         261   2.4200000000000142E-002
         262   2.4200000000000142E-002
         263   2.4200000000000142E-002
         264   2.4200000000000142E-002
         265   2.4200000000000142E-002
         266   2.4200000000000142E-002
         267   2.4200000000000142E-002
         268   2.4200000000000142E-002
         269   2.4200000000000142E-002
         270   2.4200000000000142E-002
         271   2.4200000000000142E-002
         272   2.4200000000000142E-002
         273   2.4200000000000142E-002
         274   2.4200000000000142E-002
         275   2.4200000000000142E-002
         276   2.4200000000000142E-002
         277   2.4200000000000142E-002
         278   2.4200000000000142E-002
         279   2.4200000000000142E-002
         280   2.4200000000000142E-002
         281   2.4200000000000142E-002
         282   2.4200000000000142E-002
         283   2.4200000000000142E-002
         284   2.4200000000000142E-002
         285   2.4200000000000142E-002
         286   2.4200000000000142E-002
         287   2.4200000000000142E-002
         288   2.4200000000000142E-002
         289   2.4200000000000142E-002
         290   2.4200000000000142E-002
         291   2.4200000000000142E-002
         292   2.4200000000000142E-002
         293   2.4200000000000142E-002
         294   2.4200000000000142E-002
         295   2.4200000000000142E-002
         296   2.4200000000000142E-002
         297   2.4200000000000142E-002
         298   2.4200000000000142E-002
         299   2.4200000000000142E-002
         300   2.4200000000000142E-002
         301   2.4200000000000142E-002
         302   2.4200000000000142E-002
         303   2.4200000000000142E-002
         304   2.4200000000000142E-002
         305   2.4200000000000142E-002
         306   2.4200000000000142E-002
         307   2.4200000000000142E-002
         308   2.4200000000000142E-002
         309   2.4200000000000142E-002
         310   2.4200000000000142E-002
         311   2.4200000000000142E-002
         312   2.4200000000000142E-002
         313   2.4200000000000142E-002
         314   2.4200000000000142E-002
         315   2.4200000000000142E-002
         316   2.4200000000000142E-002
         317   2.4200000000000142E-002
         318   2.4200000000000142E-002
         319   2.4200000000000142E-002
         320   2.4200000000000142E-002
         321   2.4200000000000142E-002
         322   2.4200000000000142E-002
         323   2.4200000000000142E-002
         324   2.4200000000000142E-002
         325   2.4200000000000142E-002
         326   2.4200000000000142E-002
         327   2.4200000000000142E-002
         328   2.4200000000000142E-002
         329   2.4200000000000142E-002
         330   2.4200000000000142E-002
         331   2.4200000000000142E-002
         332   2.4200000000000142E-002
         333   2.4200000000000142E-002
         334   2.4200000000000142E-002
         335   2.4200000000000142E-002
         336   2.4200000000000142E-002
         337   2.4200000000000142E-002
         338   2.4200000000000142E-002
         339   2.4200000000000142E-002
         340   2.4200000000000142E-002
         341   2.4200000000000142E-002
         342   2.4200000000000142E-002
         343   2.4200000000000142E-002
         344   2.4200000000000142E-002
         345   2.4200000000000142E-002
         346   2.4200000000000142E-002
         347   2.4200000000000142E-002
         348   2.4200000000000142E-002
         349   2.4200000000000142E-002
         350   2.4200000000000142E-002
         351   2.4200000000000142E-002
         352   2.4200000000000142E-002
         353   2.4200000000000142E-002
         354   2.4200000000000142E-002
         355   2.4200000000000142E-002
         356   2.4200000000000142E-002
         357   2.4200000000000142E-002
         358   2.4200000000000142E-002
         359   2.4200000000000142E-002
         360   2.4200000000000142E-002
         361   2.4200000000000142E-002
         362   2.4200000000000142E-002
         363   2.4200000000000142E-002
         364   2.4200000000000142E-002
         365   2.4200000000000142E-002
         366   2.4200000000000142E-002
         367   2.4200000000000142E-002
         368   2.4200000000000142E-002
         369   2.4200000000000142E-002
         370   2.4200000000000142E-002
         371   2.4200000000000142E-002
         372   2.4200000000000142E-002
         373   1.5700000000000131E-002
         374   1.5700000000000131E-002
         375   1.5700000000000131E-002
         376   1.5700000000000131E-002
         377   1.5700000000000131E-002
         378   1.5700000000000131E-002
         379   1.5700000000000131E-002
         380   1.5700000000000131E-002
         381   1.5700000000000131E-002
         382   1.5700000000000131E-002
         383   1.5700000000000131E-002
         384   1.5700000000000131E-002
         385   1.5700000000000131E-002
         386   1.5700000000000131E-002
         387   1.5700000000000131E-002
         388   1.5700000000000131E-002
         389   1.5700000000000131E-002
         390   1.5700000000000131E-002
         391   1.5700000000000131E-002
         392   1.5700000000000131E-002
         393   1.5700000000000131E-002
         394   1.5700000000000131E-002
         395   1.5700000000000131E-002
         396   1.5700000000000131E-002
         397   1.5700000000000131E-002
         398   1.5700000000000131E-002
         399   1.5700000000000131E-002
         400   1.5700000000000131E-002
         401   1.5700000000000131E-002
         402   1.5700000000000131E-002
         403   1.5700000000000131E-002
         404   1.5700000000000131E-002
         405   1.5700000000000131E-002
         406   1.5700000000000131E-002
         407   1.5700000000000131E-002
         408   1.5700000000000131E-002
         409   1.5700000000000131E-002
         410   1.5700000000000131E-002
         411   1.5700000000000131E-002
         412   1.5700000000000131E-002
         413   1.5700000000000131E-002
         414   1.5700000000000131E-002
         415   1.5700000000000131E-002
         416   1.5700000000000131E-002
         417   1.5700000000000131E-002
         418   1.5700000000000131E-002
         419   1.5700000000000131E-002
         420   1.5700000000000131E-002
         421   1.5700000000000131E-002
         422   1.5700000000000131E-002
         423   1.5700000000000131E-002
         424   1.5700000000000131E-002
         425   1.5700000000000131E-002
         426   1.5700000000000131E-002
         427   1.5700000000000131E-002
         428   1.5700000000000131E-002
         429   1.5700000000000131E-002
         430   1.5700000000000131E-002
         431   1.5700000000000131E-002
         432   1.5700000000000131E-002
         433   1.5700000000000131E-002
         434   1.5700000000000131E-002
         435   1.5700000000000131E-002
         436   1.5700000000000131E-002
         437   1.5700000000000131E-002
         438   1.5700000000000131E-002
         439   1.5700000000000131E-002
         440   1.5700000000000131E-002
         441   1.5700000000000131E-002
         442   1.5700000000000131E-002
         443   1.5700000000000131E-002
         444   1.5700000000000131E-002
         445   1.5700000000000131E-002
         446   1.5700000000000131E-002
         447   1.5700000000000131E-002
         448   1.5700000000000131E-002
         449   1.5700000000000131E-002
         450   1.5700000000000131E-002
         451   1.5700000000000131E-002
         452   1.5700000000000131E-002
         453   1.5700000000000131E-002
         454   1.5700000000000131E-002
         455   1.5700000000000131E-002
         456   1.5700000000000131E-002
         457   1.5700000000000131E-002
         458   1.5700000000000131E-002
         459   1.5700000000000131E-002
         460   1.5700000000000131E-002
         461   1.5700000000000131E-002
         462   1.5700000000000131E-002
         463   1.5700000000000131E-002
         464   1.5700000000000131E-002
         465   1.5700000000000131E-002
         466   1.5700000000000131E-002
         467   1.5700000000000131E-002
         468   1.5700000000000131E-002
         469   1.5700000000000131E-002
         470   1.5700000000000131E-002
         471   1.5700000000000131E-002
         472   1.5700000000000131E-002
         473   1.5700000000000131E-002
         474   1.5700000000000131E-002
         475   1.5700000000000131E-002
         476   1.5700000000000131E-002
         477   1.5700000000000131E-002
         478   1.5700000000000131E-002
         479   1.5700000000000131E-002
         480   1.5700000000000131E-002
         481   1.5700000000000131E-002
         482   1.5700000000000131E-002
         483   1.5700000000000131E-002
         484   1.5700000000000131E-002
         485   1.5700000000000131E-002
         486   1.5700000000000131E-002
         487   1.5700000000000131E-002
         488   1.5700000000000131E-002
         489   1.5700000000000131E-002
         490   1.5700000000000131E-002
         491   1.5700000000000131E-002
         492   1.5700000000000131E-002
         493   1.5700000000000131E-002
         494   1.5700000000000131E-002
         495   1.5700000000000131E-002
         496   1.5700000000000131E-002
         497   1.5700000000000131E-002
         498   1.5700000000000131E-002
         499   1.5700000000000131E-002
         500   1.5700000000000131E-002
         501   1.5700000000000131E-002
         502   1.5700000000000131E-002
         503   1.5700000000000131E-002
         504   1.5700000000000131E-002
         505   1.5700000000000131E-002
         506   1.5700000000000131E-002
         507   1.5700000000000131E-002
         508   1.5700000000000131E-002
         509   1.5700000000000131E-002
         510   1.5700000000000131E-002
         511   1.5700000000000131E-002
         512   1.5700000000000131E-002
         513   1.5700000000000131E-002
         514   1.5700000000000131E-002
         515   1.5700000000000131E-002
         516   1.5700000000000131E-002
         517   1.5700000000000131E-002
         518   1.5700000000000131E-002
         519   1.5700000000000131E-002
         520   1.5700000000000131E-002
         521   1.5700000000000131E-002
         522   1.5700000000000131E-002
         523   1.5700000000000131E-002
         524   1.5700000000000131E-002
         525   1.5700000000000131E-002
         526   1.5700000000000131E-002
         527   1.5700000000000131E-002
         528   1.5700000000000131E-002
         529   1.5700000000000131E-002
         530   1.5700000000000131E-002
         531   1.5700000000000131E-002
         532   1.5700000000000131E-002
         533   1.5700000000000131E-002
         534   1.5700000000000131E-002
         535   1.5700000000000131E-002
         536   9.8000000000000795E-003
