           1  0.15529999999999997     
           2  0.14900000000000010     
           3  0.14900000000000010     
           4  0.14900000000000010     
           5  0.14900000000000010     
           6   7.7200000000000019E-002
           7   7.7200000000000019E-002
           8   7.7200000000000019E-002
           9   7.7200000000000019E-002
          10   7.2000000000000133E-002
          11   7.2000000000000133E-002
          12   6.9700000000000178E-002
          13   6.9700000000000178E-002
          14   6.9700000000000178E-002
          15   6.9700000000000178E-002
          16   6.9700000000000178E-002
          17   6.9700000000000178E-002
          18   6.9700000000000178E-002
          19   6.9700000000000178E-002
          20   6.9700000000000178E-002
          21   6.9700000000000178E-002
          22   6.9700000000000178E-002
          23   6.9700000000000178E-002
          24   6.9700000000000178E-002
          25   6.9700000000000178E-002
          26   4.4499999999999970E-002
          27   4.4499999999999970E-002
          28   3.8799999999999911E-002
          29   3.8799999999999911E-002
          30   3.8799999999999911E-002
          31   3.8799999999999911E-002
          32   2.2499999999999999E-002
          33   2.2499999999999999E-002
          34   2.2499999999999999E-002
          35   2.2499999999999999E-002
          36   2.2499999999999999E-002
          37   2.2499999999999999E-002
          38   1.9999999999999893E-002
          39   1.9999999999999893E-002
          40   1.9999999999999893E-002
          41   1.9999999999999893E-002
          42   1.9999999999999893E-002
          43   1.9999999999999893E-002
          44   1.9999999999999893E-002
          45   1.9999999999999893E-002
          46   1.9999999999999893E-002
          47   1.9999999999999893E-002
          48   1.9999999999999893E-002
          49   1.9999999999999893E-002
          50   1.9999999999999893E-002
          51   1.9999999999999893E-002
          52   1.9999999999999893E-002
          53   1.9999999999999893E-002
          54   1.9999999999999893E-002
          55   1.9999999999999893E-002
          56   1.9999999999999893E-002
          57   1.9999999999999893E-002
          58   1.9999999999999893E-002
          59   1.9999999999999893E-002
          60   1.9999999999999893E-002
          61   1.9999999999999893E-002
          62   1.9999999999999893E-002
          63   1.9999999999999893E-002
          64   1.9999999999999893E-002
          65   1.9999999999999893E-002
          66   1.9999999999999893E-002
          67   1.9999999999999893E-002
          68   1.9999999999999893E-002
          69   1.9999999999999893E-002
          70   1.9999999999999893E-002
          71   1.9999999999999893E-002
          72   1.9999999999999893E-002
          73   1.9999999999999893E-002
          74   1.9999999999999893E-002
          75   1.9999999999999893E-002
          76   1.9999999999999893E-002
          77   1.9999999999999893E-002
          78   1.9999999999999893E-002
          79   1.9999999999999893E-002
          80   1.9999999999999893E-002
          81   1.9999999999999893E-002
          82   1.9999999999999893E-002
          83   1.9999999999999893E-002
          84   1.9999999999999893E-002
          85   1.9999999999999893E-002
          86   1.9999999999999893E-002
          87   1.9999999999999893E-002
          88   1.9999999999999893E-002
          89   1.9999999999999893E-002
          90   1.9999999999999893E-002
          91   1.9999999999999893E-002
          92   1.9999999999999893E-002
          93   1.9999999999999893E-002
          94   1.9999999999999893E-002
          95   1.9999999999999893E-002
          96   1.9999999999999893E-002
          97   1.9999999999999893E-002
          98   1.9999999999999893E-002
          99   1.9999999999999893E-002
         100   1.9999999999999893E-002
         101   1.9999999999999893E-002
         102   1.9999999999999893E-002
         103   1.9999999999999893E-002
         104   1.9999999999999893E-002
         105   1.9999999999999893E-002
         106   1.9999999999999893E-002
         107   1.9999999999999893E-002
         108   1.9999999999999893E-002
         109   1.9999999999999893E-002
         110   1.9999999999999893E-002
         111   1.9999999999999893E-002
         112   1.9999999999999893E-002
         113   1.9999999999999893E-002
         114   1.7000000000000112E-002
         115   1.7000000000000112E-002
         116   1.7000000000000112E-002
         117   1.7000000000000112E-002
         118   1.7000000000000112E-002
         119   1.7000000000000112E-002
         120   1.7000000000000112E-002
         121   1.7000000000000112E-002
         122   1.7000000000000112E-002
         123   1.7000000000000112E-002
         124   1.7000000000000112E-002
         125   1.7000000000000112E-002
         126   1.7000000000000112E-002
         127   1.7000000000000112E-002
         128   1.7000000000000112E-002
         129   1.7000000000000112E-002
         130   1.7000000000000112E-002
         131   1.7000000000000112E-002
         132   1.7000000000000112E-002
         133   1.7000000000000112E-002
         134   1.7000000000000112E-002
         135   1.7000000000000112E-002
         136   1.7000000000000112E-002
         137   1.7000000000000112E-002
         138   1.7000000000000112E-002
         139   1.7000000000000112E-002
         140   1.7000000000000112E-002
         141   1.7000000000000112E-002
         142   1.7000000000000112E-002
         143   1.7000000000000112E-002
         144   1.7000000000000112E-002
         145   1.7000000000000112E-002
         146   1.7000000000000112E-002
         147   1.7000000000000112E-002
         148   1.7000000000000112E-002
         149   1.7000000000000112E-002
         150   1.7000000000000112E-002
         151   1.7000000000000112E-002
         152   1.7000000000000112E-002
         153   1.7000000000000112E-002
         154   1.7000000000000112E-002
         155   1.7000000000000112E-002
         156   1.7000000000000112E-002
         157   1.7000000000000112E-002
         158   1.7000000000000112E-002
         159   1.7000000000000112E-002
         160   1.7000000000000112E-002
         161   1.7000000000000112E-002
         162   1.7000000000000112E-002
         163   1.7000000000000112E-002
         164   1.7000000000000112E-002
         165   1.7000000000000112E-002
         166   1.7000000000000112E-002
         167   1.7000000000000112E-002
         168   1.7000000000000112E-002
         169   1.7000000000000112E-002
         170   1.7000000000000112E-002
         171   1.7000000000000112E-002
         172   1.7000000000000112E-002
         173   1.7000000000000112E-002
         174   1.7000000000000112E-002
         175   1.7000000000000112E-002
         176   1.7000000000000112E-002
         177   1.7000000000000112E-002
         178   1.7000000000000112E-002
         179   1.7000000000000112E-002
         180   1.7000000000000112E-002
         181   1.7000000000000112E-002
         182   1.7000000000000112E-002
         183   1.7000000000000112E-002
         184   1.7000000000000112E-002
         185   1.7000000000000112E-002
         186   1.7000000000000112E-002
         187   1.7000000000000112E-002
         188   1.7000000000000112E-002
         189   1.5700000000000023E-002
         190   1.5700000000000023E-002
         191   1.5700000000000023E-002
         192   1.5700000000000023E-002
         193   1.5700000000000023E-002
         194   1.5700000000000023E-002
         195   1.5700000000000023E-002
         196   1.5700000000000023E-002
         197   1.5700000000000023E-002
         198   1.5700000000000023E-002
         199   1.5700000000000023E-002
         200   5.3000000000000581E-003
