           1   1.3525000000000014     
           2   1.3525000000000014     
           3   1.3525000000000014     
           4  0.92359999999999909     
           5  0.92359999999999909     
           6  0.92359999999999909     
           7  0.92359999999999909     
           8  0.74559999999999982     
           9  0.74169999999999991     
          10  0.74169999999999991     
          11  0.58500000000000063     
          12  0.14890000000000012     
          13  0.14890000000000012     
          14  0.14890000000000012     
          15  0.14890000000000012     
          16   8.0200000000000132E-002
          17   8.0200000000000132E-002
          18   8.0200000000000132E-002
          19   5.3000000000000116E-002
          20   5.3000000000000116E-002
          21   5.3000000000000116E-002
          22   5.3000000000000116E-002
          23   5.3000000000000116E-002
          24   5.3000000000000116E-002
          25   5.3000000000000116E-002
          26   5.3000000000000116E-002
          27   5.3000000000000116E-002
          28   5.3000000000000116E-002
          29   5.3000000000000116E-002
          30   5.3000000000000116E-002
          31   5.3000000000000116E-002
          32   5.3000000000000116E-002
          33   4.8200000000000215E-002
          34   3.3799999999999941E-002
          35   3.3799999999999941E-002
          36   3.3799999999999941E-002
          37   3.3799999999999941E-002
          38   2.4200000000000142E-002
          39   2.4200000000000142E-002
          40   2.4200000000000142E-002
          41   2.4200000000000142E-002
          42   2.4200000000000142E-002
          43   2.4200000000000142E-002
          44   2.4200000000000142E-002
          45   2.4200000000000142E-002
          46   2.4200000000000142E-002
          47   2.4200000000000142E-002
          48   2.4200000000000142E-002
          49   2.4200000000000142E-002
          50   2.4200000000000142E-002
          51   2.4200000000000142E-002
          52   2.4200000000000142E-002
          53   2.4200000000000142E-002
          54   2.4200000000000142E-002
          55   2.4200000000000142E-002
          56   2.4200000000000142E-002
          57   2.4200000000000142E-002
          58   2.4200000000000142E-002
          59   2.4200000000000142E-002
          60   2.4200000000000142E-002
          61   2.4200000000000142E-002
          62   2.4200000000000142E-002
          63   2.4200000000000142E-002
          64   2.4200000000000142E-002
          65   2.4200000000000142E-002
          66   2.4200000000000142E-002
          67   2.4200000000000142E-002
          68   2.4200000000000142E-002
          69   2.4200000000000142E-002
          70   2.4200000000000142E-002
          71   2.4200000000000142E-002
          72   2.4200000000000142E-002
          73   2.4200000000000142E-002
          74   2.4200000000000142E-002
          75   2.4200000000000142E-002
          76   2.4200000000000142E-002
          77   2.4200000000000142E-002
          78   2.4200000000000142E-002
          79   2.4200000000000142E-002
          80   2.4200000000000142E-002
          81   2.4200000000000142E-002
          82   2.4200000000000142E-002
          83   2.4200000000000142E-002
          84   2.4200000000000142E-002
          85   2.4200000000000142E-002
          86   2.4200000000000142E-002
          87   2.2099999999999891E-002
          88   2.2099999999999891E-002
          89   2.2099999999999891E-002
          90   2.2099999999999891E-002
          91   2.2099999999999891E-002
          92   2.2099999999999891E-002
          93   2.2099999999999891E-002
          94   2.2099999999999891E-002
          95   2.2099999999999891E-002
          96   2.2099999999999891E-002
          97   2.2099999999999891E-002
          98   2.2099999999999891E-002
          99   2.2099999999999891E-002
         100   2.2099999999999891E-002
         101   2.2099999999999891E-002
         102   2.2099999999999891E-002
         103   2.2099999999999891E-002
         104   2.2099999999999891E-002
         105   2.2099999999999891E-002
         106   2.2099999999999891E-002
         107   2.2099999999999891E-002
         108   2.2099999999999891E-002
         109   2.2099999999999891E-002
         110   2.2099999999999891E-002
         111   2.2099999999999891E-002
         112   2.2099999999999891E-002
         113   2.2099999999999891E-002
         114   2.2099999999999891E-002
         115   2.2099999999999891E-002
         116   2.2099999999999891E-002
         117   2.2099999999999891E-002
         118   2.2099999999999891E-002
         119   2.2099999999999891E-002
         120   2.2099999999999891E-002
         121   2.2099999999999891E-002
         122   2.2099999999999891E-002
         123   2.2099999999999891E-002
         124   2.2099999999999891E-002
         125   2.2099999999999891E-002
         126   2.2099999999999891E-002
         127   2.2099999999999891E-002
         128   2.2099999999999891E-002
         129   2.2099999999999891E-002
         130   2.2099999999999891E-002
         131   2.2099999999999891E-002
         132   2.2099999999999891E-002
         133   2.2099999999999891E-002
         134   2.2099999999999891E-002
         135   2.2099999999999891E-002
         136   2.2099999999999891E-002
         137   2.2099999999999891E-002
         138   2.2099999999999891E-002
         139   2.2099999999999891E-002
         140   2.2099999999999891E-002
         141   2.2099999999999891E-002
         142   2.2099999999999891E-002
         143   2.2099999999999891E-002
         144   2.2099999999999891E-002
         145   2.2099999999999891E-002
         146   2.2099999999999891E-002
         147   2.2099999999999891E-002
         148   2.2099999999999891E-002
         149   2.2099999999999891E-002
         150   2.2099999999999891E-002
         151   2.2099999999999891E-002
         152   2.2099999999999891E-002
         153   2.2099999999999891E-002
         154   2.2099999999999891E-002
         155   2.2099999999999891E-002
         156   2.2099999999999891E-002
         157   2.2099999999999891E-002
         158   2.2099999999999891E-002
         159   2.2099999999999891E-002
         160   2.2099999999999891E-002
         161   2.2099999999999891E-002
         162   2.2099999999999891E-002
         163   2.2099999999999891E-002
         164   2.2099999999999891E-002
         165   2.2099999999999891E-002
         166   2.2099999999999891E-002
         167   2.2099999999999891E-002
         168   2.2099999999999891E-002
         169   2.2099999999999891E-002
         170   2.2099999999999891E-002
         171   2.2099999999999891E-002
         172   2.2099999999999891E-002
         173   2.2099999999999891E-002
         174   2.2099999999999891E-002
         175   2.2099999999999891E-002
         176   2.2099999999999891E-002
         177   2.2099999999999891E-002
         178   2.2099999999999891E-002
         179   2.2099999999999891E-002
         180   2.2099999999999891E-002
         181   2.2099999999999891E-002
         182   2.2099999999999891E-002
         183   2.2099999999999891E-002
         184   2.2099999999999891E-002
         185   2.2099999999999891E-002
         186   2.2099999999999891E-002
         187   2.2099999999999891E-002
         188   2.2099999999999891E-002
         189   2.2099999999999891E-002
         190   2.2099999999999891E-002
         191   2.2099999999999891E-002
         192   2.2099999999999891E-002
         193   2.2099999999999891E-002
         194   2.2099999999999891E-002
         195   2.2099999999999891E-002
         196   2.2099999999999891E-002
         197   2.2099999999999891E-002
         198   2.2099999999999891E-002
         199   2.2099999999999891E-002
         200   2.2099999999999891E-002
         201   2.2099999999999891E-002
         202   2.2099999999999891E-002
         203   2.2099999999999891E-002
         204   2.2099999999999891E-002
         205   2.2099999999999891E-002
         206   2.2099999999999891E-002
         207   2.2099999999999891E-002
         208   2.2099999999999891E-002
         209   2.2099999999999891E-002
         210   2.2099999999999891E-002
         211   2.2099999999999891E-002
         212   2.2099999999999891E-002
         213   2.2099999999999891E-002
         214   2.2099999999999891E-002
         215   2.2099999999999891E-002
         216   2.2099999999999891E-002
         217   2.2099999999999891E-002
         218   2.2099999999999891E-002
         219   2.2099999999999891E-002
         220   2.2099999999999891E-002
         221   2.2099999999999891E-002
         222   2.2099999999999891E-002
         223   2.2099999999999891E-002
         224   2.2099999999999891E-002
         225   2.2099999999999891E-002
         226   2.2099999999999891E-002
         227   2.2099999999999891E-002
         228   2.2099999999999891E-002
         229   2.2099999999999891E-002
         230   2.2099999999999891E-002
         231   2.2099999999999891E-002
         232   2.2099999999999891E-002
         233   2.2099999999999891E-002
         234   2.2099999999999891E-002
         235   2.2099999999999891E-002
         236   2.2099999999999891E-002
         237   2.2099999999999891E-002
         238   2.2099999999999891E-002
         239   2.2099999999999891E-002
         240   2.2099999999999891E-002
         241   2.2099999999999891E-002
         242   2.2099999999999891E-002
         243   2.2099999999999891E-002
         244   2.2099999999999891E-002
         245   2.2099999999999891E-002
         246   2.2099999999999891E-002
         247   2.2099999999999891E-002
         248   2.2099999999999891E-002
         249   2.2099999999999891E-002
         250   2.2099999999999891E-002
         251   2.2099999999999891E-002
         252   2.2099999999999891E-002
         253   2.2099999999999891E-002
         254   2.2099999999999891E-002
         255   2.2099999999999891E-002
         256   2.2099999999999891E-002
         257   2.2099999999999891E-002
         258   2.2099999999999891E-002
         259   2.2099999999999891E-002
         260   2.2099999999999891E-002
         261   2.2099999999999891E-002
         262   2.2099999999999891E-002
         263   2.2099999999999891E-002
         264   2.2099999999999891E-002
         265   2.2099999999999891E-002
         266   2.2099999999999891E-002
         267   2.2099999999999891E-002
         268   2.2099999999999891E-002
         269   2.2099999999999891E-002
         270   2.2099999999999891E-002
         271   2.2099999999999891E-002
         272   2.2099999999999891E-002
         273   2.2099999999999891E-002
         274   2.2099999999999891E-002
         275   2.2099999999999891E-002
         276   2.2099999999999891E-002
         277   2.2099999999999891E-002
         278   2.2099999999999891E-002
         279   2.2099999999999891E-002
         280   2.2099999999999891E-002
         281   2.2099999999999891E-002
         282   2.2099999999999891E-002
         283   2.2099999999999891E-002
         284   2.2099999999999891E-002
         285   2.2099999999999891E-002
         286   2.2099999999999891E-002
         287   2.2099999999999891E-002
         288   2.2099999999999891E-002
         289   2.2099999999999891E-002
         290   2.2099999999999891E-002
         291   2.2099999999999891E-002
         292   2.2099999999999891E-002
         293   2.2099999999999891E-002
         294   2.2099999999999891E-002
         295   2.2099999999999891E-002
         296   2.2099999999999891E-002
         297   2.2099999999999891E-002
         298   2.2099999999999891E-002
         299   2.2099999999999891E-002
         300   2.2099999999999891E-002
         301   2.2099999999999891E-002
         302   2.2099999999999891E-002
         303   2.2099999999999891E-002
         304   2.2099999999999891E-002
         305   2.2099999999999891E-002
         306   2.2099999999999891E-002
         307   2.2099999999999891E-002
         308   2.2099999999999891E-002
         309   2.2099999999999891E-002
         310   2.2099999999999891E-002
         311   2.2099999999999891E-002
         312   2.2099999999999891E-002
         313   2.2099999999999891E-002
         314   2.2099999999999891E-002
         315   2.2099999999999891E-002
         316   2.2099999999999891E-002
         317   2.2099999999999891E-002
         318   2.2099999999999891E-002
         319   2.2099999999999891E-002
         320   2.2099999999999891E-002
         321   2.2099999999999891E-002
         322   2.2099999999999891E-002
         323   2.2099999999999891E-002
         324   2.2099999999999891E-002
         325   2.2099999999999891E-002
         326   2.2099999999999891E-002
         327   2.2099999999999891E-002
         328   2.2099999999999891E-002
         329   2.2099999999999891E-002
         330   2.2099999999999891E-002
         331   2.2099999999999891E-002
         332   2.2099999999999891E-002
         333   2.2099999999999891E-002
         334   2.2099999999999891E-002
         335   2.2099999999999891E-002
         336   2.2099999999999891E-002
         337   2.2099999999999891E-002
         338   2.2099999999999891E-002
         339   2.2099999999999891E-002
         340   2.2099999999999891E-002
         341   2.2099999999999891E-002
         342   2.2099999999999891E-002
         343   2.2099999999999891E-002
         344   2.2099999999999891E-002
         345   2.2099999999999891E-002
         346   2.2099999999999891E-002
         347   2.2099999999999891E-002
         348   2.2099999999999891E-002
         349   2.2099999999999891E-002
         350   2.2099999999999891E-002
         351   2.2099999999999891E-002
         352   2.2099999999999891E-002
         353   2.2099999999999891E-002
         354   2.2099999999999891E-002
         355   2.2099999999999891E-002
         356   2.2099999999999891E-002
         357   2.2099999999999891E-002
         358   2.2099999999999891E-002
         359   2.2099999999999891E-002
         360   2.2099999999999891E-002
         361   2.2099999999999891E-002
         362   2.2099999999999891E-002
         363   2.2099999999999891E-002
         364   2.2099999999999891E-002
         365   2.2099999999999891E-002
         366   2.2099999999999891E-002
         367   2.2099999999999891E-002
         368   2.2099999999999891E-002
         369   2.2099999999999891E-002
         370   2.2099999999999891E-002
         371   2.2099999999999891E-002
         372   2.2099999999999891E-002
         373   2.2099999999999891E-002
         374   2.2099999999999891E-002
         375   2.2099999999999891E-002
         376   2.2099999999999891E-002
         377   2.2099999999999891E-002
         378   2.2099999999999891E-002
         379   2.2099999999999891E-002
         380   2.2099999999999891E-002
         381   2.2099999999999891E-002
         382   2.2099999999999891E-002
         383   2.2099999999999891E-002
         384   2.2099999999999891E-002
         385   2.2099999999999891E-002
         386   2.2099999999999891E-002
         387   2.2099999999999891E-002
         388   2.2099999999999891E-002
         389   2.2099999999999891E-002
         390   2.2099999999999891E-002
         391   2.2099999999999891E-002
         392   2.2099999999999891E-002
         393   2.2099999999999891E-002
         394   2.2099999999999891E-002
         395   2.2099999999999891E-002
         396   2.2099999999999891E-002
         397   2.2099999999999891E-002
         398   2.2099999999999891E-002
         399   2.2099999999999891E-002
         400   2.2099999999999891E-002
         401   2.2099999999999891E-002
         402   2.2099999999999891E-002
         403   2.2099999999999891E-002
         404   2.2099999999999891E-002
         405   2.2099999999999891E-002
         406   2.2099999999999891E-002
         407   2.2099999999999891E-002
         408   2.2099999999999891E-002
         409   2.2099999999999891E-002
         410   2.2099999999999891E-002
         411   2.2099999999999891E-002
         412   2.2099999999999891E-002
         413   2.2099999999999891E-002
         414   2.2099999999999891E-002
         415   2.2099999999999891E-002
         416   2.2099999999999891E-002
         417   2.2099999999999891E-002
         418   2.2099999999999891E-002
         419   2.2099999999999891E-002
         420   2.2099999999999891E-002
         421   2.2099999999999891E-002
         422   2.2099999999999891E-002
         423   2.2099999999999891E-002
         424   2.2099999999999891E-002
         425   2.2099999999999891E-002
         426   2.2099999999999891E-002
         427   2.2099999999999891E-002
         428   2.2099999999999891E-002
         429   2.2099999999999891E-002
         430   2.2099999999999891E-002
         431   2.2099999999999891E-002
         432   2.2099999999999891E-002
         433   2.2099999999999891E-002
         434   2.2099999999999891E-002
         435   2.2099999999999891E-002
         436   2.2099999999999891E-002
         437   2.2099999999999891E-002
         438   2.2099999999999891E-002
         439   2.2099999999999891E-002
         440   2.2099999999999891E-002
         441   2.2099999999999891E-002
         442   2.2099999999999891E-002
         443   2.2099999999999891E-002
         444   2.2099999999999891E-002
         445   2.2099999999999891E-002
         446   2.2099999999999891E-002
         447   2.2099999999999891E-002
         448   2.2099999999999891E-002
         449   2.2099999999999891E-002
         450   2.2099999999999891E-002
         451   2.2099999999999891E-002
         452   2.2099999999999891E-002
         453   2.2099999999999891E-002
         454   2.2099999999999891E-002
         455   2.2099999999999891E-002
         456   2.2099999999999891E-002
         457   2.2099999999999891E-002
         458   2.2099999999999891E-002
         459   2.2099999999999891E-002
         460   2.2099999999999891E-002
         461   2.2099999999999891E-002
         462   2.2099999999999891E-002
         463   2.2099999999999891E-002
         464   2.2099999999999891E-002
         465   2.2099999999999891E-002
         466   2.2099999999999891E-002
         467   2.2099999999999891E-002
         468   2.2099999999999891E-002
         469   2.2099999999999891E-002
         470   2.2099999999999891E-002
         471   2.2099999999999891E-002
         472   2.2099999999999891E-002
         473   2.2099999999999891E-002
         474   2.2099999999999891E-002
         475   2.2099999999999891E-002
         476   2.2099999999999891E-002
         477   2.2099999999999891E-002
         478   2.2099999999999891E-002
         479   2.2099999999999891E-002
         480   2.2099999999999891E-002
         481   2.2099999999999891E-002
         482   2.2099999999999891E-002
         483   2.2099999999999891E-002
         484   2.2099999999999891E-002
         485   2.2099999999999891E-002
         486   2.2099999999999891E-002
         487   2.2099999999999891E-002
         488   2.2099999999999891E-002
         489   2.2099999999999891E-002
         490   2.2099999999999891E-002
         491   2.2099999999999891E-002
         492   2.2099999999999891E-002
         493   2.2099999999999891E-002
         494   2.2099999999999891E-002
         495   2.2099999999999891E-002
         496   2.2099999999999891E-002
         497   2.2099999999999891E-002
         498   2.2099999999999891E-002
         499   2.2099999999999891E-002
         500   2.2099999999999891E-002
         501   2.2099999999999891E-002
         502   2.2099999999999891E-002
         503   2.2099999999999891E-002
         504   2.2099999999999891E-002
         505   2.2099999999999891E-002
         506   2.2099999999999891E-002
         507   2.2099999999999891E-002
         508   2.2099999999999891E-002
         509   2.2099999999999891E-002
         510   2.2099999999999891E-002
         511   2.2099999999999891E-002
         512   2.2099999999999891E-002
         513   2.2099999999999891E-002
         514   2.2099999999999891E-002
         515   2.2099999999999891E-002
         516   2.2099999999999891E-002
         517   2.2099999999999891E-002
         518   2.2099999999999891E-002
         519   2.2099999999999891E-002
         520   2.2099999999999891E-002
         521   2.2099999999999891E-002
         522   2.2099999999999891E-002
         523   2.2099999999999891E-002
         524   2.2099999999999891E-002
         525   2.2099999999999891E-002
         526   2.2099999999999891E-002
         527   2.2099999999999891E-002
         528   2.2099999999999891E-002
         529   2.2099999999999891E-002
         530   2.2099999999999891E-002
         531   2.2099999999999891E-002
         532   2.2099999999999891E-002
         533   2.2099999999999891E-002
         534   2.2099999999999891E-002
         535   2.2099999999999891E-002
         536   2.2099999999999891E-002
         537   2.2099999999999891E-002
         538   2.2099999999999891E-002
         539   2.2099999999999891E-002
         540   2.2099999999999891E-002
         541   2.2099999999999891E-002
         542   2.2099999999999891E-002
         543   2.2099999999999891E-002
         544   2.2099999999999891E-002
         545   2.2099999999999891E-002
         546   2.2099999999999891E-002
         547   2.2099999999999891E-002
         548   2.2099999999999891E-002
         549   2.2099999999999891E-002
         550   2.2099999999999891E-002
         551   2.2099999999999891E-002
         552   2.2099999999999891E-002
         553   2.2099999999999891E-002
         554   2.2099999999999891E-002
         555   2.2099999999999891E-002
         556   2.2099999999999891E-002
         557   2.2099999999999891E-002
         558   2.2099999999999891E-002
         559   2.2099999999999891E-002
         560   2.2099999999999891E-002
         561   2.2099999999999891E-002
         562   2.2099999999999891E-002
         563   2.2099999999999891E-002
         564   2.2099999999999891E-002
         565   2.2099999999999891E-002
         566   2.2099999999999891E-002
         567   2.2099999999999891E-002
         568   2.2099999999999891E-002
         569   2.2099999999999891E-002
         570   2.2099999999999891E-002
         571   2.2099999999999891E-002
         572   2.2099999999999891E-002
         573   2.2099999999999891E-002
         574   2.2099999999999891E-002
         575   2.2099999999999891E-002
         576   2.2099999999999891E-002
         577   2.2099999999999891E-002
         578   2.2099999999999891E-002
         579   2.2099999999999891E-002
         580   2.2099999999999891E-002
         581   2.2099999999999891E-002
         582   2.2099999999999891E-002
         583   2.2099999999999891E-002
         584   2.2099999999999891E-002
         585   2.2099999999999891E-002
         586   2.2099999999999891E-002
         587   2.2099999999999891E-002
         588   2.2099999999999891E-002
         589   2.2099999999999891E-002
         590   2.2099999999999891E-002
         591   2.2099999999999891E-002
         592   2.2099999999999891E-002
         593   2.2099999999999891E-002
         594   2.2099999999999891E-002
         595   2.2099999999999891E-002
         596   2.2099999999999891E-002
         597   2.2099999999999891E-002
         598   2.2099999999999891E-002
         599   2.2099999999999891E-002
         600   2.2099999999999891E-002
         601   2.2099999999999891E-002
         602   2.2099999999999891E-002
         603   2.2099999999999891E-002
         604   2.2099999999999891E-002
         605   2.2099999999999891E-002
         606   2.2099999999999891E-002
         607   2.2099999999999891E-002
         608   2.2099999999999891E-002
         609   2.2099999999999891E-002
         610   2.2099999999999891E-002
         611   2.2099999999999891E-002
         612   2.2099999999999891E-002
         613   2.2099999999999891E-002
         614   2.2099999999999891E-002
         615   2.2099999999999891E-002
         616   2.2099999999999891E-002
         617   2.2099999999999891E-002
         618   2.2099999999999891E-002
         619   2.2099999999999891E-002
         620   2.2099999999999891E-002
         621   6.0999999999999353E-003
