           1  0.46930000000000022     
           2  0.20000000000000037     
           3  0.20000000000000037     
           4  0.18250000000000002     
           5  0.12169999999999981     
           6  0.12169999999999981     
           7  0.12169999999999981     
           8   9.4899999999999943E-002
           9   9.4899999999999943E-002
          10   9.4899999999999943E-002
          11   2.3199999999999863E-002
          12   2.3199999999999863E-002
          13   2.3199999999999863E-002
          14   2.3199999999999863E-002
          15   2.3199999999999863E-002
          16   2.3199999999999863E-002
          17   2.3199999999999863E-002
          18   2.3199999999999863E-002
          19   2.3199999999999863E-002
          20   2.3199999999999863E-002
          21   2.3199999999999863E-002
          22   2.3199999999999863E-002
          23   2.3199999999999863E-002
          24   2.3199999999999863E-002
          25   2.3199999999999863E-002
          26   2.3199999999999863E-002
          27   2.3199999999999863E-002
          28   2.3199999999999863E-002
          29   2.3199999999999863E-002
          30   2.3199999999999863E-002
          31   2.3199999999999863E-002
          32   2.3199999999999863E-002
          33   2.3199999999999863E-002
          34   2.3199999999999863E-002
          35   1.7999999999999978E-002
          36   1.7999999999999978E-002
          37   1.7999999999999978E-002
          38   1.7999999999999978E-002
          39   1.7999999999999978E-002
          40   1.7999999999999978E-002
          41   1.5700000000000023E-002
          42   1.5700000000000023E-002
          43   1.5700000000000023E-002
          44   1.5700000000000023E-002
          45   1.5700000000000023E-002
          46   1.5700000000000023E-002
          47   1.5700000000000023E-002
          48   1.5700000000000023E-002
          49   1.5700000000000023E-002
          50   1.5700000000000023E-002
          51   1.5700000000000023E-002
          52   1.5700000000000023E-002
          53   1.5700000000000023E-002
          54   1.5700000000000023E-002
          55   1.5700000000000023E-002
          56   1.5700000000000023E-002
          57   1.5700000000000023E-002
          58   1.5700000000000023E-002
          59   1.5700000000000023E-002
          60   1.5700000000000023E-002
          61   1.5700000000000023E-002
          62   1.5700000000000023E-002
          63   1.5700000000000023E-002
          64   1.5700000000000023E-002
          65   1.5700000000000023E-002
          66   1.5700000000000023E-002
          67   1.5700000000000023E-002
          68   1.5700000000000023E-002
          69   1.5700000000000023E-002
          70   1.5700000000000023E-002
          71   1.5700000000000023E-002
          72   1.5700000000000023E-002
          73   1.5700000000000023E-002
          74   1.5700000000000023E-002
          75   1.5700000000000023E-002
          76   1.5700000000000023E-002
          77   1.5700000000000023E-002
          78   1.5700000000000023E-002
          79   1.5700000000000023E-002
          80   1.5700000000000023E-002
          81   1.5700000000000023E-002
          82   1.5700000000000023E-002
          83   1.5700000000000023E-002
          84   1.5700000000000023E-002
          85   1.5700000000000023E-002
          86   1.5700000000000023E-002
          87   1.5700000000000023E-002
          88   1.5700000000000023E-002
          89   1.5700000000000023E-002
          90   1.5700000000000023E-002
          91   1.5700000000000023E-002
          92   1.5700000000000023E-002
          93   1.5700000000000023E-002
          94   1.5700000000000023E-002
          95   1.5700000000000023E-002
          96   1.5700000000000023E-002
          97   1.5700000000000023E-002
          98   1.5700000000000023E-002
          99   1.5700000000000023E-002
         100   1.5700000000000023E-002
         101   1.5700000000000023E-002
         102   1.5700000000000023E-002
         103   1.5700000000000023E-002
         104   1.5700000000000023E-002
         105   1.5700000000000023E-002
         106   1.5700000000000023E-002
         107   1.5700000000000023E-002
         108   1.5700000000000023E-002
         109   1.5700000000000023E-002
         110   1.5700000000000023E-002
         111   1.5700000000000023E-002
         112   1.5700000000000023E-002
         113   1.5700000000000023E-002
         114   1.5700000000000023E-002
         115   1.5700000000000023E-002
         116   1.5700000000000023E-002
         117   1.5700000000000023E-002
         118   1.5700000000000023E-002
         119   1.5700000000000023E-002
         120   1.5700000000000023E-002
         121   1.5700000000000023E-002
         122   1.5700000000000023E-002
         123   1.5700000000000023E-002
         124   1.5700000000000023E-002
         125   1.5700000000000023E-002
         126   1.5700000000000023E-002
         127   1.5700000000000023E-002
         128   1.5700000000000023E-002
         129   1.5700000000000023E-002
         130   1.5700000000000023E-002
         131   1.5700000000000023E-002
         132   1.5700000000000023E-002
         133   1.5700000000000023E-002
         134   1.5700000000000023E-002
         135   1.5700000000000023E-002
         136   1.4400000000000026E-002
         137   1.4400000000000026E-002
         138   1.4400000000000026E-002
         139   1.4400000000000026E-002
         140   1.4400000000000026E-002
         141   8.0000000000000140E-003
