           1   8.4500000000000047E-002
           2   8.4500000000000047E-002
           3   8.4500000000000047E-002
           4   8.4500000000000047E-002
           5   8.4500000000000047E-002
           6   8.4500000000000047E-002
           7   8.4500000000000047E-002
           8   8.4500000000000047E-002
           9   8.4500000000000047E-002
          10   8.4500000000000047E-002
          11   8.4500000000000047E-002
          12   8.4500000000000047E-002
          13   8.4500000000000047E-002
          14   8.4500000000000047E-002
          15   8.4500000000000047E-002
          16   8.4500000000000047E-002
          17   8.4500000000000047E-002
          18   8.4500000000000047E-002
          19   8.4500000000000047E-002
          20   8.4500000000000047E-002
          21   8.4500000000000047E-002
          22   8.4500000000000047E-002
          23   8.4500000000000047E-002
          24   8.4500000000000047E-002
          25   8.4500000000000047E-002
          26   8.4500000000000047E-002
          27   8.4500000000000047E-002
          28   8.4500000000000047E-002
          29   8.4500000000000047E-002
          30   8.4500000000000047E-002
          31   8.4500000000000047E-002
          32   8.4500000000000047E-002
          33   8.4500000000000047E-002
          34   8.4500000000000047E-002
          35   8.4500000000000047E-002
          36   8.4500000000000047E-002
          37   8.4500000000000047E-002
          38   8.4500000000000047E-002
          39   8.4500000000000047E-002
          40   8.4500000000000047E-002
          41   8.4500000000000047E-002
          42   8.4500000000000047E-002
          43   8.4500000000000047E-002
          44   8.4500000000000047E-002
          45   8.4500000000000047E-002
          46   8.4500000000000047E-002
          47   8.4500000000000047E-002
          48   8.4500000000000047E-002
          49   6.5600000000000117E-002
          50   6.1700000000000192E-002
          51   6.1700000000000192E-002
          52   6.1700000000000192E-002
          53   6.1700000000000192E-002
          54   6.1700000000000192E-002
          55   6.1700000000000192E-002
          56   6.1700000000000192E-002
          57   6.1700000000000192E-002
          58   6.1700000000000192E-002
          59   6.1700000000000192E-002
          60   3.6900000000000134E-002
          61   3.6900000000000134E-002
          62   3.6900000000000134E-002
          63   3.6900000000000134E-002
          64   3.6900000000000134E-002
          65   3.6900000000000134E-002
          66   3.6900000000000134E-002
          67   3.6900000000000134E-002
          68   3.6900000000000134E-002
          69   3.6900000000000134E-002
          70   3.6900000000000134E-002
          71   3.6900000000000134E-002
          72   3.6900000000000134E-002
          73   3.6900000000000134E-002
          74   3.6900000000000134E-002
          75   3.6900000000000134E-002
          76   3.6900000000000134E-002
          77   3.6900000000000134E-002
          78   3.6900000000000134E-002
          79   3.6900000000000134E-002
          80   3.6900000000000134E-002
          81   3.6900000000000134E-002
          82   3.6900000000000134E-002
          83   3.6900000000000134E-002
          84   3.6900000000000134E-002
          85   3.6900000000000134E-002
          86   3.6900000000000134E-002
          87   3.6900000000000134E-002
          88   3.6900000000000134E-002
          89   3.6900000000000134E-002
          90   3.1699999999999978E-002
          91   2.4200000000000142E-002
          92   2.4200000000000142E-002
          93   2.4200000000000142E-002
          94   2.4200000000000142E-002
          95   2.4200000000000142E-002
          96   2.4200000000000142E-002
          97   2.4200000000000142E-002
          98   2.4200000000000142E-002
          99   2.4200000000000142E-002
         100   2.4200000000000142E-002
         101   2.4200000000000142E-002
         102   2.4200000000000142E-002
         103   2.4200000000000142E-002
         104   2.4200000000000142E-002
         105   2.4200000000000142E-002
         106   2.4200000000000142E-002
         107   2.4200000000000142E-002
         108   2.4200000000000142E-002
         109   2.4200000000000142E-002
         110   2.4200000000000142E-002
         111   2.4200000000000142E-002
         112   2.4200000000000142E-002
         113   2.4200000000000142E-002
         114   2.4200000000000142E-002
         115   2.4200000000000142E-002
         116   2.4200000000000142E-002
         117   2.4200000000000142E-002
         118   2.4200000000000142E-002
         119   2.4200000000000142E-002
         120   2.4200000000000142E-002
         121   2.4200000000000142E-002
         122   2.4200000000000142E-002
         123   2.4200000000000142E-002
         124   2.4200000000000142E-002
         125   2.4200000000000142E-002
         126   2.4200000000000142E-002
         127   2.4200000000000142E-002
         128   2.4200000000000142E-002
         129   2.4200000000000142E-002
         130   2.4200000000000142E-002
         131   2.4200000000000142E-002
         132   2.4200000000000142E-002
         133   2.4200000000000142E-002
         134   2.4200000000000142E-002
         135   2.4200000000000142E-002
         136   2.4200000000000142E-002
         137   2.4200000000000142E-002
         138   2.4200000000000142E-002
         139   2.4200000000000142E-002
         140   2.4200000000000142E-002
         141   2.4200000000000142E-002
         142   2.4200000000000142E-002
         143   2.4200000000000142E-002
         144   2.4200000000000142E-002
         145   2.4200000000000142E-002
         146   2.4200000000000142E-002
         147   2.4200000000000142E-002
         148   2.4200000000000142E-002
         149   2.4200000000000142E-002
         150   2.4200000000000142E-002
         151   2.4200000000000142E-002
         152   2.4200000000000142E-002
         153   2.4200000000000142E-002
         154   2.4200000000000142E-002
         155   2.4200000000000142E-002
         156   2.4200000000000142E-002
         157   2.4200000000000142E-002
         158   2.4200000000000142E-002
         159   2.4200000000000142E-002
         160   2.4200000000000142E-002
         161   2.4200000000000142E-002
         162   2.4200000000000142E-002
         163   2.4200000000000142E-002
         164   2.4200000000000142E-002
         165   2.4200000000000142E-002
         166   2.4200000000000142E-002
         167   2.4200000000000142E-002
         168   2.4200000000000142E-002
         169   2.4200000000000142E-002
         170   2.4200000000000142E-002
         171   2.4200000000000142E-002
         172   2.4200000000000142E-002
         173   2.4200000000000142E-002
         174   2.4200000000000142E-002
         175   2.4200000000000142E-002
         176   2.4200000000000142E-002
         177   2.4200000000000142E-002
         178   2.4200000000000142E-002
         179   2.4200000000000142E-002
         180   2.4200000000000142E-002
         181   2.4200000000000142E-002
         182   2.4200000000000142E-002
         183   2.4200000000000142E-002
         184   2.4200000000000142E-002
         185   2.4200000000000142E-002
         186   2.4200000000000142E-002
         187   2.4200000000000142E-002
         188   2.4200000000000142E-002
         189   2.4200000000000142E-002
         190   2.4200000000000142E-002
         191   2.4200000000000142E-002
         192   2.4200000000000142E-002
         193   2.4200000000000142E-002
         194   2.4200000000000142E-002
         195   2.4200000000000142E-002
         196   2.4200000000000142E-002
         197   2.4200000000000142E-002
         198   2.4200000000000142E-002
         199   2.4200000000000142E-002
         200   2.4200000000000142E-002
         201   2.4200000000000142E-002
         202   2.4200000000000142E-002
         203   2.4200000000000142E-002
         204   2.4200000000000142E-002
         205   2.4200000000000142E-002
         206   2.4200000000000142E-002
         207   2.4200000000000142E-002
         208   2.4200000000000142E-002
         209   2.4200000000000142E-002
         210   2.4200000000000142E-002
         211   2.4200000000000142E-002
         212   2.4200000000000142E-002
         213   2.4200000000000142E-002
         214   2.4200000000000142E-002
         215   2.4200000000000142E-002
         216   2.4200000000000142E-002
         217   2.4200000000000142E-002
         218   2.4200000000000142E-002
         219   2.4200000000000142E-002
         220   2.4200000000000142E-002
         221   2.4200000000000142E-002
         222   2.4200000000000142E-002
         223   2.4200000000000142E-002
         224   2.4200000000000142E-002
         225   2.4200000000000142E-002
         226   2.4200000000000142E-002
         227   2.4200000000000142E-002
         228   2.4200000000000142E-002
         229   2.4200000000000142E-002
         230   2.4200000000000142E-002
         231   2.4200000000000142E-002
         232   2.4200000000000142E-002
         233   2.4200000000000142E-002
         234   2.4200000000000142E-002
         235   2.4200000000000142E-002
         236   2.4200000000000142E-002
         237   2.4200000000000142E-002
         238   2.4200000000000142E-002
         239   2.4200000000000142E-002
         240   2.4200000000000142E-002
         241   2.4200000000000142E-002
         242   2.4200000000000142E-002
         243   2.4200000000000142E-002
         244   2.4200000000000142E-002
         245   2.4200000000000142E-002
         246   2.4200000000000142E-002
         247   2.4200000000000142E-002
         248   2.4200000000000142E-002
         249   2.4200000000000142E-002
         250   2.4200000000000142E-002
         251   2.4200000000000142E-002
         252   2.4200000000000142E-002
         253   2.4200000000000142E-002
         254   2.4200000000000142E-002
         255   2.4200000000000142E-002
         256   2.4200000000000142E-002
         257   2.4200000000000142E-002
         258   2.4200000000000142E-002
         259   2.4200000000000142E-002
         260   2.4200000000000142E-002
         261   2.4200000000000142E-002
         262   2.4200000000000142E-002
         263   2.4200000000000142E-002
         264   2.4200000000000142E-002
         265   2.4200000000000142E-002
         266   2.4200000000000142E-002
         267   2.4200000000000142E-002
         268   2.4200000000000142E-002
         269   2.4200000000000142E-002
         270   2.4200000000000142E-002
         271   2.4200000000000142E-002
         272   2.4200000000000142E-002
         273   2.4200000000000142E-002
         274   2.4200000000000142E-002
         275   2.4200000000000142E-002
         276   2.4200000000000142E-002
         277   2.4200000000000142E-002
         278   2.4200000000000142E-002
         279   2.4200000000000142E-002
         280   2.4200000000000142E-002
         281   2.4200000000000142E-002
         282   2.4200000000000142E-002
         283   2.4200000000000142E-002
         284   2.4200000000000142E-002
         285   2.4200000000000142E-002
         286   2.2499999999999999E-002
         287   2.2499999999999999E-002
         288   2.2499999999999999E-002
         289   2.2499999999999999E-002
         290   2.2499999999999999E-002
         291   2.2499999999999999E-002
         292   2.2499999999999999E-002
         293   2.2499999999999999E-002
         294   2.2499999999999999E-002
         295   2.2499999999999999E-002
         296   2.2499999999999999E-002
         297   2.2499999999999999E-002
         298   2.2499999999999999E-002
         299   2.2499999999999999E-002
         300   2.2499999999999999E-002
         301   2.2499999999999999E-002
         302   2.2499999999999999E-002
         303   2.2499999999999999E-002
         304   2.2499999999999999E-002
         305   2.2499999999999999E-002
         306   2.2499999999999999E-002
         307   2.2499999999999999E-002
         308   2.2499999999999999E-002
         309   2.2499999999999999E-002
         310   2.2499999999999999E-002
         311   2.2499999999999999E-002
         312   2.2499999999999999E-002
         313   2.2499999999999999E-002
         314   2.2499999999999999E-002
         315   2.2499999999999999E-002
         316   2.2499999999999999E-002
         317   2.2499999999999999E-002
         318   2.2499999999999999E-002
         319   2.2499999999999999E-002
         320   2.2499999999999999E-002
         321   2.2499999999999999E-002
         322   2.2499999999999999E-002
         323   2.2499999999999999E-002
         324   2.2499999999999999E-002
         325   2.2499999999999999E-002
         326   2.2499999999999999E-002
         327   2.2499999999999999E-002
         328   2.2499999999999999E-002
         329   2.2499999999999999E-002
         330   2.2499999999999999E-002
         331   2.2499999999999999E-002
         332   2.2499999999999999E-002
         333   2.2499999999999999E-002
         334   2.2499999999999999E-002
         335   2.2499999999999999E-002
         336   2.2499999999999999E-002
         337   2.2499999999999999E-002
         338   2.2499999999999999E-002
         339   2.2499999999999999E-002
         340   2.2499999999999999E-002
         341   2.2499999999999999E-002
         342   2.2499999999999999E-002
         343   2.2499999999999999E-002
         344   2.2499999999999999E-002
         345   2.2499999999999999E-002
         346   2.2499999999999999E-002
         347   2.2499999999999999E-002
         348   2.2499999999999999E-002
         349   2.2499999999999999E-002
         350   2.2499999999999999E-002
         351   2.2499999999999999E-002
         352   2.2499999999999999E-002
         353   2.2499999999999999E-002
         354   2.2499999999999999E-002
         355   2.2499999999999999E-002
         356   2.2499999999999999E-002
         357   2.2499999999999999E-002
         358   2.2499999999999999E-002
         359   2.2499999999999999E-002
         360   2.2499999999999999E-002
         361   2.2499999999999999E-002
         362   2.2499999999999999E-002
         363   2.2499999999999999E-002
         364   2.2499999999999999E-002
         365   2.2499999999999999E-002
         366   2.2499999999999999E-002
         367   2.2499999999999999E-002
         368   2.2499999999999999E-002
         369   2.2499999999999999E-002
         370   2.2499999999999999E-002
         371   2.2499999999999999E-002
         372   2.2499999999999999E-002
         373   2.2499999999999999E-002
         374   2.2499999999999999E-002
         375   2.2499999999999999E-002
         376   2.2499999999999999E-002
         377   2.2499999999999999E-002
         378   2.2499999999999999E-002
         379   2.2499999999999999E-002
         380   2.2499999999999999E-002
         381   2.2499999999999999E-002
         382   2.2499999999999999E-002
         383   2.2499999999999999E-002
         384   2.2499999999999999E-002
         385   2.2499999999999999E-002
         386   2.2499999999999999E-002
         387   2.2499999999999999E-002
         388   2.2499999999999999E-002
         389   2.2499999999999999E-002
         390   2.2499999999999999E-002
         391   2.2499999999999999E-002
         392   2.2499999999999999E-002
         393   2.2499999999999999E-002
         394   2.2499999999999999E-002
         395   2.2499999999999999E-002
         396   2.2499999999999999E-002
         397   2.2499999999999999E-002
         398   2.2499999999999999E-002
         399   2.2499999999999999E-002
         400   2.2499999999999999E-002
         401   2.2499999999999999E-002
         402   2.2499999999999999E-002
         403   2.2499999999999999E-002
         404   2.2499999999999999E-002
         405   2.2499999999999999E-002
         406   2.2499999999999999E-002
         407   2.2499999999999999E-002
         408   2.2499999999999999E-002
         409   2.2499999999999999E-002
         410   2.2499999999999999E-002
         411   2.2499999999999999E-002
         412   2.2499999999999999E-002
         413   2.2499999999999999E-002
         414   2.2499999999999999E-002
         415   2.2499999999999999E-002
         416   1.3000000000000086E-002
         417   1.3000000000000086E-002
         418   1.3000000000000086E-002
         419   1.3000000000000086E-002
         420   1.3000000000000086E-002
         421   1.3000000000000086E-002
         422   1.3000000000000086E-002
         423   1.3000000000000086E-002
         424   1.3000000000000086E-002
         425   1.3000000000000086E-002
         426   1.3000000000000086E-002
         427   1.3000000000000086E-002
         428   1.3000000000000086E-002
         429   1.3000000000000086E-002
         430   1.3000000000000086E-002
         431   1.3000000000000086E-002
         432   1.3000000000000086E-002
         433   1.3000000000000086E-002
         434   1.3000000000000086E-002
         435   1.3000000000000086E-002
         436   1.3000000000000086E-002
         437   1.3000000000000086E-002
         438   1.3000000000000086E-002
         439   1.3000000000000086E-002
         440   1.3000000000000086E-002
         441   1.3000000000000086E-002
         442   1.3000000000000086E-002
         443   1.3000000000000086E-002
         444   1.3000000000000086E-002
         445   1.3000000000000086E-002
         446   1.3000000000000086E-002
         447   1.3000000000000086E-002
         448   1.3000000000000086E-002
         449   1.3000000000000086E-002
         450   1.3000000000000086E-002
         451   1.3000000000000086E-002
         452   1.3000000000000086E-002
         453   1.3000000000000086E-002
         454   1.3000000000000086E-002
         455   1.3000000000000086E-002
         456   1.3000000000000086E-002
         457   1.3000000000000086E-002
         458   1.3000000000000086E-002
         459   1.3000000000000086E-002
         460   1.3000000000000086E-002
         461   1.3000000000000086E-002
         462   1.3000000000000086E-002
         463   1.3000000000000086E-002
         464   1.3000000000000086E-002
         465   1.3000000000000086E-002
         466   1.3000000000000086E-002
         467   1.3000000000000086E-002
         468   1.3000000000000086E-002
         469   1.3000000000000086E-002
         470   1.3000000000000086E-002
         471   1.3000000000000086E-002
         472   1.3000000000000086E-002
         473   1.3000000000000086E-002
         474   1.3000000000000086E-002
         475   1.3000000000000086E-002
         476   1.3000000000000086E-002
         477   1.3000000000000086E-002
         478   1.3000000000000086E-002
         479   1.3000000000000086E-002
         480   1.3000000000000086E-002
         481   1.3000000000000086E-002
         482   1.3000000000000086E-002
         483   1.3000000000000086E-002
         484   1.3000000000000086E-002
         485   1.3000000000000086E-002
         486   1.3000000000000086E-002
         487   1.3000000000000086E-002
         488   1.3000000000000086E-002
         489   1.3000000000000086E-002
         490   1.3000000000000086E-002
         491   1.3000000000000086E-002
         492   1.3000000000000086E-002
         493   1.3000000000000086E-002
         494   1.3000000000000086E-002
         495   1.3000000000000086E-002
         496   1.3000000000000086E-002
         497   1.3000000000000086E-002
         498   1.3000000000000086E-002
         499   1.3000000000000086E-002
         500   1.3000000000000086E-002
         501   1.3000000000000086E-002
         502   1.3000000000000086E-002
         503   1.3000000000000086E-002
         504   1.3000000000000086E-002
         505   1.3000000000000086E-002
         506   1.3000000000000086E-002
         507   1.3000000000000086E-002
         508   1.3000000000000086E-002
         509   1.3000000000000086E-002
         510   1.3000000000000086E-002
         511   1.3000000000000086E-002
         512   1.3000000000000086E-002
         513   1.3000000000000086E-002
         514   1.3000000000000086E-002
         515   1.3000000000000086E-002
         516   1.3000000000000086E-002
         517   1.3000000000000086E-002
         518   1.3000000000000086E-002
         519   1.3000000000000086E-002
         520   1.3000000000000086E-002
         521   1.3000000000000086E-002
         522   1.3000000000000086E-002
         523   1.3000000000000086E-002
         524   1.3000000000000086E-002
         525   1.3000000000000086E-002
         526   1.3000000000000086E-002
         527   1.3000000000000086E-002
         528   1.3000000000000086E-002
         529   1.3000000000000086E-002
         530   1.3000000000000086E-002
         531   1.3000000000000086E-002
         532   1.3000000000000086E-002
         533   1.3000000000000086E-002
         534   1.3000000000000086E-002
         535   1.3000000000000086E-002
         536   1.3000000000000086E-002
         537   1.3000000000000086E-002
         538   1.3000000000000086E-002
         539   1.3000000000000086E-002
         540   1.3000000000000086E-002
         541   1.3000000000000086E-002
         542   1.3000000000000086E-002
         543   1.3000000000000086E-002
         544   1.3000000000000086E-002
         545   1.3000000000000086E-002
         546   1.3000000000000086E-002
         547   1.3000000000000086E-002
         548   1.3000000000000086E-002
         549   1.3000000000000086E-002
         550   1.3000000000000086E-002
         551   1.3000000000000086E-002
         552   1.3000000000000086E-002
         553   1.3000000000000086E-002
         554   1.3000000000000086E-002
         555   1.3000000000000086E-002
         556   1.3000000000000086E-002
         557   1.3000000000000086E-002
         558   1.3000000000000086E-002
         559   1.3000000000000086E-002
         560   1.3000000000000086E-002
         561   1.3000000000000086E-002
         562   1.3000000000000086E-002
         563   1.3000000000000086E-002
         564   1.3000000000000086E-002
         565   1.3000000000000086E-002
         566   1.3000000000000086E-002
         567   1.3000000000000086E-002
         568   1.3000000000000086E-002
         569   1.3000000000000086E-002
         570   1.3000000000000086E-002
         571   1.3000000000000086E-002
         572   1.3000000000000086E-002
         573   1.3000000000000086E-002
         574   1.3000000000000086E-002
         575   1.3000000000000086E-002
         576   1.3000000000000086E-002
         577   1.3000000000000086E-002
         578   1.3000000000000086E-002
         579   1.3000000000000086E-002
         580   1.3000000000000086E-002
         581   1.3000000000000086E-002
         582   1.3000000000000086E-002
         583   1.3000000000000086E-002
         584   1.3000000000000086E-002
         585   1.3000000000000086E-002
         586   1.3000000000000086E-002
         587   1.3000000000000086E-002
         588   1.3000000000000086E-002
         589   1.3000000000000086E-002
         590   1.3000000000000086E-002
         591   1.3000000000000086E-002
         592   1.3000000000000086E-002
         593   1.3000000000000086E-002
         594   1.3000000000000086E-002
         595   1.3000000000000086E-002
         596   1.3000000000000086E-002
         597   1.3000000000000086E-002
         598   1.3000000000000086E-002
         599   1.3000000000000086E-002
         600   1.3000000000000086E-002
         601   1.3000000000000086E-002
         602   1.3000000000000086E-002
         603   1.3000000000000086E-002
         604   1.3000000000000086E-002
         605   1.3000000000000086E-002
         606   1.3000000000000086E-002
         607   1.3000000000000086E-002
         608   1.3000000000000086E-002
         609   1.3000000000000086E-002
         610   1.3000000000000086E-002
         611   1.2100000000000071E-002
         612   1.2100000000000071E-002
         613   1.2100000000000071E-002
         614   1.2100000000000071E-002
         615   1.2100000000000071E-002
         616   1.2100000000000071E-002
         617   1.2100000000000071E-002
         618   1.2100000000000071E-002
         619   1.2100000000000071E-002
         620   1.2100000000000071E-002
         621   1.2100000000000071E-002
         622   1.2100000000000071E-002
         623   1.2100000000000071E-002
         624   1.2100000000000071E-002
         625   1.2100000000000071E-002
         626   1.2100000000000071E-002
         627   1.2100000000000071E-002
         628   1.2100000000000071E-002
         629   1.2100000000000071E-002
         630   1.2100000000000071E-002
         631   1.2100000000000071E-002
         632   1.2100000000000071E-002
         633   1.2100000000000071E-002
         634   1.2100000000000071E-002
         635   1.2100000000000071E-002
         636   1.2100000000000071E-002
         637   1.2100000000000071E-002
         638   1.2100000000000071E-002
         639   1.2100000000000071E-002
         640   1.2100000000000071E-002
         641   1.2100000000000071E-002
         642   1.2100000000000071E-002
         643   1.2100000000000071E-002
         644   1.2100000000000071E-002
         645   1.2100000000000071E-002
         646   1.2100000000000071E-002
         647   1.2100000000000071E-002
         648   1.2100000000000071E-002
         649   1.2100000000000071E-002
         650   1.2100000000000071E-002
         651   1.2100000000000071E-002
         652   1.2100000000000071E-002
         653   1.2100000000000071E-002
         654   1.2100000000000071E-002
         655   1.2100000000000071E-002
         656   1.2100000000000071E-002
         657   1.2100000000000071E-002
         658   1.2100000000000071E-002
         659   1.2100000000000071E-002
         660   1.2100000000000071E-002
         661   1.2100000000000071E-002
         662   1.2100000000000071E-002
         663   1.2100000000000071E-002
         664   1.2100000000000071E-002
         665   1.2100000000000071E-002
         666   1.2100000000000071E-002
         667   1.2100000000000071E-002
         668   1.2100000000000071E-002
         669   1.2100000000000071E-002
         670   1.2100000000000071E-002
         671   1.2100000000000071E-002
         672   1.2100000000000071E-002
         673   1.2100000000000071E-002
         674   1.2100000000000071E-002
         675   1.2100000000000071E-002
         676   1.2100000000000071E-002
         677   1.2100000000000071E-002
         678   1.2100000000000071E-002
         679   1.2100000000000071E-002
         680   1.2100000000000071E-002
         681   1.2100000000000071E-002
         682   1.2100000000000071E-002
         683   1.2100000000000071E-002
         684   1.2100000000000071E-002
         685   1.2100000000000071E-002
         686   1.2100000000000071E-002
         687   1.2100000000000071E-002
         688   1.2100000000000071E-002
         689   1.2100000000000071E-002
         690   1.2100000000000071E-002
         691   1.2100000000000071E-002
         692   1.2100000000000071E-002
         693   1.2100000000000071E-002
         694   1.2100000000000071E-002
         695   1.2100000000000071E-002
         696   1.2100000000000071E-002
         697   1.2100000000000071E-002
         698   1.2100000000000071E-002
         699   1.2100000000000071E-002
         700   1.2100000000000071E-002
         701   1.2100000000000071E-002
         702   1.2100000000000071E-002
         703   1.2100000000000071E-002
         704   1.2100000000000071E-002
         705   1.2100000000000071E-002
         706   1.2100000000000071E-002
         707   1.2100000000000071E-002
         708   1.2100000000000071E-002
         709   1.2100000000000071E-002
         710   1.2100000000000071E-002
         711   1.2100000000000071E-002
         712   1.2100000000000071E-002
         713   1.2100000000000071E-002
         714   1.2100000000000071E-002
         715   1.2100000000000071E-002
         716   1.2100000000000071E-002
         717   1.2100000000000071E-002
         718   1.2100000000000071E-002
         719   1.2100000000000071E-002
         720   1.2100000000000071E-002
         721   1.2100000000000071E-002
         722   1.2100000000000071E-002
         723   1.2100000000000071E-002
         724   1.2100000000000071E-002
         725   1.2100000000000071E-002
         726   1.2100000000000071E-002
         727   1.2100000000000071E-002
         728   1.2100000000000071E-002
         729   1.2100000000000071E-002
         730   1.2100000000000071E-002
         731   1.2100000000000071E-002
         732   1.2100000000000071E-002
         733   1.2100000000000071E-002
         734   1.2100000000000071E-002
         735   1.2100000000000071E-002
         736   1.2100000000000071E-002
         737   1.2100000000000071E-002
         738   1.2100000000000071E-002
         739   1.2100000000000071E-002
         740   1.2100000000000071E-002
         741   1.2100000000000071E-002
         742   1.2100000000000071E-002
         743   1.2100000000000071E-002
         744   1.2100000000000071E-002
         745   1.2100000000000071E-002
         746   1.2100000000000071E-002
         747   1.2100000000000071E-002
         748   1.2100000000000071E-002
         749   1.2100000000000071E-002
         750   1.2100000000000071E-002
         751   1.2100000000000071E-002
         752   1.2100000000000071E-002
         753   1.2100000000000071E-002
         754   1.2100000000000071E-002
         755   1.2100000000000071E-002
         756   1.2100000000000071E-002
         757   1.2100000000000071E-002
         758   1.2100000000000071E-002
         759   1.2100000000000071E-002
         760   1.2100000000000071E-002
         761   1.2100000000000071E-002
         762   1.2100000000000071E-002
         763   1.2100000000000071E-002
         764   1.2100000000000071E-002
         765   1.2100000000000071E-002
         766   1.2100000000000071E-002
         767   1.2100000000000071E-002
         768   1.2100000000000071E-002
         769   1.2100000000000071E-002
         770   1.2100000000000071E-002
         771   1.2100000000000071E-002
         772   1.2100000000000071E-002
         773   1.2100000000000071E-002
         774   1.2100000000000071E-002
         775   1.2100000000000071E-002
         776   1.2100000000000071E-002
         777   1.2100000000000071E-002
         778   1.2100000000000071E-002
         779   1.2100000000000071E-002
         780   1.2100000000000071E-002
         781   1.2100000000000071E-002
         782   1.2100000000000071E-002
         783   1.2100000000000071E-002
         784   1.2100000000000071E-002
         785   1.2100000000000071E-002
         786   1.2100000000000071E-002
         787   1.2100000000000071E-002
         788   1.2100000000000071E-002
         789   1.2100000000000071E-002
         790   1.2100000000000071E-002
         791   1.2100000000000071E-002
         792   1.2100000000000071E-002
         793   1.2100000000000071E-002
         794   1.2100000000000071E-002
         795   1.2100000000000071E-002
         796   1.2100000000000071E-002
         797   1.2100000000000071E-002
         798   1.2100000000000071E-002
         799   1.2100000000000071E-002
         800   1.2100000000000071E-002
         801   1.2100000000000071E-002
         802   1.2100000000000071E-002
         803   1.2100000000000071E-002
         804   1.2100000000000071E-002
         805   1.2100000000000071E-002
         806   1.2100000000000071E-002
         807   1.2100000000000071E-002
         808   1.2100000000000071E-002
         809   1.2100000000000071E-002
         810   1.2100000000000071E-002
         811   1.2100000000000071E-002
         812   1.2100000000000071E-002
         813   1.2100000000000071E-002
         814   1.2100000000000071E-002
         815   1.2100000000000071E-002
         816   1.2100000000000071E-002
         817   1.2100000000000071E-002
         818   1.2100000000000071E-002
         819   1.2100000000000071E-002
         820   1.2100000000000071E-002
         821   1.2100000000000071E-002
         822   1.2100000000000071E-002
         823   1.2100000000000071E-002
         824   1.2100000000000071E-002
         825   1.2100000000000071E-002
         826   1.2100000000000071E-002
         827   1.2100000000000071E-002
         828   1.2100000000000071E-002
         829   1.2100000000000071E-002
         830   1.2100000000000071E-002
         831   1.2100000000000071E-002
         832   1.2100000000000071E-002
         833   1.2100000000000071E-002
         834   1.2100000000000071E-002
         835   1.2100000000000071E-002
         836   1.2100000000000071E-002
         837   1.2100000000000071E-002
         838   1.2100000000000071E-002
         839   1.2100000000000071E-002
         840   1.2100000000000071E-002
         841   1.2100000000000071E-002
         842   1.2100000000000071E-002
         843   1.2100000000000071E-002
         844   1.2100000000000071E-002
         845   1.2100000000000071E-002
         846   1.2100000000000071E-002
         847   1.2100000000000071E-002
         848   1.2100000000000071E-002
         849   1.2100000000000071E-002
         850   1.2100000000000071E-002
         851   1.2100000000000071E-002
         852   1.2100000000000071E-002
         853   1.2100000000000071E-002
         854   1.2100000000000071E-002
         855   1.2100000000000071E-002
         856   1.2100000000000071E-002
         857   1.2100000000000071E-002
         858   1.2100000000000071E-002
         859   1.2100000000000071E-002
         860   1.2100000000000071E-002
         861   1.2100000000000071E-002
         862   1.2100000000000071E-002
         863   1.2100000000000071E-002
         864   1.2100000000000071E-002
         865   1.2100000000000071E-002
         866   1.2100000000000071E-002
         867   1.2100000000000071E-002
         868   1.2100000000000071E-002
         869   1.2100000000000071E-002
         870   1.2100000000000071E-002
         871   1.2100000000000071E-002
         872   1.2100000000000071E-002
         873   1.2100000000000071E-002
         874   1.2100000000000071E-002
         875   1.2100000000000071E-002
         876   1.2100000000000071E-002
         877   1.2100000000000071E-002
         878   1.2100000000000071E-002
         879   1.2100000000000071E-002
         880   1.2100000000000071E-002
         881   1.2100000000000071E-002
         882   1.2100000000000071E-002
         883   1.2100000000000071E-002
         884   1.2100000000000071E-002
         885   1.2100000000000071E-002
         886   1.2100000000000071E-002
         887   1.2100000000000071E-002
         888   1.2100000000000071E-002
         889   1.2100000000000071E-002
         890   1.2100000000000071E-002
         891   1.2100000000000071E-002
         892   1.2100000000000071E-002
         893   1.2100000000000071E-002
         894   1.2100000000000071E-002
         895   1.2100000000000071E-002
         896   1.2100000000000071E-002
         897   1.2100000000000071E-002
         898   1.2100000000000071E-002
         899   1.2100000000000071E-002
         900   1.2100000000000071E-002
         901   1.2100000000000071E-002
         902   1.2100000000000071E-002
         903   1.2100000000000071E-002
         904   1.2100000000000071E-002
         905   1.2100000000000071E-002
         906   1.2100000000000071E-002
         907   1.2100000000000071E-002
         908   1.2100000000000071E-002
         909   1.2100000000000071E-002
         910   1.2100000000000071E-002
         911   1.2100000000000071E-002
         912   1.2100000000000071E-002
         913   1.2100000000000071E-002
         914   1.2100000000000071E-002
         915   1.2100000000000071E-002
         916   1.2100000000000071E-002
         917   1.2100000000000071E-002
         918   1.2100000000000071E-002
         919   1.2100000000000071E-002
         920   1.2100000000000071E-002
         921   1.2100000000000071E-002
         922   1.2100000000000071E-002
         923   1.2100000000000071E-002
         924   1.2100000000000071E-002
         925   1.2100000000000071E-002
         926   1.2100000000000071E-002
         927   1.2100000000000071E-002
         928   1.2100000000000071E-002
         929   1.2100000000000071E-002
         930   1.2100000000000071E-002
         931   1.2100000000000071E-002
         932   1.2100000000000071E-002
         933   1.2100000000000071E-002
         934   1.2100000000000071E-002
         935   1.2100000000000071E-002
         936   1.2100000000000071E-002
         937   1.2100000000000071E-002
         938   1.2100000000000071E-002
         939   1.2100000000000071E-002
         940   1.2100000000000071E-002
         941   1.2100000000000071E-002
         942   1.2100000000000071E-002
         943   1.2100000000000071E-002
         944   1.2100000000000071E-002
         945   1.2100000000000071E-002
         946   1.2100000000000071E-002
         947   1.2100000000000071E-002
         948   1.2100000000000071E-002
         949   1.2100000000000071E-002
         950   1.2100000000000071E-002
         951   1.2100000000000071E-002
         952   1.2100000000000071E-002
         953   1.2100000000000071E-002
         954   1.2100000000000071E-002
         955   1.2100000000000071E-002
         956   1.2100000000000071E-002
         957   1.2100000000000071E-002
         958   1.2100000000000071E-002
         959   1.2100000000000071E-002
         960   1.2100000000000071E-002
         961   1.2100000000000071E-002
         962   1.2100000000000071E-002
         963   1.2100000000000071E-002
         964   1.2100000000000071E-002
         965   1.2100000000000071E-002
         966   1.2100000000000071E-002
         967   1.2100000000000071E-002
         968   1.2100000000000071E-002
         969   1.2100000000000071E-002
         970   1.2100000000000071E-002
         971   1.2100000000000071E-002
         972   1.2100000000000071E-002
         973   1.2100000000000071E-002
         974   1.2100000000000071E-002
         975   1.2100000000000071E-002
         976   1.2100000000000071E-002
         977   1.2100000000000071E-002
         978   1.2100000000000071E-002
         979   1.2100000000000071E-002
         980   1.2100000000000071E-002
         981   1.2100000000000071E-002
         982   1.2100000000000071E-002
         983   1.2100000000000071E-002
         984   1.2100000000000071E-002
         985   1.2100000000000071E-002
         986   1.2100000000000071E-002
         987   1.2100000000000071E-002
         988   1.2100000000000071E-002
         989   1.2100000000000071E-002
         990   1.2100000000000071E-002
         991   1.2100000000000071E-002
         992   1.2100000000000071E-002
         993   1.2100000000000071E-002
         994   1.2100000000000071E-002
         995   1.2100000000000071E-002
         996   1.2100000000000071E-002
         997   1.2100000000000071E-002
         998   1.2100000000000071E-002
         999   1.2100000000000071E-002
        1000   1.2100000000000071E-002
        1001   1.2100000000000071E-002
        1002   1.2100000000000071E-002
        1003   1.2100000000000071E-002
        1004   1.2100000000000071E-002
        1005   1.2100000000000071E-002
        1006   1.2100000000000071E-002
        1007   1.2100000000000071E-002
        1008   1.2100000000000071E-002
        1009   1.2100000000000071E-002
        1010   1.2100000000000071E-002
        1011   1.2100000000000071E-002
        1012   1.2100000000000071E-002
        1013   1.2100000000000071E-002
        1014   1.2100000000000071E-002
        1015   1.2100000000000071E-002
        1016   1.2100000000000071E-002
        1017   1.2100000000000071E-002
        1018   1.2100000000000071E-002
        1019   1.2100000000000071E-002
        1020   1.2100000000000071E-002
        1021   1.2100000000000071E-002
        1022   1.2100000000000071E-002
        1023   4.0999999999999856E-003
