.000000  -.070742
.002000  .020914
.004000  .027499
.006000  .030160
.008000  -.002465
.010000  -.001792
.012000  .035813
.014000  -.104465
.016000  -.065911
.018000  -.011869
.020000  .025117
.022000  .058679
.024000  -.040939
.026000  .017077
.028000  -.067480
.030000  .037641
.032000  -.010177
.034000  .020681
.036000  .019225
.038000  -.092417
.040000  .007938
.042000  -.033115
.044000  .070314
.046000  .127228
.048000  .089582
.050000  .093983
.052000  .011101
.054000  .066001
.056000  -.055701
.058000  .020912
.060000  .055475
.062000  .017750
.064000  .050185
.066000  -.029270
.068000  .004377
.070000  -.149282
.072000  .025660
.074000  -.043706
.076000  -.031834
.078000  .015862
.080000  .015043
.082000  .000663
.084000  -.010370
.086000  .089272
.088000  -.072472
.090000  -.011037
.092000  -.049014
.094000  -.073844
.096000  -.063332
.098000  .013612
.100000  .000617
.102000  .047131
.104000  -.039221
.106000  -.002175
.108000  -.001807
.110000  .060864
.112000  -.015414
.114000  .019151
.116000  .065904
.118000  -.045470
.120000  -.027961
.122000  -.078764
.124000  -.058753
.126000  -.122404
.128000  .016219
.130000  -.000589
.132000  -.141775
.134000  .019951
.136000  .076019
.138000  .042192
.140000  .064094
.142000  -.066415
.144000  -.017629
.146000  -.090535
.148000  .102092
.150000  .059197
.152000  .095192
.154000  .006490
.156000  .066695
.158000  -.017851
.160000  -.000161
.162000  -.048154
.164000  .097174
.166000  .026187
.168000  .161782
.170000  .135896
.172000  .131986
.174000  .292169
.176000  .520147
.178000  .852428
.180000  1.079538
.182000  1.365791
.184000  1.476887
.186000  1.379366
.188000  1.022705
.190000  .443929
.192000  -.508165
.194000  -1.542577
.196000  -2.455433
.198000  -3.124356
.200000  -3.300020
.202000  -3.072988
.204000  -2.431361
.206000  -1.435740
.208000  -.457336
.210000  .505362
.212000  1.056345
.214000  1.462109
.216000  1.386423
.218000  1.330013
.220000  1.201831
.222000  .934717
.224000  .582285
.226000  .352941
.228000  .208010
.230000  .177454
.232000  .145451
.234000  .035569
.236000  -.019691
.238000  .000243
.240000  -.019455
.242000  -.109193
.244000  .028358
.246000  .014717
.248000  -.049637
.250000  -.083130
.252000  .013282
.254000  -.051732
.256000  -.025573
.258000  -.027138
.260000  -.024403
.262000  -.030278
.264000  -.005238
.266000  -.040259
.268000  .039412
.270000  -.000798
.272000  .017694
.274000  .132688
.276000  -.100330
.278000  -.031089
.280000  -.008241
.282000  .118739
.284000  -.063145
.286000  -.080324
.288000  .017507
.290000  -.016585
.292000  -.057744
.294000  .027988
.296000  -.004191
.298000  .081954
.300000  -.133426
.302000  .075945
.304000  -.039108
.306000  -.044776
.308000  -.006944
.310000  -.007712
.312000  .069002
.314000  -.003697
.316000  .002546
.318000  .020470
.320000  .042306
.322000  -.015274
.324000  .001123
.326000  .016125
.328000  -.064335
.330000  .066074
.332000  -.134471
.334000  .042442
.336000  .020420
.338000  .007393
.340000  -.026694
.342000  -.070696
.344000  .043908
.346000  .088641
.348000  .048163
.350000  -.076205
.352000  .025375
.354000  .012782
.356000  -.029556
.358000  .027519
.360000  .082387
.362000  .010568
.364000  .011552
.366000  .045533
.368000  .110074
.370000  .108903
.372000  .082234
.374000  .210724
.376000  .224714
.378000  .357464
.380000  .470488
.382000  .583525
.384000  .539849
.386000  .694751
.388000  .408414
.390000  .257716
.392000  -.209899
.394000  -.623640
.396000  -1.027096
.398000  -1.371052
.400000  -1.467832
.402000  -1.209003
.404000  -1.187423
.406000  -.735424
.408000  -.166131
.410000  .205612
.412000  .489603
.414000  .618902
.416000  .693218
.418000  .594172
.420000  .631058
.422000  .346145
.424000  .285224
.426000  .075491
.428000  .126302
.430000  .099430
.432000  -.033293
.434000  -.041285
.436000  -.078551
.438000  .116388
.440000  -.047763
.442000  -.028320
.444000  .032310
.446000  -.044979
.448000  -.021213
.450000  -.044280
.452000  .040772
.454000  -.000079
.456000  .099782
.458000  .040527
.460000  .089214
.462000  -.007061
.464000  .027005
.466000  -.039656
.468000  .000779
.470000  .084919
.472000  -.083691
.474000  -.067846
.476000  -.038499
.478000  -.031754
.480000  -.022836
.482000  .042725
.484000  -.054470
.486000  -.012662
.488000  -.028475
.490000  -.054707
.492000  -.048187
.494000  .026342
.496000  .013599
.498000  .049100
.500000  -.016320
.502000  -.057004
.504000  -.101151
.506000  .069486
.508000  -.067019
.510000  -.011520
.512000  -.027740
.514000  -.038223
.516000  -.024132
.518000  .024023
.520000  -.055450
.522000  -.025135
.524000  -.072888
.526000  .068161
.528000  .018959
.530000  -.027491
.532000  .071726
.534000  .031650
.536000  -.018523
.538000  -.000566
.540000  .046534
.542000  -.059826
.544000  -.091837
.546000  -.052225
.548000  .027143
.550000  -.084826
.552000  -.041734
.554000  -.062498
.556000  -.042363
.558000  .015975
.560000  -.069794
.562000  -.038856
.564000  .004536
.566000  .017110
.568000  -.044264
.570000  .100019
.572000  .035746
.574000  -.033139
.576000  .017774
.578000  .050346
.580000  .147682
.582000  .123066
.584000  .193922
.586000  .181182
.588000  .180349
.590000  .047614
.592000  -.035299
.594000  -.126842
.596000  -.311974
.598000  -.304074
.600000  -.370431
.602000  -.314659
.604000  -.317195
.606000  -.116604
.608000  .003834
.610000  .048731
.612000  .148344
.614000  .217334
.616000  .085003
.618000  .145390
.620000  .207371
.622000  .115229
.624000  .104089
.626000  .047844
.628000  .035005
.630000  .072728
.632000  -.079156
.634000  -.038179
.636000  -.025928
.638000  .061951
.640000  .086265
.642000  -.015045
.644000  .089142
.646000  .064642
.648000  -.033449
.650000  .051997
.652000  -.059705
.654000  .005416
.656000  .023041
.658000  -.022447
.660000  -.106391
.662000  -.089955
.664000  .093445
.666000  .033158
.668000  .061222
.670000  .041785
.672000  .007808
.674000  -.022203
.676000  -.029645
.678000  .083201
.680000  .072517
.682000  .055559
.684000  -.001626
.686000  -.044073
.688000  .087969
.690000  -.070636
.692000  -.048129
.694000  -.002428
.696000  -.014478
.698000  .042170
.700000  .015273
.702000  -.094423
.704000  .033327
.706000  .073423
.708000  .000001
.710000  -.070883
.712000  -.080956
.714000  .143237
.716000  -.023002
.718000  .020612
.720000  -.064332
.722000  .000966
.724000  .044857
.726000  .037150
.728000  .021705
.730000  -.014857
.732000  -.080097
.734000  .056322
.736000  .045370
.738000  -.029751
.740000  .055832
.742000  -.005236
.744000  -.061112
.746000  .128428
.748000  .016976
.750000  .064873
.752000  .082835
.754000  .067257
.756000  .119070
.758000  .085696
.760000  -.040853
.762000  -.011043
.764000  -.036621
.766000  -.066579
.768000  -.031725
.770000  .145298
.772000  .002232
.774000  .013913
.776000  -.049356
.778000  .004965
.780000  .062666
.782000  -.039893
.784000  .004270
.786000  .009756
.788000  .084903
.790000  -.059169
.792000  .022088
.794000  .062145
.796000  .018032
.798000  -.014611
.800000  .054231
.802000  .018523
.804000  -.114287
.806000  -.030160
.808000  -.014090
.810000  -.011359
.812000  .080406
.814000  .038670
.816000  .074492
.818000  .006317
.820000  -.105068
.822000  .090331
.824000  .012231
.826000  .009695
.828000  -.078764
.830000  .101666
.832000  -.004065
.834000  -.033559
.836000  -.038374
.838000  -.046121
.840000  -.074181
.842000  -.009974
.844000  .011170
.846000  -.067923
.848000  .010681
.850000  .062304
.852000  -.099435
.854000  .022249
.856000  -.112046
.858000  -.002988
.860000  -.034076
.862000  -.008478
.864000  -.029079
.866000  .023459
.868000  -.001329
.870000  .052913
.872000  .050194
.874000  .008193
.876000  .070991
.878000  -.096350
.880000  -.094091
.882000  .017150
.884000  -.009680
.886000  -.030564
.888000  -.027818
.890000  .000242
.892000  .031882
.894000  .081361
.896000  -.018070
.898000  .012655
.900000  -.060801
.902000  -.058024
.904000  -.020681
.906000  -.047344
.908000  -.096839
.910000  -.000017
.912000  -.020625
.914000  -.002001
.916000  .073302
.918000  -.043571
.920000  -.046704
.922000  -.032807
.924000  -.036380
.926000  -.067652
.928000  -.135819
.930000  -.036100
.932000  .010535
.934000  .006346
.936000  .029558
.938000  .039437
.940000  .023173
.942000  -.009673
.944000  .031998
.946000  -.073063
.948000  .032026
.950000  -.061922
.952000  .029447
.954000  -.041717
.956000  -.007127
.958000  -.030980
.960000  -.015962
.962000  -.003915
.964000  -.029089
.966000  -.033567
.968000  -.021747
.970000  -.144710
.972000  -.323417
.974000  -.526439
.976000  -.738645
.978000  -1.021652
.980000  -1.396072
.982000  -1.783287
.984000  -1.868985
.986000  -1.731738
.988000  -1.318789
.990000  -.657543
.992000  .711411
.994000  1.868319
.996000  3.158139
.998000  3.909559
1.000000  4.268683
1.002000  3.912280
1.004000  3.186406
1.006000  1.905349
1.008000  .696907
1.010000  -.537716
1.012000  -1.306633
1.014000  -1.802599
1.016000  -1.979360
1.018000  -1.769997
1.020000  -1.585572
1.022000  -1.132909
1.024000  -.719408
1.026000  -.541580
1.028000  -.267421
1.030000  -.224343
1.032000  -.110900
1.034000  -.042599
1.036000  .036720
1.038000  -.037820
1.040000  .011394
1.042000  .108227
1.044000  .009413
1.046000  -.003910
1.048000  .063872
1.050000  .021616
1.052000  -.002269
1.054000  -.018407
1.056000  .016408
1.058000  .039397
1.060000  -.068241
1.062000  -.021538
1.064000  .009739
1.066000  .023357
1.068000  -.020567
1.070000  -.017630
1.072000  -.014750
1.074000  -.054019
1.076000  -.056119
1.078000  -.044626
1.080000  -.049610
1.082000  -.040230
1.084000  .009468
1.086000  .028277
1.088000  .050964
1.090000  .001185
1.092000  .021933
1.094000  .030969
1.096000  .109035
1.098000  -.081329
1.100000  -.038316
1.102000  .020007
1.104000  .072400
1.106000  .045698
1.108000  .010636
1.110000  .027006
1.112000  -.002208
1.114000  -.027948
1.116000  .009404
1.118000  -.038807
1.120000  -.003897
1.122000  .000895
1.124000  -.049738
1.126000  .034808
1.128000  .023095
1.130000  .005112
1.132000  .105073
1.134000  -.050729
1.136000  -.096501
1.138000  .007390
1.140000  .059728
1.142000  -.022376
1.144000  .061288
1.146000  -.037969
1.148000  -.076590
1.150000  .020119
1.152000  .016630
1.154000  -.024896
1.156000  .094864
1.158000  .028159
1.160000  -.071620
1.162000  .034593
1.164000  -.066864
1.166000  .044759
1.168000  .113228
1.170000  .125683
1.172000  .283972
1.174000  .446683
1.176000  .608600
1.178000  .894532
1.180000  1.101985
1.182000  1.460477
1.184000  1.672564
1.186000  1.534359
1.188000  1.110614
1.190000  .471610
1.192000  -.507279
1.194000  -1.589293
1.196000  -2.601945
1.198000  -3.336819
1.200000  -3.723627
1.202000  -3.264836
1.204000  -2.658096
1.206000  -1.595778
1.208000  -.612169
1.210000  .484240
1.212000  1.113191
1.214000  1.511065
1.216000  1.597362
1.218000  1.497668
1.220000  1.164668
1.222000  .913165
1.224000  .691859
1.226000  .327993
1.228000  .296093
1.230000  .189508
1.232000  .072103
1.234000  .007074
1.236000  -.052540
1.238000  -.079720
1.240000  .012070
1.242000  -.024923
1.244000  -.120673
1.246000  -.091264
1.248000  .039422
1.250000  .011130
1.252000  -.067768
1.254000  .132763
1.256000  -.029188
1.258000  -.051111
1.260000  .004316
1.262000  .016037
1.264000  .081089
1.266000  -.031068
1.268000  -.010077
1.270000  -.032922
1.272000  -.057915
1.274000  .036170
1.276000  .059893
1.278000  .071800
1.280000  .022238
1.282000  -.070992
1.284000  .128232
1.286000  -.057227
1.288000  .025250
1.290000  -.045611
1.292000  -.069220
1.294000  .033525
1.296000  -.056630
1.298000  .036691
1.300000  -.094090
1.302000  -.022176
1.304000  .076747
1.306000  -.016316
1.308000  -.045281
1.310000  -.051029
1.312000  -.050158
1.314000  -.024371
1.316000  .042731
1.318000  .059713
1.320000  .065795
1.322000  .062038
1.324000  .047810
1.326000  -.081050
1.328000  -.073480
1.330000  .034620
1.332000  .015844
1.334000  -.014883
1.336000  .099594
1.338000  -.034430
1.340000  -.053914
1.342000  .067221
1.344000  -.010643
1.346000  .026740
1.348000  -.001326
1.350000  -.011859
1.352000  .023967
1.354000  -.041727
1.356000  -.021546
1.358000  .056899
1.360000  .042735
1.362000  -.011836
1.364000  -.028904
1.366000  .045990
1.368000  .073643
1.370000  -.007331
1.372000  .011369
1.374000  .071338
1.376000  .141407
1.378000  .146728
1.380000  .377985
1.382000  .348542
1.384000  .318113
1.386000  .234474
1.388000  .251209
1.390000  .101269
1.392000  -.127496
1.394000  -.321187
1.396000  -.486089
1.398000  -.749695
1.400000  -.756593
1.402000  -.726477
1.404000  -.568812
1.406000  -.345089
1.408000  -.213977
1.410000  .149585
1.412000  .268391
1.414000  .374330
1.416000  .209867
1.418000  .355427
1.420000  .264518
1.422000  .165987
1.424000  .069750
1.426000  .005500
1.428000  .163959
1.430000  .083434
1.432000  .002712
1.434000  .069346
1.436000  -.021660
1.438000  -.014228
1.440000  -.092969
1.442000  -.033657
1.444000  .032797
1.446000  .052519
1.448000  .049617
1.450000  -.017616
1.452000  .056838
1.454000  -.063381
1.456000  -.042903
1.458000  -.063024
1.460000  .041375
1.462000  -.037222
1.464000  .110121
1.466000  -.016682
1.468000  .106969
1.470000  .044390
1.472000  .080018
1.474000  .027278
1.476000  -.031069
1.478000  .096765
1.480000  -.080728
1.482000  .042346
1.484000  -.038473
1.486000  .017018
1.488000  -.098705
1.490000  -.085559
1.492000  .038208
1.494000  .014322
1.496000  -.022029
1.498000  .011467
1.500000  -.110206
1.502000  -.033872
1.504000  .077844
1.506000  .032165
1.508000  .038042
1.510000  -.004407
1.512000  -.057726
1.514000  .008996
1.516000  .011329
1.518000  -.036262
1.520000  .013501
1.522000  -.035019
1.524000  .088641
1.526000  -.056052
1.528000  -.065601
1.530000  -.032482
1.532000  .037161
1.534000  -.000716
1.536000  .048852
1.538000  -.065217
1.540000  -.021514
1.542000  -.048681
1.544000  .048777
1.546000  .014362
1.548000  .011717
1.550000  .052048
1.552000  -.023859
1.554000  -.038210
1.556000  -.015173
1.558000  -.068929
1.560000  -.001083
1.562000  .024108
1.564000  .015908
1.566000  -.034566
1.568000  -.008511
1.570000  .044884
1.572000  -.031838
1.574000  -.094564
1.576000  .026278
1.578000  -.015203
1.580000  -.018880
1.582000  -.111328
1.584000  -.022839
1.586000  -.058595
1.588000  -.038066
1.590000  -.003373
1.592000  -.016403
1.594000  .052920
1.596000  .074852
1.598000  -.057846
1.600000  .057493
1.602000  .041398
1.604000  -.022011
1.606000  .030969
1.608000  .002720
1.610000  -.028677
1.612000  -.098115
1.614000  -.009855
1.616000  .052871
1.618000  .004941
1.620000  .013972
1.622000  -.024493
1.624000  .045230
1.626000  .066408
1.628000  .069262
1.630000  .078304
1.632000  -.009996
1.634000  -.094359
1.636000  .026603
1.638000  .022120
1.640000  .053165
1.642000  .058500
1.644000  -.024805
1.646000  .004840
1.648000  -.000028
1.650000  -.020646
1.652000  -.036612
1.654000  -.058698
1.656000  .035334
1.658000  -.091238
1.660000  -.119333
1.662000  -.018051
1.664000  .033787
1.666000  .004023
1.668000  .085715
1.670000  .080047
1.672000  .027681
1.674000  -.024612
1.676000  .002350
1.678000  -.040020
1.680000  -.104045
1.682000  -.036608
1.684000  .011378
1.686000  .023216
1.688000  -.085399
1.690000  -.019077
1.692000  .046924
1.694000  .002084
1.696000  -.016031
1.698000  .065645
1.700000  .017407
1.702000  .070409
1.704000  .015011
1.706000  -.090375
1.708000  .003745
1.710000  .036404
1.712000  .078195
1.714000  -.027310
1.716000  -.068191
1.718000  -.029671
1.720000  -.021474
1.722000  .070549
1.724000  .057992
1.726000  .025078
1.728000  .000724
1.730000  .008820
1.732000  -.062002
1.734000  .088497
1.736000  -.092970
1.738000  .042515
1.740000  -.010462
1.742000  -.042925
1.744000  -.083031
1.746000  -.008608
1.748000  -.042210
1.750000  .049233
1.752000  .023877
1.754000  -.017610
1.756000  .107531
1.758000  -.001570
1.760000  .057749
1.762000  -.087684
1.764000  .080828
1.766000  -.048874
1.768000  -.059875
1.770000  -.092899
1.772000  -.182073
1.774000  -.206391
1.776000  -.195274
1.778000  -.391748
1.780000  -.513123
1.782000  -.609649
1.784000  -.547634
1.786000  -.554051
1.788000  -.425284
1.790000  -.076120
1.792000  .190287
1.794000  .648908
1.796000  .976636
1.798000  1.210657
1.800000  1.335382
1.802000  1.264499
1.804000  .908781
1.806000  .538921
1.808000  .094513
1.810000  -.178351
1.812000  -.478111
1.814000  -.687973
1.816000  -.626774
1.818000  -.545573
1.820000  -.456057
1.822000  -.344668
1.824000  -.196146
1.826000  -.094094
1.828000  -.101941
1.830000  -.064742
1.832000  -.104573
1.834000  -.003513
1.836000  .019504
1.838000  .028931
1.840000  .046948
1.842000  -.066703
1.844000  -.024268
1.846000  -.010559
1.848000  -.063616
1.850000  -.055688
1.852000  .058727
1.854000  -.044637
1.856000  .051464
1.858000  .071842
1.860000  -.037522
1.862000  .006601
1.864000  .028386
1.866000  .087012
1.868000  -.101210
1.870000  -.019642
1.872000  .091542
1.874000  -.093747
1.876000  .039126
1.878000  .039302
1.880000  -.053228
1.882000  -.027632
1.884000  -.077711
1.886000  -.105646
1.888000  -.066563
1.890000  .041298
1.892000  -.021276
1.894000  -.006617
1.896000  .060439
1.898000  .024191
1.900000  .041878
1.902000  -.080522
1.904000  -.062331
1.906000  .024927
1.908000  .067107
1.910000  .020140
1.912000  .042079
1.914000  -.062873
1.916000  -.057757
1.918000  -.024796
1.920000  -.015090
1.922000  .016756
1.924000  -.001472
1.926000  -.008562
1.928000  -.083945
1.930000  .048930
1.932000  -.102674
1.934000  -.050369
1.936000  .019307
1.938000  .081344
1.940000  .028913
1.942000  -.050041
1.944000  -.011272
1.946000  .041295
1.948000  .003027
1.950000  -.001789
1.952000  .057167
1.954000  -.062913
1.956000  -.023290
1.958000  -.105324
1.960000  .029026
1.962000  .013153
1.964000  -.063129
1.966000  -.033158
1.968000  -.080133
1.970000  .025966
1.972000  .039435
1.974000  -.056862
1.976000  -.032659
1.978000  -.041600
1.980000  .063872
1.982000  -.052735
1.984000  .078677
1.986000  -.043197
1.988000  .010387
1.990000  -.015942
1.992000  -.040236
1.994000  -.011601
1.996000  .005351
1.998000  -.064440
2.000000  .020915
