           1   1.7872934763451083     
           2   1.7872934763451083     
           3   1.7872934763451083     
           4   1.7872934763451083     
           5   1.7872934763451083     
           6   1.7872934763451083     
           7   1.7872934763451083     
           8   1.7872934763451083     
           9   1.7856950790512656     
          10   1.7661876405383810     
          11   1.7661876405383810     
          12   1.7661876405383810     
          13   1.7661876405383810     
          14   1.7661876405383810     
          15   1.7661876405383810     
          16   1.7661876405383810     
          17   1.7661876405383810     
          18   1.7661876405383810     
          19   1.7661876405383810     
          20   1.7661876405383810     
          21   1.7661876405383810     
          22   1.7661876405383810     
          23   1.7661876405383810     
          24   1.7649646471185880     
          25   1.7649646471185880     
          26   1.7536848643608014     
          27   1.7536848643608014     
          28   1.7536848643608014     
          29   1.7536848643608014     
          30   1.7536848643608014     
          31   1.7536848643608014     
          32   1.7536848643608014     
          33   1.7536848643608014     
          34   1.7536848643608014     
          35   1.7536848643608014     
          36   1.7536848643608014     
          37   1.7536848643608014     
          38   1.7536848643608014     
          39   1.7536848643608014     
          40   1.7536848643608014     
          41   1.7536848643608014     
          42   1.7536848643608014     
          43   1.7536848643608014     
          44   1.7536848643608014     
          45   1.7536848643608014     
          46   1.7536848643608014     
          47   1.7536848643608014     
          48   1.7536848643608014     
          49   1.7536848643608014     
          50   1.7536848643608014     
          51   1.7536848643608014     
          52   1.7536848643608014     
          53   1.7536848643608014     
          54   1.7536848643608014     
          55   1.7536848643608014     
          56   1.7536848643608014     
          57   1.7536848643608014     
          58   1.7536848643608014     
          59   1.7536848643608014     
          60   1.7536848643608014     
          61   1.7536848643608014     
          62   1.7536848643608014     
          63   1.7536848643608014     
          64   1.7536848643608014     
          65   1.7536848643608014     
          66   1.7536848643608014     
          67   1.7536848643608014     
          68   1.7536848643608014     
          69   1.7536848643608014     
          70   1.7536848643608014     
          71   1.7536848643608014     
          72   1.7536848643608014     
          73   1.7536848643608014     
          74   1.7536848643608014     
          75   1.7536848643608014     
          76   1.7536848643608014     
          77  0.74049302243827864     
          78  0.74049302243827864     
          79  0.74049302243827864     
          80  0.74049302243827864     
          81  0.74049302243827864     
          82  0.74049302243827864     
          83  0.74049302243827864     
          84  0.74049302243827864     
          85  0.74049302243827864     
          86  0.74049302243827864     
          87  0.74049302243827864     
          88  0.74049302243827864     
          89  0.74049302243827864     
          90  0.74049302243827864     
          91  0.74049302243827864     
          92  0.74049302243827864     
          93  0.74049302243827864     
          94  0.74049302243827864     
          95  0.74049302243827864     
          96  0.74049302243827864     
          97  0.74049302243827864     
          98  0.74049302243827864     
          99  0.74049302243827864     
         100  0.74049302243827864     
         101  0.74049302243827864     
         102  0.74049302243827864     
         103  0.74049302243827864     
         104  0.74049302243827864     
         105  0.74049302243827864     
         106  0.74049302243827864     
         107  0.74049302243827864     
         108  0.74049302243827864     
         109  0.74049302243827864     
         110  0.74049302243827864     
         111  0.74049302243827864     
         112  0.74049302243827864     
         113  0.74049302243827864     
         114  0.74049302243827864     
         115  0.74049302243827864     
         116  0.74049302243827864     
         117  0.74049302243827864     
         118  0.74049302243827864     
         119  0.74049302243827864     
         120  0.74049302243827864     
         121  0.74049302243827864     
         122  0.74049302243827864     
         123  0.74049302243827864     
         124  0.74049302243827864     
         125  0.74049302243827864     
         126  0.74049302243827864     
         127  0.74049302243827864     
         128  0.74049302243827864     
         129  0.74049302243827864     
         130  0.74049302243827864     
         131  0.74049302243827864     
         132  0.74049302243827864     
         133  0.74049302243827864     
         134  0.74049302243827864     
         135  0.74049302243827864     
         136  0.74049302243827864     
         137  0.74049302243827864     
         138  0.74049302243827864     
         139  0.74049302243827864     
         140  0.74049302243827864     
         141  0.74049302243827864     
         142  0.74049302243827864     
         143  0.74049302243827864     
         144  0.74049302243827864     
         145  0.74049302243827864     
         146  0.74049302243827864     
         147  0.74049302243827864     
         148  0.74049302243827864     
         149  0.74049302243827864     
         150  0.74049302243827864     
         151  0.74049302243827864     
         152  0.74049302243827864     
         153  0.74049302243827864     
         154  0.74049302243827864     
         155  0.74049302243827864     
         156  0.74049302243827864     
         157  0.74049302243827864     
         158  0.74049302243827864     
         159  0.74049302243827864     
         160  0.64491612807851517     
         161  0.64491612807851517     
         162  0.53884216611140801     
         163  0.53884216611140801     
         164  0.53884216611140801     
         165   4.9847688024526882E-002
         166   4.9847688024526882E-002
         167   4.9847688024526882E-002
         168   4.9847688024526882E-002
         169   4.9847688024526882E-002
         170   4.9847688024526882E-002
         171   4.9847688024526882E-002
         172   4.9847688024526882E-002
         173   4.9847688024526882E-002
         174   4.9847688024526882E-002
         175   3.4737363652896924E-002
         176   3.4737363652896924E-002
         177   3.4737363652896924E-002
         178   3.4737363652896924E-002
         179   3.4737363652896924E-002
         180   3.4737363652896924E-002
         181   3.4737363652896924E-002
         182   3.4737363652896924E-002
         183   3.4737363652896924E-002
         184   3.4737363652896924E-002
         185   3.4737363652896924E-002
         186   3.4737363652896924E-002
         187   3.4737363652896924E-002
         188   3.4737363652896924E-002
         189   3.4737363652896924E-002
         190   3.4737363652896924E-002
         191   3.4737363652896924E-002
         192   3.4737363652896924E-002
         193   3.4737363652896924E-002
         194   3.4737363652896924E-002
         195   3.4737363652896924E-002
         196   3.4737363652896924E-002
         197   3.4737363652896924E-002
         198   3.4737363652896924E-002
         199   3.4737363652896924E-002
         200   3.4737363652896924E-002
         201   3.4737363652896924E-002
         202   3.4737363652896924E-002
         203   3.4737363652896924E-002
         204   3.4737363652896924E-002
         205   3.4737363652896924E-002
         206   3.4737363652896924E-002
         207   3.4737363652896924E-002
         208   3.4737363652896924E-002
         209   3.4737363652896924E-002
         210   3.4737363652896924E-002
         211   3.4737363652896924E-002
         212   3.4737363652896924E-002
         213   3.4737363652896924E-002
         214   3.4737363652896924E-002
         215   3.4737363652896924E-002
         216   3.4737363652896924E-002
         217   3.4737363652896924E-002
         218   3.4737363652896924E-002
         219   3.4737363652896924E-002
         220   3.4737363652896924E-002
         221   3.4737363652896924E-002
         222   3.4737363652896924E-002
         223   3.4737363652896924E-002
         224   3.4737363652896924E-002
         225   3.4737363652896924E-002
         226   3.4737363652896924E-002
         227   3.4737363652896924E-002
         228   3.4737363652896924E-002
         229   3.4737363652896924E-002
         230   3.4737363652896924E-002
         231   3.4737363652896924E-002
         232   3.4737363652896924E-002
         233   3.4737363652896924E-002
         234   3.4737363652896924E-002
         235   3.4737363652896924E-002
         236   3.4737363652896924E-002
         237   3.4737363652896924E-002
         238   3.4737363652896924E-002
         239   3.4737363652896924E-002
         240   3.4737363652896924E-002
         241   3.4737363652896924E-002
         242   3.4737363652896924E-002
         243   3.4737363652896924E-002
         244   3.4737363652896924E-002
         245   3.4737363652896924E-002
         246   3.4737363652896924E-002
         247   3.4737363652896924E-002
         248   3.4737363652896924E-002
         249   3.4737363652896924E-002
         250   3.4737363652896924E-002
         251   3.4737363652896924E-002
         252   3.4737363652896924E-002
         253   3.4737363652896924E-002
         254   3.4737363652896924E-002
         255   3.4737363652896924E-002
         256   3.4737363652896924E-002
         257   3.4737363652896924E-002
         258   3.4737363652896924E-002
         259   3.4737363652896924E-002
         260   3.4737363652896924E-002
         261   3.4737363652896924E-002
         262   3.4737363652896924E-002
         263   3.4737363652896924E-002
         264   3.4737363652896924E-002
         265   3.4737363652896924E-002
         266   3.4737363652896924E-002
         267   3.4737363652896924E-002
         268   3.4737363652896924E-002
         269   3.4737363652896924E-002
         270   3.4737363652896924E-002
         271   3.4737363652896924E-002
         272   3.4737363652896924E-002
         273   3.4737363652896924E-002
         274   3.4737363652896924E-002
         275   3.4737363652896924E-002
         276   3.4737363652896924E-002
         277   3.4737363652896924E-002
         278   3.4737363652896924E-002
         279   3.4737363652896924E-002
         280   3.4737363652896924E-002
         281   3.4737363652896924E-002
         282   3.4737363652896924E-002
         283   3.4737363652896924E-002
         284   3.4737363652896924E-002
         285   3.4737363652896924E-002
         286   3.4737363652896924E-002
         287   3.4737363652896924E-002
         288   3.4737363652896924E-002
         289   3.4737363652896924E-002
         290   3.4737363652896924E-002
         291   3.4737363652896924E-002
         292   3.4737363652896924E-002
         293   3.4737363652896924E-002
         294   3.4737363652896924E-002
         295   3.4737363652896924E-002
         296   3.4737363652896924E-002
         297   3.4737363652896924E-002
         298   3.4737363652896924E-002
         299   3.4737363652896924E-002
         300   3.4737363652896924E-002
         301   3.4737363652896924E-002
         302   3.4737363652896924E-002
         303   3.4737363652896924E-002
         304   3.4737363652896924E-002
         305   3.4737363652896924E-002
         306   3.4737363652896924E-002
         307   3.4737363652896924E-002
         308   3.4737363652896924E-002
         309   3.4737363652896924E-002
         310   3.4737363652896924E-002
         311   3.4737363652896924E-002
         312   3.4737363652896924E-002
         313   3.4737363652896924E-002
         314   3.4737363652896924E-002
         315   3.4737363652896924E-002
         316   3.4737363652896924E-002
         317   3.4737363652896924E-002
         318   3.4737363652896924E-002
         319   3.4737363652896924E-002
         320   3.4737363652896924E-002
         321   3.4737363652896924E-002
         322   3.4737363652896924E-002
         323   3.4737363652896924E-002
         324   3.4737363652896924E-002
         325   3.4737363652896924E-002
         326   3.4737363652896924E-002
         327   3.4737363652896924E-002
         328   3.4737363652896924E-002
         329   3.4737363652896924E-002
         330   3.4737363652896924E-002
         331   3.4737363652896924E-002
         332   3.4737363652896924E-002
         333   3.4737363652896924E-002
         334   3.4737363652896924E-002
         335   3.4737363652896924E-002
         336   3.4737363652896924E-002
         337   3.4737363652896924E-002
         338   3.4737363652896924E-002
         339   3.4737363652896924E-002
         340   3.4737363652896924E-002
         341   3.4737363652896924E-002
         342   3.4737363652896924E-002
         343   3.4737363652896924E-002
         344   3.4737363652896924E-002
         345   3.4737363652896924E-002
         346   3.4737363652896924E-002
         347   3.4737363652896924E-002
         348   3.4737363652896924E-002
         349   3.4737363652896924E-002
         350   3.4737363652896924E-002
         351   3.4737363652896924E-002
         352   3.4737363652896924E-002
         353   3.4737363652896924E-002
         354   3.4737363652896924E-002
         355   3.4737363652896924E-002
         356   3.4737363652896924E-002
         357   3.4737363652896924E-002
         358   3.4737363652896924E-002
         359   3.4737363652896924E-002
         360   3.4737363652896924E-002
         361   3.4737363652896924E-002
         362   3.4737363652896924E-002
         363   3.4737363652896924E-002
         364   3.4737363652896924E-002
         365   3.4737363652896924E-002
         366   3.4737363652896924E-002
         367   3.4737363652896924E-002
         368   3.4737363652896924E-002
         369   3.4737363652896924E-002
         370   3.4737363652896924E-002
         371   3.4737363652896924E-002
         372   3.4737363652896924E-002
         373   3.4737363652896924E-002
         374   3.4737363652896924E-002
         375   3.4737363652896924E-002
         376   3.4737363652896924E-002
         377   3.4737363652896924E-002
         378   3.4737363652896924E-002
         379   3.4737363652896924E-002
         380   3.4737363652896924E-002
         381   3.4737363652896924E-002
         382   3.4737363652896924E-002
         383   3.4737363652896924E-002
         384   3.4737363652896924E-002
         385   2.6939623776940813E-002
         386   4.6081313797285972E-003
