           1   2.2699311553903145     
           2   2.1505312982551175     
           3   2.1505312982551175     
           4   2.1505312982551175     
           5   2.1505312982551175     
           6   2.1505312982551175     
           7   2.1505312982551175     
           8   2.1505312982551175     
           9   2.0514082450855646     
          10   1.9522692978311138     
          11   1.9522692978311138     
          12   1.9417705965357097     
          13   1.9417705965357097     
          14   1.9417705965357097     
          15   1.9361975439711756     
          16   1.9361975439711756     
          17   1.9361975439711756     
          18   1.9361975439711756     
          19   1.9361975439711756     
          20   1.9361975439711756     
          21   1.9361975439711756     
          22   1.9361975439711756     
          23   1.9361975439711756     
          24   1.7374695339246822     
          25   1.1896811450951672     
          26   1.1896811450951672     
          27   1.1896811450951672     
          28  0.50637706946682393     
          29  0.47995403105765178     
          30  0.47995403105765178     
          31  0.47995403105765178     
          32  0.47995403105765178     
          33  0.47995403105765178     
          34  0.47995403105765178     
          35  0.47995403105765178     
          36  0.47995403105765178     
          37  0.47995403105765178     
          38  0.47995403105765178     
          39  0.47995403105765178     
          40  0.47995403105765178     
          41  0.47995403105765178     
          42  0.47995403105765178     
          43  0.47995403105765178     
          44  0.47995403105765178     
          45  0.47995403105765178     
          46  0.47995403105765178     
          47  0.47995403105765178     
          48  0.47995403105765178     
          49  0.47995403105765178     
          50  0.47995403105765178     
          51  0.47995403105765178     
          52  0.47995403105765178     
          53  0.47995403105765178     
          54  0.47995403105765178     
          55  0.47995403105765178     
          56  0.47995403105765178     
          57  0.47995403105765178     
          58  0.47995403105765178     
          59  0.47995403105765178     
          60  0.47995403105765178     
          61  0.47995403105765178     
          62  0.47995403105765178     
          63  0.47995403105765178     
          64  0.47995403105765178     
          65  0.47995403105765178     
          66  0.47995403105765178     
          67  0.47995403105765178     
          68  0.47995403105765178     
          69  0.47995403105765178     
          70  0.47995403105765178     
          71  0.47995403105765178     
          72  0.47995403105765178     
          73  0.47995403105765178     
          74  0.47995403105765178     
          75  0.47995403105765178     
          76  0.47995403105765178     
          77  0.47995403105765178     
          78  0.47995403105765178     
          79  0.47995403105765178     
          80  0.47995403105765178     
          81  0.47995403105765178     
          82  0.47995403105765178     
          83  0.47995403105765178     
          84  0.47995403105765178     
          85  0.47995403105765178     
          86  0.47995403105765178     
          87  0.47995403105765178     
          88  0.47995403105765178     
          89  0.47995403105765178     
          90  0.47995403105765178     
          91  0.47995403105765178     
          92  0.47995403105765178     
          93  0.47995403105765178     
          94  0.47995403105765178     
          95  0.47995403105765178     
          96  0.47995403105765178     
          97  0.47995403105765178     
          98  0.47995403105765178     
          99  0.47995403105765178     
         100  0.47995403105765178     
         101  0.47995403105765178     
         102  0.47995403105765178     
         103  0.47995403105765178     
         104  0.47995403105765178     
         105  0.47995403105765178     
         106  0.47995403105765178     
         107  0.47995403105765178     
         108  0.47995403105765178     
         109  0.47995403105765178     
         110  0.47995403105765178     
         111  0.47995403105765178     
         112  0.47995403105765178     
         113  0.47995403105765178     
         114  0.47995403105765178     
         115  0.47995403105765178     
         116  0.47995403105765178     
         117  0.47995403105765178     
         118  0.47995403105765178     
         119  0.47995403105765178     
         120  0.47995403105765178     
         121  0.47995403105765178     
         122  0.27746269670063928     
         123  0.27746269670063928     
         124  0.27746269670063928     
         125  0.27746269670063928     
         126  0.27746269670063928     
         127  0.27746269670063928     
         128  0.27746269670063928     
         129  0.27746269670063928     
         130  0.27746269670063928     
         131  0.27746269670063928     
         132  0.27746269670063928     
         133  0.27746269670063928     
         134  0.27746269670063928     
         135  0.27746269670063928     
         136  0.27746269670063928     
         137  0.27746269670063928     
         138  0.27746269670063928     
         139  0.27746269670063928     
         140  0.27746269670063928     
         141  0.27746269670063928     
         142  0.27746269670063928     
         143  0.27746269670063928     
         144  0.27746269670063928     
         145  0.27746269670063928     
         146  0.27746269670063928     
         147  0.24730898908613508     
         148  0.24730898908613508     
         149  0.24730898908613508     
         150  0.24730898908613508     
         151  0.24730898908613508     
         152  0.24730898908613508     
         153  0.24730898908613508     
         154  0.24730898908613508     
         155  0.24730898908613508     
         156  0.24730898908613508     
         157  0.24730898908613508     
         158  0.24730898908613508     
         159  0.24730898908613508     
         160  0.24730898908613508     
         161  0.24730898908613508     
         162  0.18330073939261027     
         163  0.18330073939261027     
         164  0.18330073939261027     
         165  0.18330073939261027     
         166  0.18330073939261027     
         167  0.18330073939261027     
         168  0.18330073939261027     
         169  0.18330073939261027     
         170  0.18330073939261027     
         171  0.18330073939261027     
         172  0.18330073939261027     
         173  0.18330073939261027     
         174  0.18330073939261027     
         175  0.18330073939261027     
         176  0.18330073939261027     
         177  0.18330073939261027     
         178  0.18330073939261027     
         179  0.18330073939261027     
         180  0.18330073939261027     
         181  0.18330073939261027     
         182  0.18330073939261027     
         183  0.18330073939261027     
         184  0.18330073939261027     
         185  0.18330073939261027     
         186  0.18330073939261027     
         187  0.18330073939261027     
         188  0.18330073939261027     
         189  0.18330073939261027     
         190  0.18330073939261027     
         191  0.18330073939261027     
         192  0.18330073939261027     
         193  0.18330073939261027     
         194  0.18330073939261027     
         195  0.18330073939261027     
         196  0.18330073939261027     
         197  0.18330073939261027     
         198  0.18330073939261027     
         199  0.18330073939261027     
         200  0.18330073939261027     
         201  0.18330073939261027     
         202  0.18330073939261027     
         203  0.18330073939261027     
         204  0.18330073939261027     
         205  0.18330073939261027     
         206  0.18330073939261027     
         207  0.18330073939261027     
         208  0.18330073939261027     
         209  0.18330073939261027     
         210  0.18330073939261027     
         211  0.18330073939261027     
         212  0.18330073939261027     
         213  0.18330073939261027     
         214  0.18330073939261027     
         215  0.18330073939261027     
         216  0.18330073939261027     
         217  0.18330073939261027     
         218  0.18330073939261027     
         219  0.18330073939261027     
         220  0.18330073939261027     
         221  0.18330073939261027     
         222  0.18330073939261027     
         223  0.18330073939261027     
         224  0.18330073939261027     
         225  0.18330073939261027     
         226  0.18330073939261027     
         227  0.18330073939261027     
         228  0.18330073939261027     
         229  0.18330073939261027     
         230  0.18330073939261027     
         231  0.18330073939261027     
         232  0.18330073939261027     
         233  0.18330073939261027     
         234  0.18330073939261027     
         235  0.18330073939261027     
         236  0.18330073939261027     
         237  0.18330073939261027     
         238  0.18330073939261027     
         239  0.18330073939261027     
         240  0.18330073939261027     
         241  0.18330073939261027     
         242  0.18330073939261027     
         243  0.18330073939261027     
         244  0.18330073939261027     
         245  0.18330073939261027     
         246  0.18330073939261027     
         247  0.18330073939261027     
         248  0.18330073939261027     
         249  0.18330073939261027     
         250  0.18330073939261027     
         251  0.18330073939261027     
         252  0.18330073939261027     
         253  0.18330073939261027     
         254  0.18330073939261027     
         255  0.18330073939261027     
         256  0.18330073939261027     
         257  0.18330073939261027     
         258  0.18330073939261027     
         259  0.18330073939261027     
         260  0.18330073939261027     
         261  0.18330073939261027     
         262  0.18330073939261027     
         263  0.18330073939261027     
         264  0.18330073939261027     
         265  0.18330073939261027     
         266  0.18330073939261027     
         267  0.18330073939261027     
         268  0.18330073939261027     
         269  0.18330073939261027     
         270  0.18330073939261027     
         271  0.18330073939261027     
         272  0.18330073939261027     
         273  0.18330073939261027     
         274  0.18330073939261027     
         275  0.18330073939261027     
         276  0.18330073939261027     
         277  0.18330073939261027     
         278  0.18330073939261027     
         279  0.18330073939261027     
         280  0.18330073939261027     
         281  0.18330073939261027     
         282  0.18330073939261027     
         283  0.18330073939261027     
         284  0.18330073939261027     
         285  0.18330073939261027     
         286  0.18330073939261027     
         287  0.18330073939261027     
         288  0.18330073939261027     
         289  0.18330073939261027     
         290  0.18330073939261027     
         291  0.18330073939261027     
         292  0.18330073939261027     
         293  0.18330073939261027     
         294  0.18330073939261027     
         295  0.18330073939261027     
         296  0.18330073939261027     
         297  0.18330073939261027     
         298  0.18330073939261027     
         299  0.18330073939261027     
         300  0.18330073939261027     
         301  0.18330073939261027     
         302  0.18330073939261027     
         303  0.18330073939261027     
         304  0.18330073939261027     
         305  0.18330073939261027     
         306  0.18330073939261027     
         307  0.18330073939261027     
         308  0.18330073939261027     
         309  0.18330073939261027     
         310  0.18330073939261027     
         311  0.18330073939261027     
         312  0.18330073939261027     
         313  0.18330073939261027     
         314  0.18330073939261027     
         315  0.18330073939261027     
         316  0.18330073939261027     
         317  0.18330073939261027     
         318  0.18330073939261027     
         319  0.18330073939261027     
         320  0.18330073939261027     
         321  0.18330073939261027     
         322  0.18330073939261027     
         323  0.18330073939261027     
         324  0.18330073939261027     
         325  0.18330073939261027     
         326  0.18330073939261027     
         327  0.18330073939261027     
         328  0.18330073939261027     
         329  0.18330073939261027     
         330  0.18330073939261027     
         331  0.18330073939261027     
         332  0.18330073939261027     
         333  0.18330073939261027     
         334  0.18330073939261027     
         335  0.18330073939261027     
         336  0.18330073939261027     
         337  0.18330073939261027     
         338  0.18330073939261027     
         339  0.18330073939261027     
         340  0.18330073939261027     
         341  0.18330073939261027     
         342  0.18330073939261027     
         343  0.18330073939261027     
         344  0.18330073939261027     
         345  0.18330073939261027     
         346  0.18330073939261027     
         347  0.18330073939261027     
         348  0.18330073939261027     
         349  0.18330073939261027     
         350  0.18330073939261027     
         351  0.18330073939261027     
         352  0.18330073939261027     
         353  0.18330073939261027     
         354  0.18330073939261027     
         355  0.18330073939261027     
         356  0.18330073939261027     
         357  0.18330073939261027     
         358  0.18330073939261027     
         359  0.18330073939261027     
         360  0.18330073939261027     
         361  0.18330073939261027     
         362  0.18330073939261027     
         363  0.18330073939261027     
         364  0.18330073939261027     
         365  0.18330073939261027     
         366  0.18330073939261027     
         367  0.18330073939261027     
         368  0.18330073939261027     
         369  0.18330073939261027     
         370  0.18330073939261027     
         371  0.18330073939261027     
         372  0.18330073939261027     
         373  0.18330073939261027     
         374  0.18330073939261027     
         375  0.18330073939261027     
         376  0.18330073939261027     
         377  0.18330073939261027     
         378  0.18330073939261027     
         379  0.18330073939261027     
         380  0.18330073939261027     
         381  0.18330073939261027     
         382  0.18330073939261027     
         383  0.18330073939261027     
         384  0.18330073939261027     
         385  0.18330073939261027     
         386  0.18330073939261027     
         387  0.18330073939261027     
         388  0.18330073939261027     
         389  0.18330073939261027     
         390  0.18330073939261027     
         391  0.18330073939261027     
         392  0.18330073939261027     
         393  0.18330073939261027     
         394  0.18330073939261027     
         395  0.18330073939261027     
         396  0.18330073939261027     
         397  0.18330073939261027     
         398  0.18330073939261027     
         399  0.18330073939261027     
         400  0.18330073939261027     
         401  0.18330073939261027     
         402  0.18330073939261027     
         403  0.18330073939261027     
         404  0.18330073939261027     
         405  0.18330073939261027     
         406  0.18330073939261027     
         407  0.18330073939261027     
         408  0.18330073939261027     
         409  0.18330073939261027     
         410  0.18330073939261027     
         411  0.18330073939261027     
         412  0.18330073939261027     
         413  0.18330073939261027     
         414  0.18330073939261027     
         415  0.18330073939261027     
         416  0.18330073939261027     
         417  0.18330073939261027     
         418  0.18330073939261027     
         419  0.18330073939261027     
         420  0.18330073939261027     
         421  0.18330073939261027     
         422  0.18330073939261027     
         423  0.18330073939261027     
         424  0.18330073939261027     
         425  0.18330073939261027     
         426  0.18330073939261027     
         427  0.18330073939261027     
         428  0.18330073939261027     
         429  0.18330073939261027     
         430  0.18330073939261027     
         431  0.18330073939261027     
         432  0.18330073939261027     
         433  0.18330073939261027     
         434  0.18330073939261027     
         435  0.18330073939261027     
         436  0.18330073939261027     
         437  0.18330073939261027     
         438  0.18330073939261027     
         439  0.18330073939261027     
         440  0.18330073939261027     
         441  0.18330073939261027     
         442  0.18330073939261027     
         443  0.18330073939261027     
         444  0.18330073939261027     
         445  0.18330073939261027     
         446  0.18330073939261027     
         447  0.18330073939261027     
         448  0.18330073939261027     
         449  0.18330073939261027     
         450  0.18330073939261027     
         451  0.18330073939261027     
         452  0.18330073939261027     
         453  0.18330073939261027     
         454  0.18330073939261027     
         455  0.18330073939261027     
         456  0.18330073939261027     
         457  0.18330073939261027     
         458  0.18330073939261027     
         459  0.18330073939261027     
         460  0.18330073939261027     
         461  0.18330073939261027     
         462  0.18330073939261027     
         463  0.18330073939261027     
         464  0.18330073939261027     
         465  0.18330073939261027     
         466  0.18330073939261027     
         467  0.18330073939261027     
         468  0.18330073939261027     
         469  0.18330073939261027     
         470  0.18330073939261027     
         471  0.18330073939261027     
         472  0.18330073939261027     
         473  0.18330073939261027     
         474  0.18330073939261027     
         475  0.18330073939261027     
         476  0.18330073939261027     
         477  0.18330073939261027     
         478  0.18330073939261027     
         479  0.18330073939261027     
         480  0.18330073939261027     
         481  0.18330073939261027     
         482  0.18330073939261027     
         483  0.18330073939261027     
         484  0.18330073939261027     
         485  0.18330073939261027     
         486  0.18330073939261027     
         487  0.18330073939261027     
         488  0.18330073939261027     
         489  0.18330073939261027     
         490  0.18330073939261027     
         491  0.18330073939261027     
         492  0.18330073939261027     
         493  0.18330073939261027     
         494  0.18330073939261027     
         495  0.18330073939261027     
         496  0.18330073939261027     
         497  0.18330073939261027     
         498  0.18330073939261027     
         499  0.18330073939261027     
         500  0.18330073939261027     
         501  0.18330073939261027     
         502  0.18330073939261027     
         503  0.18330073939261027     
         504  0.18330073939261027     
         505  0.18330073939261027     
         506  0.18330073939261027     
         507  0.18330073939261027     
         508  0.18330073939261027     
         509  0.18330073939261027     
         510  0.18330073939261027     
         511  0.18330073939261027     
         512  0.18330073939261027     
         513  0.18330073939261027     
         514  0.18330073939261027     
         515  0.18330073939261027     
         516  0.18330073939261027     
         517  0.18330073939261027     
         518  0.18330073939261027     
         519  0.18330073939261027     
         520  0.18330073939261027     
         521  0.18330073939261027     
         522  0.18330073939261027     
         523  0.18330073939261027     
         524  0.18330073939261027     
         525  0.18330073939261027     
         526  0.18330073939261027     
         527  0.18330073939261027     
         528  0.18330073939261027     
         529  0.18330073939261027     
         530  0.18330073939261027     
         531  0.18330073939261027     
         532  0.18330073939261027     
         533  0.18330073939261027     
         534  0.18330073939261027     
         535  0.18330073939261027     
         536  0.18330073939261027     
         537  0.18330073939261027     
         538  0.18330073939261027     
         539  0.18330073939261027     
         540  0.18330073939261027     
         541  0.18330073939261027     
         542  0.18330073939261027     
         543  0.18330073939261027     
         544  0.18330073939261027     
         545  0.18330073939261027     
         546  0.18330073939261027     
         547  0.18330073939261027     
         548  0.18330073939261027     
         549  0.18330073939261027     
         550  0.18330073939261027     
         551  0.18330073939261027     
         552  0.18330073939261027     
         553  0.18330073939261027     
         554  0.18330073939261027     
         555  0.18330073939261027     
         556  0.18330073939261027     
         557  0.18330073939261027     
         558  0.18330073939261027     
         559  0.18330073939261027     
         560  0.18330073939261027     
         561  0.18330073939261027     
         562  0.18330073939261027     
         563  0.18330073939261027     
         564  0.18330073939261027     
         565  0.18330073939261027     
         566  0.18330073939261027     
         567  0.18330073939261027     
         568  0.18330073939261027     
         569  0.18330073939261027     
         570  0.18330073939261027     
         571  0.18330073939261027     
         572  0.18330073939261027     
         573  0.18330073939261027     
         574  0.18330073939261027     
         575  0.18330073939261027     
         576  0.18330073939261027     
         577  0.18330073939261027     
         578  0.18330073939261027     
         579  0.18330073939261027     
         580  0.18330073939261027     
         581  0.18330073939261027     
         582  0.18330073939261027     
         583  0.18330073939261027     
         584  0.18330073939261027     
         585  0.18330073939261027     
         586  0.18330073939261027     
         587  0.18330073939261027     
         588  0.18330073939261027     
         589  0.18330073939261027     
         590  0.18330073939261027     
         591  0.18330073939261027     
         592  0.18330073939261027     
         593  0.18330073939261027     
         594  0.18330073939261027     
         595  0.18330073939261027     
         596  0.18330073939261027     
         597  0.18330073939261027     
         598  0.18330073939261027     
         599  0.18330073939261027     
         600  0.18330073939261027     
         601  0.18330073939261027     
         602  0.18330073939261027     
         603  0.18330073939261027     
         604  0.18330073939261027     
         605  0.18330073939261027     
         606  0.18330073939261027     
         607  0.18330073939261027     
         608  0.18330073939261027     
         609  0.18330073939261027     
         610  0.18330073939261027     
         611  0.18330073939261027     
         612  0.18330073939261027     
         613  0.18330073939261027     
         614  0.18330073939261027     
         615  0.18330073939261027     
         616  0.18330073939261027     
         617  0.18330073939261027     
         618  0.18330073939261027     
         619  0.18330073939261027     
         620  0.18330073939261027     
         621  0.18330073939261027     
         622  0.18330073939261027     
         623  0.18330073939261027     
         624  0.18330073939261027     
         625  0.18330073939261027     
         626  0.18330073939261027     
         627  0.18330073939261027     
         628  0.18330073939261027     
         629  0.18330073939261027     
         630  0.18330073939261027     
         631  0.18330073939261027     
         632  0.18330073939261027     
         633  0.18330073939261027     
         634  0.18330073939261027     
         635  0.18330073939261027     
         636  0.18330073939261027     
         637  0.18330073939261027     
         638  0.18330073939261027     
         639  0.18330073939261027     
         640  0.18330073939261027     
         641  0.18330073939261027     
         642  0.18330073939261027     
         643  0.18330073939261027     
         644  0.18330073939261027     
         645  0.18330073939261027     
         646  0.18330073939261027     
         647  0.18330073939261027     
         648  0.18330073939261027     
         649  0.18330073939261027     
         650  0.18330073939261027     
         651  0.18330073939261027     
         652  0.18330073939261027     
         653  0.18330073939261027     
         654  0.18330073939261027     
         655  0.18330073939261027     
         656  0.18330073939261027     
         657  0.18330073939261027     
         658  0.18330073939261027     
         659  0.18330073939261027     
         660  0.18330073939261027     
         661  0.18330073939261027     
         662  0.18330073939261027     
         663  0.18330073939261027     
         664  0.18330073939261027     
         665  0.18330073939261027     
         666  0.18330073939261027     
         667  0.18330073939261027     
         668  0.18330073939261027     
         669  0.18330073939261027     
         670  0.18330073939261027     
         671  0.18330073939261027     
         672  0.18330073939261027     
         673  0.18330073939261027     
         674  0.18330073939261027     
         675  0.18330073939261027     
         676  0.18330073939261027     
         677  0.18330073939261027     
         678  0.18330073939261027     
         679  0.18330073939261027     
         680  0.18330073939261027     
         681  0.18330073939261027     
         682  0.18330073939261027     
         683  0.18330073939261027     
         684  0.18330073939261027     
         685  0.18330073939261027     
         686  0.18330073939261027     
         687  0.18330073939261027     
         688  0.18330073939261027     
         689  0.18330073939261027     
         690  0.18330073939261027     
         691  0.18330073939261027     
         692  0.18330073939261027     
         693  0.18330073939261027     
         694  0.18330073939261027     
         695  0.18330073939261027     
         696  0.18330073939261027     
         697  0.18330073939261027     
         698  0.18330073939261027     
         699  0.18330073939261027     
         700  0.18330073939261027     
         701  0.18330073939261027     
         702  0.18330073939261027     
         703  0.18330073939261027     
         704  0.18330073939261027     
         705  0.18330073939261027     
         706  0.18330073939261027     
         707  0.18330073939261027     
         708  0.18330073939261027     
         709  0.18330073939261027     
         710  0.18330073939261027     
         711  0.18330073939261027     
         712  0.18330073939261027     
         713  0.18330073939261027     
         714  0.18330073939261027     
         715  0.18330073939261027     
         716  0.18330073939261027     
         717  0.18330073939261027     
         718  0.18330073939261027     
         719  0.18330073939261027     
         720  0.18330073939261027     
         721  0.18330073939261027     
         722  0.18330073939261027     
         723  0.18330073939261027     
         724  0.18330073939261027     
         725  0.18330073939261027     
         726  0.18330073939261027     
         727  0.18330073939261027     
         728  0.18330073939261027     
         729  0.18330073939261027     
         730  0.18330073939261027     
         731  0.18330073939261027     
         732  0.18330073939261027     
         733  0.18330073939261027     
         734  0.18330073939261027     
         735  0.18330073939261027     
         736  0.18330073939261027     
         737  0.18330073939261027     
         738  0.18330073939261027     
         739  0.18330073939261027     
         740  0.18330073939261027     
         741  0.18330073939261027     
         742  0.18330073939261027     
         743  0.18330073939261027     
         744  0.18330073939261027     
         745  0.18330073939261027     
         746  0.18330073939261027     
         747  0.18330073939261027     
         748  0.18330073939261027     
         749  0.18330073939261027     
         750  0.18330073939261027     
         751  0.18330073939261027     
         752  0.18330073939261027     
         753  0.18330073939261027     
         754  0.18330073939261027     
         755  0.18330073939261027     
         756  0.18330073939261027     
         757  0.18330073939261027     
         758  0.18330073939261027     
         759  0.18330073939261027     
         760  0.18330073939261027     
         761  0.18330073939261027     
         762  0.18330073939261027     
         763  0.18330073939261027     
         764  0.18330073939261027     
         765  0.18330073939261027     
         766  0.18330073939261027     
         767  0.18330073939261027     
         768  0.18330073939261027     
         769  0.18330073939261027     
         770  0.18330073939261027     
         771  0.18330073939261027     
         772  0.18330073939261027     
         773  0.18330073939261027     
         774  0.18330073939261027     
         775  0.18330073939261027     
         776  0.18330073939261027     
         777  0.18330073939261027     
         778  0.18330073939261027     
         779  0.18330073939261027     
         780  0.18330073939261027     
         781  0.18330073939261027     
         782  0.18330073939261027     
         783  0.18330073939261027     
         784  0.18330073939261027     
         785  0.18330073939261027     
         786  0.18330073939261027     
         787  0.18330073939261027     
         788  0.18330073939261027     
         789  0.18330073939261027     
         790  0.18330073939261027     
         791  0.18330073939261027     
         792  0.18330073939261027     
         793  0.18330073939261027     
         794  0.18330073939261027     
         795  0.18330073939261027     
         796  0.18330073939261027     
         797  0.18330073939261027     
         798  0.18330073939261027     
         799  0.18330073939261027     
         800  0.18330073939261027     
         801  0.18330073939261027     
         802  0.18330073939261027     
         803  0.18330073939261027     
         804  0.18330073939261027     
         805  0.18330073939261027     
         806  0.18330073939261027     
         807  0.18330073939261027     
         808  0.18330073939261027     
         809  0.18330073939261027     
         810  0.18330073939261027     
         811  0.18330073939261027     
         812  0.18330073939261027     
         813  0.18330073939261027     
         814  0.18330073939261027     
         815  0.18330073939261027     
         816  0.18330073939261027     
         817  0.18330073939261027     
         818  0.18330073939261027     
         819  0.18330073939261027     
         820  0.18330073939261027     
         821  0.18330073939261027     
         822  0.18330073939261027     
         823  0.18330073939261027     
         824  0.18330073939261027     
         825  0.18330073939261027     
         826  0.18330073939261027     
         827  0.18330073939261027     
         828  0.18330073939261027     
         829  0.18330073939261027     
         830  0.18330073939261027     
         831  0.18330073939261027     
         832  0.18330073939261027     
         833  0.18330073939261027     
         834  0.18330073939261027     
         835  0.18330073939261027     
         836  0.18330073939261027     
         837  0.18330073939261027     
         838  0.18330073939261027     
         839  0.18330073939261027     
         840  0.18330073939261027     
         841  0.18330073939261027     
         842  0.18330073939261027     
         843  0.18330073939261027     
         844  0.18330073939261027     
         845  0.18330073939261027     
         846  0.18330073939261027     
         847  0.18330073939261027     
         848  0.18330073939261027     
         849  0.18330073939261027     
         850  0.18330073939261027     
         851  0.18330073939261027     
         852  0.18330073939261027     
         853  0.18330073939261027     
         854  0.18330073939261027     
         855  0.18330073939261027     
         856  0.18330073939261027     
         857  0.18330073939261027     
         858  0.18330073939261027     
         859  0.18330073939261027     
         860  0.18330073939261027     
         861  0.18330073939261027     
         862  0.18330073939261027     
         863  0.18330073939261027     
         864  0.18330073939261027     
         865  0.18330073939261027     
         866  0.18330073939261027     
         867  0.18330073939261027     
         868  0.18330073939261027     
         869  0.18330073939261027     
         870  0.18330073939261027     
         871  0.18330073939261027     
         872  0.18330073939261027     
         873  0.18330073939261027     
         874  0.18330073939261027     
         875  0.18330073939261027     
         876  0.18330073939261027     
         877  0.18330073939261027     
         878  0.18330073939261027     
         879  0.18330073939261027     
         880  0.18330073939261027     
         881  0.18330073939261027     
         882  0.18330073939261027     
         883  0.18330073939261027     
         884  0.18330073939261027     
         885  0.18330073939261027     
         886  0.18330073939261027     
         887  0.18330073939261027     
         888  0.18330073939261027     
         889  0.18330073939261027     
         890  0.18330073939261027     
         891  0.18330073939261027     
         892  0.18330073939261027     
         893  0.18330073939261027     
         894  0.18330073939261027     
         895  0.18330073939261027     
         896  0.18330073939261027     
         897  0.18330073939261027     
         898  0.18330073939261027     
         899  0.18330073939261027     
         900  0.18330073939261027     
         901  0.18330073939261027     
         902  0.18330073939261027     
         903  0.18330073939261027     
         904  0.18330073939261027     
         905  0.18330073939261027     
         906  0.18330073939261027     
         907  0.18330073939261027     
         908  0.18330073939261027     
         909  0.18330073939261027     
         910  0.18330073939261027     
         911  0.18330073939261027     
         912  0.18330073939261027     
         913  0.18330073939261027     
         914  0.18330073939261027     
         915  0.18330073939261027     
         916  0.18330073939261027     
         917  0.18330073939261027     
         918  0.18330073939261027     
         919  0.18330073939261027     
         920  0.18330073939261027     
         921  0.18330073939261027     
         922  0.18330073939261027     
         923  0.18330073939261027     
         924  0.18330073939261027     
         925  0.18330073939261027     
         926  0.18330073939261027     
         927  0.18330073939261027     
         928  0.18330073939261027     
         929  0.18330073939261027     
         930  0.18330073939261027     
         931  0.18330073939261027     
         932  0.18330073939261027     
         933  0.18330073939261027     
         934  0.18330073939261027     
         935  0.18330073939261027     
         936  0.18330073939261027     
         937  0.18330073939261027     
         938  0.18330073939261027     
         939  0.18330073939261027     
         940  0.18330073939261027     
         941  0.18330073939261027     
         942  0.18330073939261027     
         943  0.18330073939261027     
         944  0.18330073939261027     
         945  0.18330073939261027     
         946  0.18330073939261027     
         947  0.18330073939261027     
         948  0.18330073939261027     
         949  0.18330073939261027     
         950  0.18330073939261027     
         951  0.18330073939261027     
         952  0.18330073939261027     
         953  0.18330073939261027     
         954  0.18330073939261027     
         955  0.18330073939261027     
         956  0.18330073939261027     
         957  0.18330073939261027     
         958  0.18330073939261027     
         959  0.18330073939261027     
         960  0.18330073939261027     
         961  0.18330073939261027     
         962  0.18330073939261027     
         963  0.18330073939261027     
         964  0.18330073939261027     
         965  0.18330073939261027     
         966  0.18330073939261027     
         967  0.18330073939261027     
         968  0.18330073939261027     
         969  0.18330073939261027     
         970  0.18330073939261027     
         971  0.18330073939261027     
         972  0.18330073939261027     
         973  0.18330073939261027     
         974  0.18330073939261027     
         975  0.18330073939261027     
         976  0.18330073939261027     
         977  0.18330073939261027     
         978  0.18330073939261027     
         979  0.18330073939261027     
         980  0.18330073939261027     
         981  0.18330073939261027     
         982  0.18330073939261027     
         983  0.18330073939261027     
         984  0.18330073939261027     
         985  0.18330073939261027     
         986  0.18330073939261027     
         987  0.18330073939261027     
         988  0.18330073939261027     
         989  0.18330073939261027     
         990  0.18330073939261027     
         991  0.18330073939261027     
         992  0.18330073939261027     
         993  0.18330073939261027     
         994  0.18330073939261027     
         995  0.18330073939261027     
         996  0.18330073939261027     
         997  0.18330073939261027     
         998  0.18330073939261027     
         999  0.18330073939261027     
        1000  0.18330073939261027     
        1001  0.18330073939261027     
        1002  0.18330073939261027     
        1003  0.18330073939261027     
        1004  0.18330073939261027     
        1005  0.18330073939261027     
        1006  0.18330073939261027     
        1007  0.18330073939261027     
        1008  0.18330073939261027     
        1009  0.18330073939261027     
        1010  0.18330073939261027     
        1011  0.18330073939261027     
        1012  0.18330073939261027     
        1013  0.18330073939261027     
        1014  0.18330073939261027     
        1015  0.18330073939261027     
        1016  0.18330073939261027     
        1017  0.18330073939261027     
        1018  0.18330073939261027     
        1019  0.18330073939261027     
        1020  0.18330073939261027     
        1021  0.18330073939261027     
        1022  0.18330073939261027     
        1023  0.18330073939261027     
        1024  0.18330073939261027     
        1025  0.18330073939261027     
        1026  0.18330073939261027     
        1027  0.18330073939261027     
        1028  0.18330073939261027     
        1029  0.18330073939261027     
        1030  0.18330073939261027     
        1031  0.18330073939261027     
        1032  0.18330073939261027     
        1033  0.18330073939261027     
        1034  0.18330073939261027     
        1035  0.18330073939261027     
        1036  0.18330073939261027     
        1037  0.18330073939261027     
        1038  0.18330073939261027     
        1039  0.18330073939261027     
        1040  0.18330073939261027     
        1041  0.18330073939261027     
        1042  0.18330073939261027     
        1043  0.18330073939261027     
        1044  0.18330073939261027     
        1045  0.18330073939261027     
        1046  0.18330073939261027     
        1047  0.18330073939261027     
        1048  0.18330073939261027     
        1049  0.18330073939261027     
        1050  0.18330073939261027     
        1051  0.18330073939261027     
        1052  0.18330073939261027     
        1053  0.18330073939261027     
        1054  0.18330073939261027     
        1055  0.18330073939261027     
        1056  0.18330073939261027     
        1057  0.18330073939261027     
        1058  0.18330073939261027     
        1059  0.18330073939261027     
        1060  0.18330073939261027     
        1061  0.18330073939261027     
        1062  0.18330073939261027     
        1063  0.18330073939261027     
        1064  0.18330073939261027     
        1065  0.18330073939261027     
        1066  0.18330073939261027     
        1067  0.18330073939261027     
        1068  0.18330073939261027     
        1069  0.18330073939261027     
        1070  0.18330073939261027     
        1071  0.18330073939261027     
        1072  0.18330073939261027     
        1073  0.18330073939261027     
        1074  0.18330073939261027     
        1075  0.18330073939261027     
        1076  0.18330073939261027     
        1077  0.18330073939261027     
        1078  0.18330073939261027     
        1079  0.18330073939261027     
        1080  0.18330073939261027     
        1081  0.18330073939261027     
        1082  0.18330073939261027     
        1083  0.18330073939261027     
        1084  0.18330073939261027     
        1085  0.18330073939261027     
        1086  0.18330073939261027     
        1087  0.18330073939261027     
        1088  0.18330073939261027     
        1089  0.18330073939261027     
        1090  0.18330073939261027     
        1091  0.18330073939261027     
        1092  0.18330073939261027     
        1093  0.18330073939261027     
        1094  0.18330073939261027     
        1095  0.18330073939261027     
        1096  0.18330073939261027     
        1097  0.18330073939261027     
        1098  0.18330073939261027     
        1099  0.18330073939261027     
        1100  0.18330073939261027     
        1101  0.18330073939261027     
        1102  0.18330073939261027     
        1103  0.18330073939261027     
        1104  0.18330073939261027     
        1105  0.18330073939261027     
        1106  0.18330073939261027     
        1107  0.18330073939261027     
        1108  0.18330073939261027     
        1109  0.18330073939261027     
        1110  0.18330073939261027     
        1111  0.18330073939261027     
        1112  0.18330073939261027     
        1113  0.18330073939261027     
        1114  0.18330073939261027     
        1115  0.18330073939261027     
        1116  0.18330073939261027     
        1117  0.18330073939261027     
        1118  0.18330073939261027     
        1119  0.18330073939261027     
        1120  0.18330073939261027     
        1121  0.18330073939261027     
        1122  0.18330073939261027     
        1123  0.18330073939261027     
        1124  0.18330073939261027     
        1125  0.18330073939261027     
        1126  0.18330073939261027     
        1127  0.18330073939261027     
        1128  0.18330073939261027     
        1129  0.18330073939261027     
        1130  0.18330073939261027     
        1131  0.18330073939261027     
        1132  0.18330073939261027     
        1133  0.18330073939261027     
        1134  0.18330073939261027     
        1135  0.18330073939261027     
        1136  0.18330073939261027     
        1137  0.18330073939261027     
        1138  0.18330073939261027     
        1139  0.18330073939261027     
        1140  0.18330073939261027     
        1141  0.18330073939261027     
        1142  0.18330073939261027     
        1143  0.18330073939261027     
        1144  0.18330073939261027     
        1145  0.18330073939261027     
        1146  0.18330073939261027     
        1147  0.18330073939261027     
        1148  0.18330073939261027     
        1149  0.18330073939261027     
        1150  0.18330073939261027     
        1151  0.18330073939261027     
        1152  0.18330073939261027     
        1153  0.18330073939261027     
        1154  0.18330073939261027     
        1155  0.18330073939261027     
        1156  0.18330073939261027     
        1157  0.18330073939261027     
        1158  0.18330073939261027     
        1159  0.18330073939261027     
        1160  0.18330073939261027     
        1161  0.18330073939261027     
        1162  0.18330073939261027     
        1163  0.18330073939261027     
        1164  0.18330073939261027     
        1165  0.18330073939261027     
        1166  0.18330073939261027     
        1167  0.18330073939261027     
        1168  0.18330073939261027     
        1169  0.18330073939261027     
        1170  0.18330073939261027     
        1171  0.18330073939261027     
        1172  0.18330073939261027     
        1173  0.18330073939261027     
        1174  0.18330073939261027     
        1175  0.18330073939261027     
        1176  0.18330073939261027     
        1177  0.18330073939261027     
        1178  0.18330073939261027     
        1179  0.18330073939261027     
        1180  0.18330073939261027     
        1181  0.18330073939261027     
        1182  0.18330073939261027     
        1183  0.18330073939261027     
        1184  0.18330073939261027     
        1185  0.18330073939261027     
        1186  0.18330073939261027     
        1187  0.18330073939261027     
        1188  0.18330073939261027     
        1189  0.18330073939261027     
        1190  0.18330073939261027     
        1191  0.18330073939261027     
        1192  0.18330073939261027     
        1193  0.18330073939261027     
        1194  0.18330073939261027     
        1195  0.18330073939261027     
        1196  0.18330073939261027     
        1197  0.18330073939261027     
        1198  0.18330073939261027     
        1199  0.18330073939261027     
        1200  0.18330073939261027     
        1201  0.18330073939261027     
        1202  0.18330073939261027     
        1203  0.18330073939261027     
        1204  0.18330073939261027     
        1205  0.18330073939261027     
        1206  0.18330073939261027     
        1207  0.18330073939261027     
        1208  0.18330073939261027     
        1209  0.18330073939261027     
        1210  0.18330073939261027     
        1211  0.18330073939261027     
        1212  0.18330073939261027     
        1213  0.18330073939261027     
        1214  0.18330073939261027     
        1215  0.18330073939261027     
        1216  0.18330073939261027     
        1217  0.18330073939261027     
        1218  0.18330073939261027     
        1219  0.18330073939261027     
        1220  0.18330073939261027     
        1221  0.18330073939261027     
        1222  0.18330073939261027     
        1223  0.18330073939261027     
        1224  0.18330073939261027     
        1225  0.18330073939261027     
        1226  0.18330073939261027     
        1227  0.18330073939261027     
        1228  0.18330073939261027     
        1229  0.18330073939261027     
        1230  0.18330073939261027     
        1231  0.18330073939261027     
        1232  0.18330073939261027     
        1233  0.18330073939261027     
        1234  0.18330073939261027     
        1235  0.18330073939261027     
        1236  0.18330073939261027     
        1237  0.18330073939261027     
        1238  0.18330073939261027     
        1239  0.18330073939261027     
        1240  0.18330073939261027     
        1241  0.18330073939261027     
        1242  0.18330073939261027     
        1243  0.18330073939261027     
        1244  0.18330073939261027     
        1245  0.18330073939261027     
        1246  0.18330073939261027     
        1247  0.18330073939261027     
        1248  0.18330073939261027     
        1249  0.18330073939261027     
        1250  0.18330073939261027     
        1251  0.18330073939261027     
        1252  0.18330073939261027     
        1253  0.18330073939261027     
        1254  0.18330073939261027     
        1255  0.18330073939261027     
        1256  0.18330073939261027     
        1257  0.18330073939261027     
        1258  0.18330073939261027     
        1259  0.18330073939261027     
        1260  0.18330073939261027     
        1261  0.18330073939261027     
        1262  0.18330073939261027     
        1263  0.18330073939261027     
        1264  0.18330073939261027     
        1265  0.18330073939261027     
        1266  0.18330073939261027     
        1267  0.18330073939261027     
        1268  0.18330073939261027     
        1269  0.18330073939261027     
        1270  0.18330073939261027     
        1271  0.18330073939261027     
        1272  0.18330073939261027     
        1273  0.18330073939261027     
        1274  0.18330073939261027     
        1275  0.18330073939261027     
        1276  0.18330073939261027     
        1277  0.18330073939261027     
        1278  0.18330073939261027     
        1279  0.18330073939261027     
        1280  0.18330073939261027     
        1281  0.18330073939261027     
        1282  0.18330073939261027     
        1283  0.18330073939261027     
        1284  0.18330073939261027     
        1285  0.18330073939261027     
        1286  0.18330073939261027     
        1287  0.18330073939261027     
        1288  0.18330073939261027     
        1289  0.18330073939261027     
        1290  0.18330073939261027     
        1291  0.18330073939261027     
        1292  0.18330073939261027     
        1293  0.18330073939261027     
        1294  0.18330073939261027     
        1295  0.18330073939261027     
        1296  0.18330073939261027     
        1297  0.18330073939261027     
        1298  0.18330073939261027     
        1299  0.18330073939261027     
        1300  0.18330073939261027     
        1301  0.18330073939261027     
        1302  0.18330073939261027     
        1303  0.18330073939261027     
        1304  0.18330073939261027     
        1305  0.18330073939261027     
        1306  0.18330073939261027     
        1307  0.18330073939261027     
        1308  0.18330073939261027     
        1309  0.18330073939261027     
        1310  0.18330073939261027     
        1311  0.18330073939261027     
        1312  0.18330073939261027     
        1313  0.18330073939261027     
        1314  0.18330073939261027     
        1315   3.2294193584511355E-002
        1316   3.2294193584511355E-002
        1317   2.6648677509520269E-002
        1318   2.6648677509520269E-002
        1319   2.6648677509520269E-002
        1320   2.6648677509520269E-002
        1321   2.6648677509520269E-002
        1322   2.6648677509520269E-002
        1323   2.6648677509520269E-002
        1324   2.6648677509520269E-002
        1325   1.1664453912299422E-002
        1326   1.1664453912299422E-002
        1327   1.1664453912299422E-002
        1328   1.1664453912299422E-002
        1329   1.1664453912299422E-002
        1330   5.0832190710732306E-003
