           1   2.4007956904195540     
           2   1.7617576476079932     
           3   1.7617576476079932     
           4   1.7617576476079932     
           5   1.7617576476079932     
           6   1.7617576476079932     
           7   1.7617576476079932     
           8   1.7417420064647899     
           9   1.7340042607926405     
          10   1.7340042607926405     
          11   1.6860313107789322     
          12   1.6860313107789322     
          13   1.6860313107789322     
          14   1.6860313107789322     
          15   1.5783136996233109     
          16   1.5783136996233109     
          17   1.5783136996233109     
          18   1.5783136996233109     
          19   1.5783136996233109     
          20   1.5783136996233109     
          21   1.5783136996233109     
          22   1.5783136996233109     
          23   1.5783136996233109     
          24  0.66340412439024732     
          25  0.66340412439024732     
          26  0.66340412439024732     
          27  0.66340412439024732     
          28  0.66340412439024732     
          29  0.66340412439024732     
          30  0.66340412439024732     
          31  0.66340412439024732     
          32  0.66340412439024732     
          33  0.66340412439024732     
          34  0.66340412439024732     
          35  0.66340412439024732     
          36  0.66340412439024732     
          37  0.66340412439024732     
          38  0.66340412439024732     
          39  0.66340412439024732     
          40  0.66340412439024732     
          41  0.66340412439024732     
          42  0.66340412439024732     
          43  0.66340412439024732     
          44  0.66340412439024732     
          45  0.66340412439024732     
          46  0.66340412439024732     
          47  0.66340412439024732     
          48  0.66340412439024732     
          49  0.66340412439024732     
          50  0.66340412439024732     
          51  0.66340412439024732     
          52  0.66340412439024732     
          53  0.66340412439024732     
          54  0.66340412439024732     
          55  0.66340412439024732     
          56  0.66340412439024732     
          57  0.66340412439024732     
          58  0.66340412439024732     
          59  0.66340412439024732     
          60  0.66340412439024732     
          61  0.66340412439024732     
          62  0.66340412439024732     
          63  0.66340412439024732     
          64  0.66340412439024732     
          65  0.66340412439024732     
          66  0.66340412439024732     
          67  0.66340412439024732     
          68  0.66340412439024732     
          69  0.66340412439024732     
          70  0.66340412439024732     
          71  0.66340412439024732     
          72  0.66340412439024732     
          73  0.66340412439024732     
          74  0.66340412439024732     
          75  0.66340412439024732     
          76  0.66340412439024732     
          77  0.66340412439024732     
          78  0.66340412439024732     
          79  0.66340412439024732     
          80  0.66340412439024732     
          81  0.66340412439024732     
          82  0.66340412439024732     
          83  0.66340412439024732     
          84  0.66340412439024732     
          85  0.66340412439024732     
          86  0.66340412439024732     
          87  0.66340412439024732     
          88  0.66340412439024732     
          89  0.66340412439024732     
          90  0.66340412439024732     
          91  0.66340412439024732     
          92  0.66340412439024732     
          93  0.66340412439024732     
          94  0.66340412439024732     
          95  0.66340412439024732     
          96  0.66340412439024732     
          97  0.66340412439024732     
          98  0.66340412439024732     
          99  0.66340412439024732     
         100  0.66340412439024732     
         101  0.66340412439024732     
         102  0.66340412439024732     
         103  0.66340412439024732     
         104  0.66340412439024732     
         105  0.66340412439024732     
         106  0.66340412439024732     
         107  0.66340412439024732     
         108  0.66340412439024732     
         109  0.66340412439024732     
         110  0.66340412439024732     
         111  0.66340412439024732     
         112  0.66340412439024732     
         113  0.66340412439024732     
         114  0.66340412439024732     
         115  0.65790519378468026     
         116  0.65790519378468026     
         117  0.65790519378468026     
         118  0.65790519378468026     
         119  0.65790519378468026     
         120  0.65790519378468026     
         121  0.65790519378468026     
         122  0.65790519378468026     
         123  0.65790519378468026     
         124  0.65790519378468026     
         125  0.65790519378468026     
         126  0.65790519378468026     
         127  0.65790519378468026     
         128  0.65177842125524776     
         129  0.65177842125524776     
         130  0.65177842125524776     
         131  0.65177842125524776     
         132  0.36315874413934957     
         133  0.36315874413934957     
         134  0.36315874413934957     
         135  0.36315874413934957     
         136  0.36315874413934957     
         137  0.36315874413934957     
         138  0.36315874413934957     
         139  0.36315874413934957     
         140  0.36315874413934957     
         141  0.36315874413934957     
         142  0.36315874413934957     
         143  0.36315874413934957     
         144  0.36315874413934957     
         145  0.36315874413934957     
         146  0.36315874413934957     
         147  0.36315874413934957     
         148  0.36315874413934957     
         149  0.36315874413934957     
         150  0.36315874413934957     
         151  0.36315874413934957     
         152  0.36315874413934957     
         153  0.36315874413934957     
         154  0.36315874413934957     
         155  0.36315874413934957     
         156  0.36315874413934957     
         157  0.36315874413934957     
         158  0.36315874413934957     
         159  0.36315874413934957     
         160  0.36315874413934957     
         161  0.36315874413934957     
         162  0.36315874413934957     
         163  0.36315874413934957     
         164  0.36315874413934957     
         165  0.36315874413934957     
         166  0.36315874413934957     
         167  0.36315874413934957     
         168  0.36315874413934957     
         169  0.36315874413934957     
         170  0.36315874413934957     
         171  0.36315874413934957     
         172  0.36315874413934957     
         173  0.36315874413934957     
         174  0.36315874413934957     
         175  0.36315874413934957     
         176  0.36315874413934957     
         177  0.36315874413934957     
         178  0.36315874413934957     
         179  0.36315874413934957     
         180  0.36315874413934957     
         181  0.36315874413934957     
         182  0.36315874413934957     
         183  0.36315874413934957     
         184  0.36315874413934957     
         185  0.36315874413934957     
         186  0.36315874413934957     
         187  0.36315874413934957     
         188  0.36315874413934957     
         189  0.36315874413934957     
         190  0.36315874413934957     
         191  0.36315874413934957     
         192  0.36315874413934957     
         193  0.36315874413934957     
         194  0.36315874413934957     
         195  0.36315874413934957     
         196  0.36315874413934957     
         197  0.36315874413934957     
         198  0.36315874413934957     
         199  0.36315874413934957     
         200  0.36315874413934957     
         201  0.36315874413934957     
         202  0.36315874413934957     
         203  0.36315874413934957     
         204  0.36315874413934957     
         205  0.36315874413934957     
         206  0.36315874413934957     
         207  0.36315874413934957     
         208  0.36315874413934957     
         209  0.36315874413934957     
         210  0.36315874413934957     
         211  0.36315874413934957     
         212  0.36315874413934957     
         213  0.36315874413934957     
         214  0.36315874413934957     
         215  0.36315874413934957     
         216  0.36315874413934957     
         217  0.36315874413934957     
         218  0.36315874413934957     
         219  0.36315874413934957     
         220  0.36315874413934957     
         221  0.36315874413934957     
         222  0.36315874413934957     
         223  0.36315874413934957     
         224  0.36315874413934957     
         225  0.36315874413934957     
         226  0.36315874413934957     
         227  0.36315874413934957     
         228  0.36315874413934957     
         229  0.36315874413934957     
         230  0.36315874413934957     
         231  0.36315874413934957     
         232  0.36315874413934957     
         233  0.36315874413934957     
         234  0.36315874413934957     
         235  0.36315874413934957     
         236  0.36315874413934957     
         237  0.36315874413934957     
         238  0.36315874413934957     
         239  0.36315874413934957     
         240  0.36315874413934957     
         241  0.36315874413934957     
         242  0.36315874413934957     
         243  0.36315874413934957     
         244  0.36315874413934957     
         245  0.36315874413934957     
         246  0.36315874413934957     
         247  0.36315874413934957     
         248  0.36315874413934957     
         249  0.36315874413934957     
         250  0.36315874413934957     
         251  0.36315874413934957     
         252  0.36315874413934957     
         253  0.36315874413934957     
         254  0.36315874413934957     
         255  0.36315874413934957     
         256  0.36315874413934957     
         257  0.36315874413934957     
         258  0.36315874413934957     
         259  0.36315874413934957     
         260  0.36315874413934957     
         261  0.36315874413934957     
         262  0.36315874413934957     
         263  0.36315874413934957     
         264  0.36315874413934957     
         265  0.36315874413934957     
         266  0.36315874413934957     
         267  0.36315874413934957     
         268  0.36315874413934957     
         269  0.36315874413934957     
         270  0.36315874413934957     
         271  0.36315874413934957     
         272  0.36315874413934957     
         273  0.36315874413934957     
         274  0.36315874413934957     
         275  0.36315874413934957     
         276  0.36315874413934957     
         277  0.36315874413934957     
         278  0.36315874413934957     
         279  0.36315874413934957     
         280  0.36315874413934957     
         281  0.36315874413934957     
         282  0.36315874413934957     
         283  0.36315874413934957     
         284  0.36315874413934957     
         285  0.36315874413934957     
         286  0.36315874413934957     
         287  0.36315874413934957     
         288  0.36315874413934957     
         289  0.36315874413934957     
         290  0.36315874413934957     
         291  0.36315874413934957     
         292  0.36315874413934957     
         293  0.36315874413934957     
         294  0.36315874413934957     
         295  0.36315874413934957     
         296  0.36315874413934957     
         297  0.36315874413934957     
         298  0.36315874413934957     
         299  0.36315874413934957     
         300  0.36315874413934957     
         301  0.36315874413934957     
         302  0.36315874413934957     
         303  0.36315874413934957     
         304  0.36315874413934957     
         305  0.36315874413934957     
         306  0.36315874413934957     
         307  0.36315874413934957     
         308  0.36315874413934957     
         309  0.36315874413934957     
         310  0.36315874413934957     
         311  0.36315874413934957     
         312  0.36315874413934957     
         313  0.36315874413934957     
         314  0.36315874413934957     
         315  0.36315874413934957     
         316  0.36315874413934957     
         317  0.36315874413934957     
         318  0.36315874413934957     
         319  0.36315874413934957     
         320  0.36315874413934957     
         321  0.36315874413934957     
         322  0.36315874413934957     
         323  0.36315874413934957     
         324  0.36315874413934957     
         325  0.36315874413934957     
         326  0.36315874413934957     
         327  0.36315874413934957     
         328  0.36315874413934957     
         329  0.36315874413934957     
         330  0.36315874413934957     
         331  0.36315874413934957     
         332  0.36315874413934957     
         333  0.36315874413934957     
         334  0.36315874413934957     
         335  0.36315874413934957     
         336  0.36315874413934957     
         337  0.36315874413934957     
         338  0.36315874413934957     
         339  0.15858440584181555     
         340  0.15858440584181555     
         341  0.15858440584181555     
         342  0.15858440584181555     
         343  0.15858440584181555     
         344  0.15858440584181555     
         345  0.15858440584181555     
         346  0.15858440584181555     
         347  0.15858440584181555     
         348  0.15858440584181555     
         349  0.15858440584181555     
         350  0.15858440584181555     
         351  0.15858440584181555     
         352  0.15858440584181555     
         353  0.15858440584181555     
         354  0.15858440584181555     
         355  0.15858440584181555     
         356  0.15858440584181555     
         357  0.15858440584181555     
         358  0.15858440584181555     
         359  0.15858440584181555     
         360  0.15858440584181555     
         361  0.15858440584181555     
         362  0.15858440584181555     
         363  0.15858440584181555     
         364  0.15858440584181555     
         365  0.15858440584181555     
         366  0.15858440584181555     
         367  0.15858440584181555     
         368  0.15858440584181555     
         369  0.15858440584181555     
         370  0.15858440584181555     
         371  0.15858440584181555     
         372  0.15858440584181555     
         373  0.15858440584181555     
         374  0.15858440584181555     
         375  0.15858440584181555     
         376  0.15858440584181555     
         377  0.15858440584181555     
         378  0.15858440584181555     
         379  0.15858440584181555     
         380  0.15858440584181555     
         381  0.15858440584181555     
         382  0.15858440584181555     
         383  0.15858440584181555     
         384  0.15858440584181555     
         385  0.15858440584181555     
         386  0.15858440584181555     
         387  0.15858440584181555     
         388  0.15858440584181555     
         389  0.15858440584181555     
         390  0.15858440584181555     
         391  0.15858440584181555     
         392  0.15858440584181555     
         393  0.15858440584181555     
         394  0.15858440584181555     
         395  0.15858440584181555     
         396  0.15858440584181555     
         397  0.15858440584181555     
         398  0.15858440584181555     
         399  0.15858440584181555     
         400  0.15858440584181555     
         401  0.15858440584181555     
         402  0.15858440584181555     
         403  0.15858440584181555     
         404  0.15858440584181555     
         405  0.15858440584181555     
         406  0.15858440584181555     
         407  0.15858440584181555     
         408  0.15858440584181555     
         409  0.15858440584181555     
         410  0.15858440584181555     
         411  0.15858440584181555     
         412  0.15858440584181555     
         413  0.15858440584181555     
         414  0.15858440584181555     
         415  0.15858440584181555     
         416  0.15858440584181555     
         417  0.15858440584181555     
         418  0.15858440584181555     
         419  0.15858440584181555     
         420  0.15858440584181555     
         421  0.15858440584181555     
         422  0.15858440584181555     
         423  0.15858440584181555     
         424  0.15858440584181555     
         425  0.15858440584181555     
         426  0.15858440584181555     
         427  0.15858440584181555     
         428  0.15858440584181555     
         429  0.15014804319405251     
         430  0.14917301765793312     
         431  0.14917301765793312     
         432  0.14917301765793312     
         433  0.14917301765793312     
         434  0.14917301765793312     
         435  0.14917301765793312     
         436  0.14917301765793312     
         437  0.14917301765793312     
         438  0.14917301765793312     
         439  0.14917301765793312     
         440  0.14917301765793312     
         441  0.14917301765793312     
         442  0.14917301765793312     
         443  0.14917301765793312     
         444  0.14917301765793312     
         445  0.14917301765793312     
         446  0.14917301765793312     
         447   8.1815577854567501E-002
         448   8.1815577854567501E-002
         449   8.1815577854567501E-002
         450   8.1815577854567501E-002
         451   8.1815577854567501E-002
         452   8.1815577854567501E-002
         453   8.1815577854567501E-002
         454   8.1815577854567501E-002
         455   8.1815577854567501E-002
         456   8.1815577854567501E-002
         457   8.1815577854567501E-002
         458   8.1815577854567501E-002
         459   8.1815577854567501E-002
         460   8.1815577854567501E-002
         461   8.1815577854567501E-002
         462   8.1815577854567501E-002
         463   8.1815577854567501E-002
         464   8.1815577854567501E-002
         465   8.1815577854567501E-002
         466   8.1815577854567501E-002
         467   8.1815577854567501E-002
         468   8.1815577854567501E-002
         469   8.1815577854567501E-002
         470   8.1815577854567501E-002
         471   8.1815577854567501E-002
         472   8.1815577854567501E-002
         473   8.1815577854567501E-002
         474   8.1815577854567501E-002
         475   8.1815577854567501E-002
         476   8.1815577854567501E-002
         477   8.1815577854567501E-002
         478   8.1815577854567501E-002
         479   8.1815577854567501E-002
         480   8.1815577854567501E-002
         481   8.1815577854567501E-002
         482   8.1815577854567501E-002
         483   8.1815577854567501E-002
         484   8.1815577854567501E-002
         485   8.1815577854567501E-002
         486   8.1815577854567501E-002
         487   8.1815577854567501E-002
         488   8.1815577854567501E-002
         489   8.1815577854567501E-002
         490   8.1815577854567501E-002
         491   8.1815577854567501E-002
         492   8.1815577854567501E-002
         493   8.1815577854567501E-002
         494   8.1815577854567501E-002
         495   8.1815577854567501E-002
         496   8.1815577854567501E-002
         497   8.1815577854567501E-002
         498   8.1815577854567501E-002
         499   8.1815577854567501E-002
         500   8.1815577854567501E-002
         501   8.1815577854567501E-002
         502   8.1815577854567501E-002
         503   8.1815577854567501E-002
         504   8.1815577854567501E-002
         505   8.1815577854567501E-002
         506   8.1815577854567501E-002
         507   8.1815577854567501E-002
         508   8.1815577854567501E-002
         509   1.6091435338219995E-002
         510   1.6091435338219995E-002
         511   1.4633616227524904E-002
         512   1.4633616227524904E-002
         513   1.4633616227524904E-002
         514   1.4633616227524904E-002
         515   1.4633616227524904E-002
         516   1.4633616227524904E-002
         517   1.4633616227524904E-002
         518   1.4633616227524904E-002
         519   1.4633616227524904E-002
         520   1.4633616227524904E-002
         521   1.4633616227524904E-002
         522   1.4633616227524904E-002
         523   1.4633616227524904E-002
         524   1.4633616227524904E-002
         525   1.4633616227524904E-002
         526   1.4633616227524904E-002
         527   1.4633616227524904E-002
         528   1.4633616227524904E-002
         529   1.4633616227524904E-002
         530   1.4633616227524904E-002
         531   1.4633616227524904E-002
         532   1.4633616227524904E-002
         533   1.4633616227524904E-002
         534   1.4633616227524904E-002
         535   1.4633616227524904E-002
         536   1.4633616227524904E-002
         537   1.4633616227524904E-002
         538   1.4633616227524904E-002
         539   1.4633616227524904E-002
         540   1.4633616227524904E-002
         541   1.4633616227524904E-002
         542   1.4633616227524904E-002
         543   1.4633616227524904E-002
         544   1.4633616227524904E-002
         545   1.4633616227524904E-002
         546   1.4633616227524904E-002
         547   1.4633616227524904E-002
         548   1.4633616227524904E-002
         549   1.4633616227524904E-002
         550   1.4633616227524904E-002
         551   1.4633616227524904E-002
         552   1.4633616227524904E-002
         553   1.4633616227524904E-002
         554   1.4633616227524904E-002
         555   1.4633616227524904E-002
         556   1.4633616227524904E-002
         557   1.4633616227524904E-002
         558   1.4633616227524904E-002
         559   1.4633616227524904E-002
         560   1.4633616227524904E-002
         561   1.4633616227524904E-002
         562   1.4633616227524904E-002
         563   1.4633616227524904E-002
         564   1.4633616227524904E-002
         565   1.4633616227524904E-002
         566   1.4633616227524904E-002
         567   1.4633616227524904E-002
         568   1.4633616227524904E-002
         569   1.4633616227524904E-002
         570   1.4633616227524904E-002
         571   1.4633616227524904E-002
         572   1.4633616227524904E-002
         573   1.4633616227524904E-002
         574   1.4633616227524904E-002
         575   1.4633616227524904E-002
         576   1.4633616227524904E-002
         577   1.4633616227524904E-002
         578   1.4633616227524904E-002
         579   1.4633616227524904E-002
         580   1.4633616227524904E-002
         581   1.4633616227524904E-002
         582   1.4633616227524904E-002
         583   1.4633616227524904E-002
         584   1.4633616227524904E-002
         585   1.4633616227524904E-002
         586   1.4633616227524904E-002
         587   1.4633616227524904E-002
         588   1.4633616227524904E-002
         589   1.4633616227524904E-002
         590   1.4633616227524904E-002
         591   1.4633616227524904E-002
         592   1.4633616227524904E-002
         593   1.4633616227524904E-002
         594   1.4633616227524904E-002
         595   1.4633616227524904E-002
         596   1.4633616227524904E-002
         597   1.4633616227524904E-002
         598   1.4633616227524904E-002
         599   1.4633616227524904E-002
         600   1.4633616227524904E-002
         601   1.4633616227524904E-002
         602   1.4633616227524904E-002
         603   1.4633616227524904E-002
         604   1.4633616227524904E-002
         605   1.4633616227524904E-002
         606   1.4633616227524904E-002
         607   1.4633616227524904E-002
         608   1.4633616227524904E-002
         609   1.4633616227524904E-002
         610   1.4633616227524904E-002
         611   1.4633616227524904E-002
         612   1.4633616227524904E-002
         613   1.4633616227524904E-002
         614   1.4633616227524904E-002
         615   1.4633616227524904E-002
         616   1.4633616227524904E-002
         617   1.4633616227524904E-002
         618   1.4633616227524904E-002
         619   1.4633616227524904E-002
         620   1.4633616227524904E-002
         621   1.0588999452647130E-002
         622   1.0588999452647130E-002
         623   1.0588999452647130E-002
         624   1.0588999452647130E-002
         625   1.0588999452647130E-002
         626   1.0588999452647130E-002
         627   1.0588999452647130E-002
         628   1.0588999452647130E-002
         629   1.0588999452647130E-002
         630   1.0588999452647130E-002
         631   1.0588999452647130E-002
         632   1.0588999452647130E-002
         633   1.0588999452647130E-002
         634   1.0588999452647130E-002
         635   1.0588999452647130E-002
         636   1.0588999452647130E-002
         637   1.0588999452647130E-002
         638   4.0650128410346653E-003
