           1   1.6076904716785627     
           2   1.6076904716785627     
           3   1.6076904716785627     
           4   1.6076904716785627     
           5   1.6076904716785627     
           6   1.6076904716785627     
           7   1.6076904716785627     
           8   1.6076904716785627     
           9   1.6076904716785627     
          10   1.6076904716785627     
          11   1.6076904716785627     
          12   1.6076904716785627     
          13   1.6076904716785627     
          14   1.6076904716785627     
          15   1.6076904716785627     
          16   1.6076904716785627     
          17   1.6076904716785627     
          18   1.6076904716785627     
          19   1.6076904716785627     
          20   1.6076904716785627     
          21   1.6076904716785627     
          22   1.6076904716785627     
          23   1.6076904716785627     
          24   1.6076904716785627     
          25   1.6076904716785627     
          26   1.6076904716785627     
          27   1.6076904716785627     
          28   1.6076904716785627     
          29   1.6076904716785627     
          30   1.6076904716785627     
          31   1.6076904716785627     
          32   1.6076904716785627     
          33   1.6076904716785627     
          34   1.6076904716785627     
          35   1.6076904716785627     
          36   1.6076904716785627     
          37   1.6076904716785627     
          38   1.6076904716785627     
          39   1.6076904716785627     
          40   1.6076904716785627     
          41   1.6076904716785627     
          42   1.6076904716785627     
          43   1.6076904716785627     
          44   1.6076904716785627     
          45   1.6076904716785627     
          46   1.6076904716785627     
          47   1.6076904716785627     
          48   1.6076904716785627     
          49   1.6076904716785627     
          50   1.6076904716785627     
          51   1.6076904716785627     
          52   1.6076904716785627     
          53   1.6076904716785627     
          54   1.6076904716785627     
          55   1.6076904716785627     
          56   1.6076904716785627     
          57   1.6076904716785627     
          58   1.6076904716785627     
          59  0.12674140712750237     
          60  0.12674140712750237     
          61  0.12674140712750237     
          62  0.12674140712750237     
          63  0.12674140712750237     
          64  0.12674140712750237     
          65  0.12674140712750237     
          66  0.12674140712750237     
          67  0.12674140712750237     
          68  0.12674140712750237     
          69  0.12674140712750237     
          70  0.12674140712750237     
          71  0.12674140712750237     
          72  0.12674140712750237     
          73  0.12674140712750237     
          74  0.12674140712750237     
          75  0.12674140712750237     
          76  0.12674140712750237     
          77  0.12674140712750237     
          78  0.12674140712750237     
          79  0.12674140712750237     
          80  0.12674140712750237     
          81  0.12674140712750237     
          82  0.12674140712750237     
          83  0.12674140712750237     
          84  0.12674140712750237     
          85  0.12674140712750237     
          86  0.12674140712750237     
          87  0.12674140712750237     
          88  0.12674140712750237     
          89  0.12674140712750237     
          90  0.12674140712750237     
          91  0.12674140712750237     
          92  0.12674140712750237     
          93  0.12674140712750237     
          94  0.12674140712750237     
          95  0.12674140712750237     
          96  0.12674140712750237     
          97  0.12674140712750237     
          98  0.12674140712750237     
          99  0.12674140712750237     
         100  0.12674140712750237     
         101  0.12674140712750237     
         102  0.12674140712750237     
         103  0.12674140712750237     
         104  0.12674140712750237     
         105  0.12674140712750237     
         106  0.12674140712750237     
         107  0.12674140712750237     
         108  0.12674140712750237     
         109  0.12674140712750237     
         110  0.12674140712750237     
         111  0.12674140712750237     
         112  0.12674140712750237     
         113  0.12674140712750237     
         114  0.12674140712750237     
         115  0.12674140712750237     
         116  0.12674140712750237     
         117  0.12674140712750237     
         118  0.12674140712750237     
         119  0.12674140712750237     
         120  0.12674140712750237     
         121  0.12674140712750237     
         122  0.12674140712750237     
         123  0.12674140712750237     
         124  0.12674140712750237     
         125  0.12674140712750237     
         126  0.12674140712750237     
         127  0.12674140712750237     
         128  0.12674140712750237     
         129  0.12674140712750237     
         130  0.12674140712750237     
         131  0.12674140712750237     
         132  0.12674140712750237     
         133  0.12674140712750237     
         134  0.12674140712750237     
         135  0.12674140712750237     
         136  0.12674140712750237     
         137  0.12674140712750237     
         138  0.12674140712750237     
         139  0.12674140712750237     
         140  0.12674140712750237     
         141  0.12674140712750237     
         142  0.12674140712750237     
         143  0.12674140712750237     
         144  0.12674140712750237     
         145  0.12674140712750237     
         146  0.12674140712750237     
         147  0.12674140712750237     
         148  0.12674140712750237     
         149  0.12674140712750237     
         150  0.12674140712750237     
         151  0.12674140712750237     
         152  0.12674140712750237     
         153  0.12674140712750237     
         154  0.12674140712750237     
         155  0.12674140712750237     
         156  0.12674140712750237     
         157  0.12674140712750237     
         158  0.12674140712750237     
         159  0.12674140712750237     
         160  0.12674140712750237     
         161  0.12674140712750237     
         162  0.12674140712750237     
         163  0.12674140712750237     
         164  0.12674140712750237     
         165  0.12674140712750237     
         166  0.12674140712750237     
         167  0.12674140712750237     
         168  0.12674140712750237     
         169  0.12674140712750237     
         170  0.12674140712750237     
         171  0.12674140712750237     
         172  0.12674140712750237     
         173  0.12674140712750237     
         174  0.12674140712750237     
         175  0.12674140712750237     
         176  0.12674140712750237     
         177  0.12674140712750237     
         178  0.12674140712750237     
         179  0.12674140712750237     
         180  0.12674140712750237     
         181  0.12674140712750237     
         182  0.12674140712750237     
         183  0.12674140712750237     
         184  0.12674140712750237     
         185  0.12674140712750237     
         186  0.12674140712750237     
         187  0.12674140712750237     
         188  0.12674140712750237     
         189  0.12674140712750237     
         190   2.9182428976479713E-002
         191   2.9182428976479713E-002
         192   2.9182428976479713E-002
         193   6.5324634785506319E-003
