           1   4.0333625628070848     
           2   4.0333625628070848     
           3   3.1576091927743857     
           4   3.1576091927743857     
           5   3.1576091927743857     
           6  0.15222943906014219     
           7   9.2107170463183508E-002
           8   9.2107170463183508E-002
           9   9.2107170463183508E-002
          10   9.2107170463183508E-002
          11   9.2107170463183508E-002
          12   6.8757041535284280E-002
          13   6.8757041535284280E-002
          14   6.8757041535284280E-002
          15   6.8757041535284280E-002
          16   6.8757041535284280E-002
          17   6.8757041535284280E-002
          18   6.8757041535284280E-002
          19   6.8757041535284280E-002
          20   6.8757041535284280E-002
          21   6.8757041535284280E-002
          22   6.8757041535284280E-002
          23   6.8757041535284280E-002
          24   6.8757041535284280E-002
          25   6.8757041535284280E-002
          26   6.8757041535284280E-002
          27   6.8757041535284280E-002
          28   6.8757041535284280E-002
          29   6.8757041535284280E-002
          30   6.8757041535284280E-002
          31   6.8757041535284280E-002
          32   6.8757041535284280E-002
          33   6.8757041535284280E-002
          34   6.8757041535284280E-002
          35   6.8757041535284280E-002
          36   6.8757041535284280E-002
          37   6.8757041535284280E-002
          38   6.8757041535284280E-002
          39   6.8757041535284280E-002
          40   6.8757041535284280E-002
          41   6.8757041535284280E-002
          42   6.8757041535284280E-002
          43   6.8757041535284280E-002
          44   6.8757041535284280E-002
          45   6.8757041535284280E-002
          46   6.8757041535284280E-002
          47   6.8757041535284280E-002
          48   6.8757041535284280E-002
          49   6.8757041535284280E-002
          50   6.8757041535284280E-002
          51   6.8757041535284280E-002
          52   6.8757041535284280E-002
          53   6.8757041535284280E-002
          54   6.8757041535284280E-002
          55   6.8757041535284280E-002
          56   6.8757041535284280E-002
          57   6.8757041535284280E-002
          58   6.8757041535284280E-002
          59   6.8757041535284280E-002
          60   6.8757041535284280E-002
          61   6.8757041535284280E-002
          62   6.8757041535284280E-002
          63   6.8757041535284280E-002
          64   6.8757041535284280E-002
          65   6.8757041535284280E-002
          66   6.8757041535284280E-002
          67   6.8757041535284280E-002
          68   6.8757041535284280E-002
          69   6.8757041535284280E-002
          70   6.8757041535284280E-002
          71   6.8757041535284280E-002
          72   6.8757041535284280E-002
          73   6.8757041535284280E-002
          74   6.8757041535284280E-002
          75   6.8757041535284280E-002
          76   6.8757041535284280E-002
          77   6.8757041535284280E-002
          78   6.8757041535284280E-002
          79   6.8757041535284280E-002
          80   6.8757041535284280E-002
          81   6.8757041535284280E-002
          82   6.8757041535284280E-002
          83   6.8757041535284280E-002
          84   6.8757041535284280E-002
          85   6.8757041535284280E-002
          86   6.8757041535284280E-002
          87   6.8757041535284280E-002
          88   6.8757041535284280E-002
          89   6.8757041535284280E-002
          90   6.8757041535284280E-002
          91   6.8757041535284280E-002
          92   6.8757041535284280E-002
          93   6.8757041535284280E-002
          94   6.8757041535284280E-002
          95   6.8757041535284280E-002
          96   6.8757041535284280E-002
          97   6.8757041535284280E-002
          98   6.8757041535284280E-002
          99   6.8757041535284280E-002
         100   6.8757041535284280E-002
         101   6.8757041535284280E-002
         102   6.8757041535284280E-002
         103   6.8757041535284280E-002
         104   6.8757041535284280E-002
         105   6.8757041535284280E-002
         106   6.8757041535284280E-002
         107   6.8757041535284280E-002
         108   6.8757041535284280E-002
         109   6.8757041535284280E-002
         110   6.8757041535284280E-002
         111   6.8757041535284280E-002
         112   6.8757041535284280E-002
         113   6.8757041535284280E-002
         114   6.8757041535284280E-002
         115   6.8757041535284280E-002
         116   6.8757041535284280E-002
         117   6.8757041535284280E-002
         118   6.8757041535284280E-002
         119   6.8757041535284280E-002
         120   6.8757041535284280E-002
         121   6.8757041535284280E-002
         122   6.8757041535284280E-002
         123   6.8757041535284280E-002
         124   6.8757041535284280E-002
         125   6.8757041535284280E-002
         126   6.8757041535284280E-002
         127   6.8757041535284280E-002
         128   6.8757041535284280E-002
         129   6.8757041535284280E-002
         130   6.8757041535284280E-002
         131   6.8757041535284280E-002
         132   6.8757041535284280E-002
         133   6.8757041535284280E-002
         134   6.8757041535284280E-002
         135   6.8757041535284280E-002
         136   6.8757041535284280E-002
         137   6.8757041535284280E-002
         138   6.8757041535284280E-002
         139   6.8670995850255601E-002
         140   6.5409008140383307E-002
         141   6.5409008140383307E-002
         142   6.4343190527521799E-002
         143   6.4343190527521799E-002
         144   6.4343190527521799E-002
         145   6.4343190527521799E-002
         146   6.4343190527521799E-002
         147   6.4343190527521799E-002
         148   6.4343190527521799E-002
         149   6.4343190527521799E-002
         150   6.4343190527521799E-002
         151   6.4343190527521799E-002
         152   6.4343190527521799E-002
         153   6.4343190527521799E-002
         154   6.4343190527521799E-002
         155   6.4343190527521799E-002
         156   6.4343190527521799E-002
         157   6.4343190527521799E-002
         158   6.4343190527521799E-002
         159   6.4343190527521799E-002
         160   6.4343190527521799E-002
         161   6.4343190527521799E-002
         162   6.4343190527521799E-002
         163   6.4343190527521799E-002
         164   6.4343190527521799E-002
         165   6.4343190527521799E-002
         166   6.4343190527521799E-002
         167   6.4343190527521799E-002
         168   6.4343190527521799E-002
         169   6.4343190527521799E-002
         170   6.4343190527521799E-002
         171   6.4343190527521799E-002
         172   6.4343190527521799E-002
         173   6.4343190527521799E-002
         174   6.4343190527521799E-002
         175   6.4343190527521799E-002
         176   6.4343190527521799E-002
         177   6.4343190527521799E-002
         178   6.4343190527521799E-002
         179   6.4343190527521799E-002
         180   6.4343190527521799E-002
         181   6.4343190527521799E-002
         182   6.4343190527521799E-002
         183   6.4343190527521799E-002
         184   6.4343190527521799E-002
         185   6.4343190527521799E-002
         186   6.4343190527521799E-002
         187   6.4343190527521799E-002
         188   6.4343190527521799E-002
         189   6.4343190527521799E-002
         190   6.4343190527521799E-002
         191   6.4343190527521799E-002
         192   6.4343190527521799E-002
         193   6.4343190527521799E-002
         194   6.4343190527521799E-002
         195   6.4343190527521799E-002
         196   6.4343190527521799E-002
         197   6.4343190527521799E-002
         198   6.4343190527521799E-002
         199   6.4343190527521799E-002
         200   6.4343190527521799E-002
         201   6.4343190527521799E-002
         202   6.4343190527521799E-002
         203   6.4343190527521799E-002
         204   6.4343190527521799E-002
         205   6.4343190527521799E-002
         206   6.4343190527521799E-002
         207   6.4343190527521799E-002
         208   6.4343190527521799E-002
         209   6.4343190527521799E-002
         210   6.4343190527521799E-002
         211   6.4343190527521799E-002
         212   2.2180188560190217E-003
