           1   1.1105456648417817     
           2   1.1105456648417817     
           3   1.1105456648417817     
           4   1.1105456648417817     
           5   1.1105456648417817     
           6   1.1105456648417817     
           7   1.1105456648417817     
           8   1.1105456648417817     
           9   1.1105456648417817     
          10   1.1105456648417817     
          11   1.1105456648417817     
          12   1.1105456648417817     
          13   1.1105456648417817     
          14   1.1105456648417817     
          15   1.1105456648417817     
          16   1.1105456648417817     
          17   1.1105456648417817     
          18   1.1105456648417817     
          19   1.1105456648417817     
          20   1.1105456648417817     
          21   1.1105456648417817     
          22   1.1105456648417817     
          23   1.1105456648417817     
          24   1.1105456648417817     
          25   1.1105456648417817     
          26   1.1105456648417817     
          27   1.1105456648417817     
          28   1.1105456648417817     
          29   1.1105456648417817     
          30   1.1105456648417817     
          31   1.1105456648417817     
          32   1.1105456648417817     
          33   1.1105456648417817     
          34   1.1105456648417817     
          35   1.1105456648417817     
          36   1.1105456648417817     
          37   1.1105456648417817     
          38   1.1105456648417817     
          39   1.1105456648417817     
          40   1.1105456648417817     
          41   1.1105456648417817     
          42   1.1105456648417817     
          43   1.1105456648417817     
          44   1.1105456648417817     
          45   1.1105456648417817     
          46   1.1105456648417817     
          47   1.1105456648417817     
          48   1.1105456648417817     
          49   1.1105456648417817     
          50  0.92434911825637744     
          51  0.66833224484443043     
          52  0.66833224484443043     
          53  0.66833224484443043     
          54  0.66833224484443043     
          55  0.66833224484443043     
          56  0.66833224484443043     
          57  0.66833224484443043     
          58  0.66833224484443043     
          59  0.66833224484443043     
          60  0.66833224484443043     
          61  0.66833224484443043     
          62  0.66833224484443043     
          63  0.66833224484443043     
          64  0.66833224484443043     
          65  0.66833224484443043     
          66  0.66833224484443043     
          67  0.66833224484443043     
          68  0.66833224484443043     
          69  0.66833224484443043     
          70  0.66833224484443043     
          71  0.66832769136929571     
          72  0.52952620799095929     
          73  0.52952620799095929     
          74  0.52952620799095929     
          75  0.52235281470910344     
          76  0.51020860543700586     
          77  0.51020860543700586     
          78  0.51020860543700586     
          79  0.51020860543700586     
          80  0.51020860543700586     
          81  0.51020860543700586     
          82  0.51020860543700586     
          83  0.51020860543700586     
          84  0.51020860543700586     
          85  0.51020860543700586     
          86  0.51020860543700586     
          87  0.51020860543700586     
          88  0.51020860543700586     
          89  0.50524617401304983     
          90  0.50524617401304983     
          91  0.50524617401304983     
          92  0.50524617401304983     
          93  0.50524617401304983     
          94  0.50524617401304983     
          95  0.50524617401304983     
          96  0.50524617401304983     
          97  0.50524617401304983     
          98  0.50524617401304983     
          99  0.50524617401304983     
         100  0.49755724662929968     
         101  0.49755724662929968     
         102  0.49755724662929968     
         103  0.49755724662929968     
         104  0.49755724662929968     
         105  0.49755724662929968     
         106  0.49755724662929968     
         107  0.49755724662929968     
         108  0.49755724662929968     
         109  0.49755724662929968     
         110  0.49755724662929968     
         111  0.49755724662929968     
         112  0.49755724662929968     
         113  0.49755724662929968     
         114  0.49755724662929968     
         115  0.49755724662929968     
         116  0.49755724662929968     
         117  0.49755724662929968     
         118  0.49755724662929968     
         119  0.49755724662929968     
         120  0.49755724662929968     
         121  0.49755724662929968     
         122  0.49755724662929968     
         123  0.49755724662929968     
         124  0.49755724662929968     
         125  0.49755724662929968     
         126  0.49755724662929968     
         127  0.49755724662929968     
         128  0.49755724662929968     
         129  0.49755724662929968     
         130  0.49146940059815059     
         131  0.49146940059815059     
         132  0.49146940059815059     
         133  0.49146940059815059     
         134  0.49146940059815059     
         135  0.49146940059815059     
         136  0.49146940059815059     
         137  0.49146940059815059     
         138  0.49146940059815059     
         139  0.49146940059815059     
         140  0.49146940059815059     
         141  0.49146940059815059     
         142  0.49146940059815059     
         143  0.49146940059815059     
         144  0.49146940059815059     
         145  0.49146940059815059     
         146  0.49146940059815059     
         147  0.49146940059815059     
         148  0.49146940059815059     
         149  0.49146940059815059     
         150   5.3908790423644604E-003
