           1  0.66956900971945554     
           2  0.66956900971945554     
           3  0.66956900971945554     
           4  0.66956900971945554     
           5  0.66956900971945554     
           6  0.58006440039005458     
           7  0.25311550202359623     
           8  0.25311550202359623     
           9  0.25311550202359623     
          10  0.25311550202359623     
          11  0.13161823327951261     
          12  0.13161823327951261     
          13  0.13161823327951261     
          14  0.13161823327951261     
          15  0.13161823327951261     
          16  0.13161823327951261     
          17  0.13161823327951261     
          18  0.13161823327951261     
          19  0.13161823327951261     
          20  0.13161823327951261     
          21  0.13161823327951261     
          22  0.13161823327951261     
          23  0.13161823327951261     
          24  0.13161823327951261     
          25  0.11772922883434145     
          26  0.11772922883434145     
          27  0.11772922883434145     
          28  0.11772922883434145     
          29  0.11772922883434145     
          30  0.11772922883434145     
          31  0.11772922883434145     
          32  0.11772922883434145     
          33   8.1815577854567501E-002
          34   8.1815577854567501E-002
          35   8.1815577854567501E-002
          36   8.1815577854567501E-002
          37   8.1815577854567501E-002
          38   8.1815577854567501E-002
          39   8.1815577854567501E-002
          40   8.1815577854567501E-002
          41   8.1815577854567501E-002
          42   8.1815577854567501E-002
          43   8.1815577854567501E-002
          44   8.1815577854567501E-002
          45   8.1815577854567501E-002
          46   8.1815577854567501E-002
          47   8.1815577854567501E-002
          48   8.1815577854567501E-002
          49   8.1815577854567501E-002
          50   8.1815577854567501E-002
          51   8.1815577854567501E-002
          52   8.1815577854567501E-002
          53   8.1815577854567501E-002
          54   8.1815577854567501E-002
          55   8.1815577854567501E-002
          56   8.1815577854567501E-002
          57   8.1815577854567501E-002
          58   8.1815577854567501E-002
          59   8.1815577854567501E-002
          60   8.1815577854567501E-002
          61   8.1815577854567501E-002
          62   8.1815577854567501E-002
          63   7.4137640292567752E-002
          64   7.4137640292567752E-002
          65   7.4137640292567752E-002
          66   7.4137640292567752E-002
          67   7.4137640292567752E-002
          68   7.4137640292567752E-002
          69   7.4137640292567752E-002
          70   7.4137640292567752E-002
          71   7.4137640292567752E-002
          72   7.4137640292567752E-002
          73   7.4137640292567752E-002
          74   7.4137640292567752E-002
          75   7.4137640292567752E-002
          76   7.4137640292567752E-002
          77   7.4137640292567752E-002
          78   7.4137640292567752E-002
          79   7.4137640292567752E-002
          80   7.4137640292567752E-002
          81   7.4137640292567752E-002
          82   7.4137640292567752E-002
          83   7.4137640292567752E-002
          84   6.4343190527521799E-002
          85   6.4343190527521799E-002
          86   6.4343190527521799E-002
          87   6.4343190527521799E-002
          88   6.4343190527521799E-002
          89   6.4343190527521799E-002
          90   6.4343190527521799E-002
          91   6.4343190527521799E-002
          92   6.4343190527521799E-002
          93   6.4343190527521799E-002
          94   6.4343190527521799E-002
          95   6.4343190527521799E-002
          96   6.4343190527521799E-002
          97   6.4343190527521799E-002
          98   6.4343190527521799E-002
          99   6.4343190527521799E-002
         100   6.4343190527521799E-002
         101   6.4343190527521799E-002
         102   6.4343190527521799E-002
         103   6.4343190527521799E-002
         104   6.4343190527521799E-002
         105   6.4343190527521799E-002
         106   6.4343190527521799E-002
         107   6.4343190527521799E-002
         108   6.4343190527521799E-002
         109   6.4343190527521799E-002
         110   6.4343190527521799E-002
         111   6.4343190527521799E-002
         112   6.4343190527521799E-002
         113   6.4343190527521799E-002
         114   6.4343190527521799E-002
         115   6.4343190527521799E-002
         116   6.4343190527521799E-002
         117   6.4343190527521799E-002
         118   6.4343190527521799E-002
         119   6.4343190527521799E-002
         120   6.4343190527521799E-002
         121   6.4343190527521799E-002
         122   6.4343190527521799E-002
         123   6.4343190527521799E-002
         124   6.4343190527521799E-002
         125   6.4343190527521799E-002
         126   6.4343190527521799E-002
         127   6.4343190527521799E-002
         128   1.9827979592654366E-002
         129   1.9827979592654366E-002
         130   1.9827979592654366E-002
         131   1.9827979592654366E-002
         132   1.9827979592654366E-002
         133   1.9827979592654366E-002
         134   1.9827979592654366E-002
         135   1.9827979592654366E-002
         136   1.9827979592654366E-002
         137   1.9827979592654366E-002
         138   1.9827979592654366E-002
         139   1.9827979592654366E-002
         140   1.9827979592654366E-002
         141   1.9827979592654366E-002
         142   1.9827979592654366E-002
         143   1.9827979592654366E-002
         144   1.9827979592654366E-002
         145   1.9827979592654366E-002
         146   1.9827979592654366E-002
         147   1.9827979592654366E-002
         148   1.9827979592654366E-002
         149   1.9827979592654366E-002
         150   1.9827979592654366E-002
         151   1.9827979592654366E-002
         152   1.9827979592654366E-002
         153   1.9827979592654366E-002
         154   1.9827979592654366E-002
         155   1.9827979592654366E-002
         156   1.9827979592654366E-002
         157   1.9827979592654366E-002
         158   1.9827979592654366E-002
         159   1.9827979592654366E-002
         160   1.9827979592654366E-002
         161   1.9827979592654366E-002
         162   1.9827979592654366E-002
         163   1.9827979592654366E-002
         164   1.9827979592654366E-002
         165   1.9827979592654366E-002
         166   1.9827979592654366E-002
         167   1.9827979592654366E-002
         168   1.9827979592654366E-002
         169   1.9827979592654366E-002
         170   1.9827979592654366E-002
         171   1.9827979592654366E-002
         172   1.9827979592654366E-002
         173   1.9827979592654366E-002
         174   1.9827979592654366E-002
         175   1.9827979592654366E-002
         176   1.9827979592654366E-002
         177   1.9827979592654366E-002
         178   1.9827979592654366E-002
         179   1.9827979592654366E-002
         180   1.9827979592654366E-002
         181   1.9827979592654366E-002
         182   1.9827979592654366E-002
         183   1.9827979592654366E-002
         184   1.9827979592654366E-002
         185   1.9827979592654366E-002
         186   1.9827979592654366E-002
         187   1.9827979592654366E-002
         188   1.9827979592654366E-002
         189   1.9827979592654366E-002
         190   1.9827979592654366E-002
         191   1.9827979592654366E-002
         192   1.9827979592654366E-002
         193   1.9827979592654366E-002
         194   1.9827979592654366E-002
         195   1.9827979592654366E-002
         196   1.9827979592654366E-002
         197   1.9827979592654366E-002
         198   1.9827979592654366E-002
         199   1.9827979592654366E-002
         200   1.9827979592654366E-002
         201   1.9827979592654366E-002
         202   1.9827979592654366E-002
         203   1.9827979592654366E-002
         204   1.9827979592654366E-002
         205   1.9827979592654366E-002
         206   1.9827979592654366E-002
         207   1.9827979592654366E-002
         208   1.9827979592654366E-002
         209   1.9827979592654366E-002
         210   1.9827979592654366E-002
         211   1.9827979592654366E-002
         212   1.9827979592654366E-002
         213   1.9827979592654366E-002
         214   1.9827979592654366E-002
         215   1.9827979592654366E-002
         216   1.9827979592654366E-002
         217   1.9827979592654366E-002
         218   1.9827979592654366E-002
         219   1.9827979592654366E-002
         220   1.9827979592654366E-002
         221   1.9827979592654366E-002
         222   1.9827979592654366E-002
         223   1.9827979592654366E-002
         224   1.9827979592654366E-002
         225   1.9827979592654366E-002
         226   1.9827979592654366E-002
         227   1.9827979592654366E-002
         228   1.9827979592654366E-002
         229   1.9827979592654366E-002
         230   1.9827979592654366E-002
         231   1.9827979592654366E-002
         232   1.9827979592654366E-002
         233   1.9827979592654366E-002
         234   1.9827979592654366E-002
         235   1.9827979592654366E-002
         236   1.9827979592654366E-002
         237   1.9827979592654366E-002
         238   1.9827979592654366E-002
         239   1.9827979592654366E-002
         240   1.9827979592654366E-002
         241   1.9827979592654366E-002
         242   1.9827979592654366E-002
         243   1.9827979592654366E-002
         244   1.9827979592654366E-002
         245   1.9827979592654366E-002
         246   1.9827979592654366E-002
         247   1.9827979592654366E-002
         248   1.9827979592654366E-002
         249   1.9827979592654366E-002
         250   1.9827979592654366E-002
         251   1.9827979592654366E-002
         252   1.9827979592654366E-002
         253   1.9827979592654366E-002
         254   1.9827979592654366E-002
         255   1.9827979592654366E-002
         256   1.9827979592654366E-002
         257   1.9827979592654366E-002
         258   1.9827979592654366E-002
         259   1.9827979592654366E-002
         260   1.9827979592654366E-002
         261   1.9827979592654366E-002
         262   1.9827979592654366E-002
         263   1.9827979592654366E-002
         264   1.9827979592654366E-002
         265   1.9827979592654366E-002
         266   1.9827979592654366E-002
         267   1.9827979592654366E-002
         268   1.9827979592654366E-002
         269   1.9827979592654366E-002
         270   1.9827979592654366E-002
         271   1.9827979592654366E-002
         272   1.9827979592654366E-002
         273   1.9827979592654366E-002
         274   1.9827979592654366E-002
         275   1.9827979592654366E-002
         276   1.9827979592654366E-002
         277   1.9827979592654366E-002
         278   1.9827979592654366E-002
         279   1.9827979592654366E-002
         280   1.9827979592654366E-002
         281   1.9827979592654366E-002
         282   1.9827979592654366E-002
         283   1.9827979592654366E-002
         284   1.9827979592654366E-002
         285   1.9827979592654366E-002
         286   1.9827979592654366E-002
         287   1.9827979592654366E-002
         288   1.9827979592654366E-002
         289   1.9827979592654366E-002
         290   1.9827979592654366E-002
         291   1.9827979592654366E-002
         292   1.9827979592654366E-002
         293   1.9827979592654366E-002
         294   1.9827979592654366E-002
         295   1.9827979592654366E-002
         296   1.9827979592654366E-002
         297   1.9827979592654366E-002
         298   1.9827979592654366E-002
         299   1.9827979592654366E-002
         300   1.9827979592654366E-002
         301   1.9827979592654366E-002
         302   1.9827979592654366E-002
         303   1.9827979592654366E-002
         304   1.9827979592654366E-002
         305   1.9827979592654366E-002
         306   1.9827979592654366E-002
         307   1.9827979592654366E-002
         308   1.9827979592654366E-002
         309   1.9827979592654366E-002
         310   1.9827979592654366E-002
         311   1.9827979592654366E-002
         312   1.9827979592654366E-002
         313   1.9827979592654366E-002
         314   1.9827979592654366E-002
         315   1.9827979592654366E-002
         316   1.9827979592654366E-002
         317   1.9827979592654366E-002
         318   1.9827979592654366E-002
         319   1.9827979592654366E-002
         320   1.9827979592654366E-002
         321   1.9827979592654366E-002
         322   1.9827979592654366E-002
         323   1.9827979592654366E-002
         324   1.9827979592654366E-002
         325   1.9827979592654366E-002
         326   1.9827979592654366E-002
         327   1.9827979592654366E-002
         328   1.9827979592654366E-002
         329   1.9827979592654366E-002
         330   1.9827979592654366E-002
         331   1.9827979592654366E-002
         332   1.9827979592654366E-002
         333   1.9827979592654366E-002
         334   1.9827979592654366E-002
         335   1.9827979592654366E-002
         336   1.9827979592654366E-002
         337   1.9827979592654366E-002
         338   1.9827979592654366E-002
         339   1.9827979592654366E-002
         340   1.9827979592654366E-002
         341   1.9827979592654366E-002
         342   1.9827979592654366E-002
         343   1.9827979592654366E-002
         344   1.9827979592654366E-002
         345   1.9827979592654366E-002
         346   1.9827979592654366E-002
         347   1.9827979592654366E-002
         348   1.9827979592654366E-002
         349   1.9827979592654366E-002
         350   1.9827979592654366E-002
         351   1.9827979592654366E-002
         352   1.9827979592654366E-002
         353   1.9827979592654366E-002
         354   1.9827979592654366E-002
         355   1.9827979592654366E-002
         356   1.9827979592654366E-002
         357   1.9827979592654366E-002
         358   1.9827979592654366E-002
         359   1.9827979592654366E-002
         360   1.9827979592654366E-002
         361   1.9827979592654366E-002
         362   1.9827979592654366E-002
         363   1.9827979592654366E-002
         364   1.9827979592654366E-002
         365   1.9827979592654366E-002
         366   1.9827979592654366E-002
         367   1.9827979592654366E-002
         368   1.9827979592654366E-002
         369   1.9827979592654366E-002
         370   1.9827979592654366E-002
         371   1.9827979592654366E-002
         372   1.9827979592654366E-002
         373   1.9827979592654366E-002
         374   1.9827979592654366E-002
         375   1.9827979592654366E-002
         376   1.9827979592654366E-002
         377   1.9827979592654366E-002
         378   1.9827979592654366E-002
         379   1.9827979592654366E-002
         380   1.9827979592654366E-002
         381   1.9827979592654366E-002
         382   1.9827979592654366E-002
         383   1.9827979592654366E-002
         384   1.9827979592654366E-002
         385   1.9827979592654366E-002
         386   1.9827979592654366E-002
         387   1.9827979592654366E-002
         388   1.9827979592654366E-002
         389   1.9827979592654366E-002
         390   1.9827979592654366E-002
         391   1.9827979592654366E-002
         392   1.9827979592654366E-002
         393   1.9827979592654366E-002
         394   1.9827979592654366E-002
         395   1.9827979592654366E-002
         396   1.9827979592654366E-002
         397   1.9827979592654366E-002
         398   1.9827979592654366E-002
         399   1.9827979592654366E-002
         400   1.9827979592654366E-002
         401   1.9827979592654366E-002
         402   1.2988853165556868E-002
         403   1.2988853165556868E-002
         404   1.2988853165556868E-002
         405   1.2988853165556868E-002
         406   1.2988853165556868E-002
         407   1.2988853165556868E-002
         408   1.2988853165556868E-002
         409   1.2988853165556868E-002
         410   1.2988853165556868E-002
         411   1.2988853165556868E-002
         412   1.2988853165556868E-002
         413   1.2988853165556868E-002
         414   1.2988853165556868E-002
         415   1.2988853165556868E-002
         416   1.2988853165556868E-002
         417   1.2988853165556868E-002
         418   1.2988853165556868E-002
         419   1.2988853165556868E-002
         420   1.2988853165556868E-002
         421   1.2988853165556868E-002
         422   1.2988853165556868E-002
         423   1.2988853165556868E-002
         424   1.2988853165556868E-002
         425   1.2988853165556868E-002
         426   1.2988853165556868E-002
         427   1.2988853165556868E-002
         428   1.2988853165556868E-002
         429   1.2988853165556868E-002
         430   1.2988853165556868E-002
         431   1.2988853165556868E-002
         432   1.2988853165556868E-002
         433   1.2988853165556868E-002
         434   1.2988853165556868E-002
         435   1.2988853165556868E-002
         436   1.2988853165556868E-002
         437   1.2988853165556868E-002
         438   1.2988853165556868E-002
         439   1.2988853165556868E-002
         440   1.2988853165556868E-002
         441   1.2988853165556868E-002
         442   1.2988853165556868E-002
         443   1.2988853165556868E-002
         444   1.2988853165556868E-002
         445   1.2988853165556868E-002
         446   1.2988853165556868E-002
         447   1.2988853165556868E-002
         448   1.2988853165556868E-002
         449   1.2988853165556868E-002
         450   1.2988853165556868E-002
         451   1.2988853165556868E-002
         452   1.2988853165556868E-002
         453   1.2988853165556868E-002
         454   1.2988853165556868E-002
         455   1.2988853165556868E-002
         456   1.2988853165556868E-002
         457   1.2988853165556868E-002
         458   1.2988853165556868E-002
         459   1.2988853165556868E-002
         460   1.2988853165556868E-002
         461   1.2988853165556868E-002
         462   1.2988853165556868E-002
         463   1.2988853165556868E-002
         464   1.2988853165556868E-002
         465   1.2988853165556868E-002
         466   1.2988853165556868E-002
         467   1.2988853165556868E-002
         468   1.2988853165556868E-002
         469   1.2988853165556868E-002
         470   1.2988853165556868E-002
         471   1.2988853165556868E-002
         472   1.2988853165556868E-002
         473   1.2988853165556868E-002
         474   1.2988853165556868E-002
         475   1.2988853165556868E-002
         476   1.2988853165556868E-002
         477   1.2988853165556868E-002
         478   1.2988853165556868E-002
         479   1.2988853165556868E-002
         480   1.2988853165556868E-002
         481   1.2988853165556868E-002
         482   1.2988853165556868E-002
         483   1.2988853165556868E-002
         484   1.2988853165556868E-002
         485   1.2988853165556868E-002
         486   1.2988853165556868E-002
         487   1.2988853165556868E-002
         488   1.2988853165556868E-002
         489   1.2988853165556868E-002
         490   1.2988853165556868E-002
         491   1.2988853165556868E-002
         492   1.2988853165556868E-002
         493   1.2988853165556868E-002
         494   1.2988853165556868E-002
         495   1.2988853165556868E-002
         496   1.2988853165556868E-002
         497   1.2988853165556868E-002
         498   1.2988853165556868E-002
         499   1.2988853165556868E-002
         500   1.2988853165556868E-002
         501   1.2988853165556868E-002
         502   1.2988853165556868E-002
         503   1.2988853165556868E-002
         504   1.2988853165556868E-002
         505   1.2988853165556868E-002
         506   1.2988853165556868E-002
         507   1.2988853165556868E-002
         508   1.2988853165556868E-002
         509   1.2988853165556868E-002
         510   1.2988853165556868E-002
         511   1.2988853165556868E-002
         512   1.2988853165556868E-002
         513   1.2988853165556868E-002
         514   1.2988853165556868E-002
         515   1.2988853165556868E-002
         516   1.2988853165556868E-002
         517   1.2988853165556868E-002
         518   1.2988853165556868E-002
         519   1.2988853165556868E-002
         520   1.2988853165556868E-002
         521   1.2988853165556868E-002
         522   1.2988853165556868E-002
         523   1.2988853165556868E-002
         524   1.2988853165556868E-002
         525   1.2988853165556868E-002
         526   1.2988853165556868E-002
         527   1.2988853165556868E-002
         528   1.2988853165556868E-002
         529   1.2988853165556868E-002
         530   1.2988853165556868E-002
         531   1.2988853165556868E-002
         532   1.2988853165556868E-002
         533   1.2988853165556868E-002
         534   1.2988853165556868E-002
         535   1.2988853165556868E-002
         536   1.2988853165556868E-002
         537   1.2988853165556868E-002
         538   1.2988853165556868E-002
         539   1.2988853165556868E-002
         540   1.2988853165556868E-002
         541   1.2988853165556868E-002
         542   1.2988853165556868E-002
         543   1.2988853165556868E-002
         544   1.2988853165556868E-002
         545   1.2988853165556868E-002
         546   1.2988853165556868E-002
         547   1.2988853165556868E-002
         548   1.2988853165556868E-002
         549   1.2988853165556868E-002
         550   1.2988853165556868E-002
         551   1.2988853165556868E-002
         552   1.2988853165556868E-002
         553   1.2988853165556868E-002
         554   1.2988853165556868E-002
         555   1.2988853165556868E-002
         556   1.2988853165556868E-002
         557   1.2988853165556868E-002
         558   1.2988853165556868E-002
         559   1.2988853165556868E-002
         560   1.2988853165556868E-002
         561   1.2988853165556868E-002
         562   1.2988853165556868E-002
         563   1.2988853165556868E-002
         564   1.2988853165556868E-002
         565   1.2988853165556868E-002
         566   1.2988853165556868E-002
         567   1.2988853165556868E-002
         568   1.2988853165556868E-002
         569   1.2988853165556868E-002
         570   1.2988853165556868E-002
         571   1.2988853165556868E-002
         572   1.2988853165556868E-002
         573   1.2988853165556868E-002
         574   1.2988853165556868E-002
         575   1.2988853165556868E-002
         576   1.2988853165556868E-002
         577   1.2988853165556868E-002
         578   1.2988853165556868E-002
         579   1.2988853165556868E-002
         580   1.2988853165556868E-002
         581   1.2988853165556868E-002
         582   1.2988853165556868E-002
         583   1.2988853165556868E-002
         584   1.2988853165556868E-002
         585   1.2988853165556868E-002
         586   1.2988853165556868E-002
         587   1.2988853165556868E-002
         588   1.2988853165556868E-002
         589   1.2988853165556868E-002
         590   1.2988853165556868E-002
         591   1.2988853165556868E-002
         592   1.2988853165556868E-002
         593   1.2988853165556868E-002
         594   1.2988853165556868E-002
         595   1.2988853165556868E-002
         596   1.2988853165556868E-002
         597   1.2988853165556868E-002
         598   1.2988853165556868E-002
         599   1.2988853165556868E-002
         600   1.2988853165556868E-002
         601   1.2988853165556868E-002
         602   1.2988853165556868E-002
         603   1.2988853165556868E-002
         604   1.2988853165556868E-002
         605   1.2988853165556868E-002
         606   1.2988853165556868E-002
         607   1.2988853165556868E-002
         608   1.2988853165556868E-002
         609   1.2988853165556868E-002
         610   1.2988853165556868E-002
         611   1.2988853165556868E-002
         612   1.2988853165556868E-002
         613   1.2988853165556868E-002
         614   1.2988853165556868E-002
         615   1.2988853165556868E-002
         616   1.2988853165556868E-002
         617   1.2988853165556868E-002
         618   1.2988853165556868E-002
         619   1.2988853165556868E-002
         620   1.2988853165556868E-002
         621   1.2988853165556868E-002
         622   1.2988853165556868E-002
         623   1.2988853165556868E-002
         624   1.2988853165556868E-002
         625   1.2988853165556868E-002
         626   1.2988853165556868E-002
         627   1.2988853165556868E-002
         628   1.2988853165556868E-002
         629   1.2988853165556868E-002
         630   1.2988853165556868E-002
         631   1.2988853165556868E-002
         632   1.2988853165556868E-002
         633   1.2988853165556868E-002
         634   1.2988853165556868E-002
         635   1.2988853165556868E-002
         636   1.2988853165556868E-002
         637   1.2988853165556868E-002
         638   1.2988853165556868E-002
         639   1.2988853165556868E-002
         640   1.2988853165556868E-002
         641   1.2988853165556868E-002
         642   1.2988853165556868E-002
         643   1.2988853165556868E-002
         644   1.2988853165556868E-002
         645   1.2988853165556868E-002
         646   1.2988853165556868E-002
         647   1.2988853165556868E-002
         648   1.2988853165556868E-002
         649   1.2988853165556868E-002
         650   1.2988853165556868E-002
         651   1.2988853165556868E-002
         652   1.2988853165556868E-002
         653   1.2988853165556868E-002
         654   1.2988853165556868E-002
         655   1.2988853165556868E-002
         656   1.2988853165556868E-002
         657   1.2988853165556868E-002
         658   1.2988853165556868E-002
         659   1.2988853165556868E-002
         660   1.2988853165556868E-002
         661   1.2988853165556868E-002
         662   1.2988853165556868E-002
         663   1.2988853165556868E-002
         664   1.2988853165556868E-002
         665   1.2988853165556868E-002
         666   1.2988853165556868E-002
         667   1.2988853165556868E-002
         668   1.2988853165556868E-002
         669   1.2988853165556868E-002
         670   1.2988853165556868E-002
         671   1.2988853165556868E-002
         672   1.2988853165556868E-002
         673   1.2988853165556868E-002
         674   1.2988853165556868E-002
         675   1.2988853165556868E-002
         676   1.2988853165556868E-002
         677   1.2988853165556868E-002
         678   1.2988853165556868E-002
         679   1.2988853165556868E-002
         680   1.2988853165556868E-002
         681   1.2988853165556868E-002
         682   1.2988853165556868E-002
         683   1.2988853165556868E-002
         684   1.2988853165556868E-002
         685   1.2988853165556868E-002
         686   1.2988853165556868E-002
         687   1.2988853165556868E-002
         688   1.2988853165556868E-002
         689   1.2988853165556868E-002
         690   1.2988853165556868E-002
         691   1.2988853165556868E-002
         692   1.2988853165556868E-002
         693   1.2988853165556868E-002
         694   1.2988853165556868E-002
         695   1.2988853165556868E-002
         696   1.2988853165556868E-002
         697   1.2988853165556868E-002
         698   1.2988853165556868E-002
         699   1.2988853165556868E-002
         700   1.2988853165556868E-002
         701   1.2988853165556868E-002
         702   1.2988853165556868E-002
         703   1.2988853165556868E-002
         704   1.2988853165556868E-002
         705   1.2988853165556868E-002
         706   1.2988853165556868E-002
         707   1.2988853165556868E-002
         708   1.2988853165556868E-002
         709   1.2988853165556868E-002
         710   1.2988853165556868E-002
         711   1.2988853165556868E-002
         712   1.2988853165556868E-002
         713   1.2988853165556868E-002
         714   1.2988853165556868E-002
         715   1.2988853165556868E-002
         716   1.2988853165556868E-002
         717   1.2988853165556868E-002
         718   1.2988853165556868E-002
         719   1.2988853165556868E-002
         720   1.2988853165556868E-002
         721   1.2988853165556868E-002
         722   1.2988853165556868E-002
         723   1.2988853165556868E-002
         724   1.2988853165556868E-002
         725   1.2988853165556868E-002
         726   1.2988853165556868E-002
         727   1.2988853165556868E-002
         728   1.2988853165556868E-002
         729   1.2988853165556868E-002
         730   1.2988853165556868E-002
         731   1.2988853165556868E-002
         732   1.2988853165556868E-002
         733   1.2988853165556868E-002
         734   1.2988853165556868E-002
         735   1.2988853165556868E-002
         736   1.2988853165556868E-002
         737   1.2988853165556868E-002
         738   1.2988853165556868E-002
         739   1.2988853165556868E-002
         740   1.2988853165556868E-002
         741   1.2988853165556868E-002
         742   1.2988853165556868E-002
         743   1.2988853165556868E-002
         744   1.2988853165556868E-002
         745   1.2988853165556868E-002
         746   1.2988853165556868E-002
         747   1.2988853165556868E-002
         748   1.2988853165556868E-002
         749   1.2988853165556868E-002
         750   1.2988853165556868E-002
         751   1.2988853165556868E-002
         752   1.2988853165556868E-002
         753   1.2988853165556868E-002
         754   1.2988853165556868E-002
         755   1.2988853165556868E-002
         756   1.2988853165556868E-002
         757   1.2988853165556868E-002
         758   1.2988853165556868E-002
         759   1.2988853165556868E-002
         760   1.2988853165556868E-002
         761   1.2988853165556868E-002
         762   1.2988853165556868E-002
         763   1.2988853165556868E-002
         764   1.2988853165556868E-002
         765   1.2988853165556868E-002
         766   1.2988853165556868E-002
         767   1.2988853165556868E-002
         768   1.2988853165556868E-002
         769   1.2988853165556868E-002
         770   1.2988853165556868E-002
         771   1.2988853165556868E-002
         772   1.2988853165556868E-002
         773   1.2988853165556868E-002
         774   1.2988853165556868E-002
         775   1.2988853165556868E-002
         776   1.2988853165556868E-002
         777   1.2988853165556868E-002
         778   1.2988853165556868E-002
         779   1.2988853165556868E-002
         780   1.2988853165556868E-002
         781   1.2988853165556868E-002
         782   1.2988853165556868E-002
         783   1.2988853165556868E-002
         784   1.2988853165556868E-002
         785   1.2988853165556868E-002
         786   1.2988853165556868E-002
         787   1.2988853165556868E-002
         788   1.2988853165556868E-002
         789   1.2988853165556868E-002
         790   1.2988853165556868E-002
         791   1.2988853165556868E-002
         792   1.2988853165556868E-002
         793   1.2988853165556868E-002
         794   1.2988853165556868E-002
         795   1.2988853165556868E-002
         796   1.2988853165556868E-002
         797   1.2988853165556868E-002
         798   1.2988853165556868E-002
         799   1.2988853165556868E-002
         800   1.2988853165556868E-002
         801   1.2988853165556868E-002
         802   1.2988853165556868E-002
         803   1.2988853165556868E-002
         804   1.2988853165556868E-002
         805   1.2988853165556868E-002
         806   1.2988853165556868E-002
         807   1.2988853165556868E-002
         808   5.3908790423644604E-003
