           1   2.6039241295364368     
           2   2.3533145328592191     
           3   9.9843671952756452E-002
           4   9.9843671952756452E-002
           5   9.9843671952756452E-002
           6   9.9843671952756452E-002
           7   9.9843671952756452E-002
           8   9.9843671952756452E-002
           9   9.9843671952756452E-002
          10   9.9843671952756452E-002
          11   9.9843671952756452E-002
          12   9.9843671952756452E-002
          13   9.9843671952756452E-002
          14   9.9843671952756452E-002
          15   9.9843671952756452E-002
          16   9.9843671952756452E-002
          17   9.9843671952756452E-002
          18   9.9843671952756452E-002
          19   9.9843671952756452E-002
          20   9.9843671952756452E-002
          21   9.9843671952756452E-002
          22   9.9843671952756452E-002
          23   9.9843671952756452E-002
          24   9.9843671952756452E-002
          25   9.9843671952756452E-002
          26   9.9843671952756452E-002
          27   9.9843671952756452E-002
          28   9.9843671952756452E-002
          29   9.9843671952756452E-002
          30   9.9843671952756452E-002
          31   9.9843671952756452E-002
          32   9.9843671952756452E-002
          33   9.9843671952756452E-002
          34   9.9843671952756452E-002
          35   9.9843671952756452E-002
          36   9.9843671952756452E-002
          37   9.9843671952756452E-002
          38   9.9843671952756452E-002
          39   9.9843671952756452E-002
          40   9.9843671952756452E-002
          41   9.9843671952756452E-002
          42   9.9843671952756452E-002
          43   9.9843671952756452E-002
          44   9.9843671952756452E-002
          45   9.9843671952756452E-002
          46   9.9843671952756452E-002
          47   9.9843671952756452E-002
          48   9.9843671952756452E-002
          49   9.9843671952756452E-002
          50   9.9843671952756452E-002
          51   9.9843671952756452E-002
          52   9.9843671952756452E-002
          53   9.9843671952756452E-002
          54   9.9843671952756452E-002
          55   9.9843671952756452E-002
          56   9.9843671952756452E-002
          57   9.9843671952756452E-002
          58   9.9843671952756452E-002
          59   9.9843671952756452E-002
          60   9.9843671952756452E-002
          61   9.9843671952756452E-002
          62   9.9843671952756452E-002
          63   9.9843671952756452E-002
          64   9.9843671952756452E-002
          65   9.9843671952756452E-002
          66   9.9843671952756452E-002
          67   9.9843671952756452E-002
          68   9.9843671952756452E-002
          69   9.9843671952756452E-002
          70   9.9843671952756452E-002
          71   9.9843671952756452E-002
          72   9.9843671952756452E-002
          73   9.9843671952756452E-002
          74   9.9843671952756452E-002
          75   9.9843671952756452E-002
          76   9.9843671952756452E-002
          77   9.9843671952756452E-002
          78   9.9843671952756452E-002
          79   9.9843671952756452E-002
          80   9.9843671952756452E-002
          81   9.9843671952756452E-002
          82   9.9843671952756452E-002
          83   9.9843671952756452E-002
          84   9.9843671952756452E-002
          85   9.9843671952756452E-002
          86   9.9843671952756452E-002
          87   9.9843671952756452E-002
          88   9.9843671952756452E-002
          89   9.9843671952756452E-002
          90   9.9843671952756452E-002
          91   9.9843671952756452E-002
          92   9.9843671952756452E-002
          93   9.9843671952756452E-002
          94   9.9843671952756452E-002
          95   9.9843671952756452E-002
          96   9.9843671952756452E-002
          97   9.9843671952756452E-002
          98   9.9843671952756452E-002
          99   9.9843671952756452E-002
         100   9.9843671952756452E-002
         101   9.9843671952756452E-002
         102   9.9843671952756452E-002
         103   9.9843671952756452E-002
         104   9.9843671952756452E-002
         105   9.9843671952756452E-002
         106   9.9843671952756452E-002
         107   9.9843671952756452E-002
         108   9.9843671952756452E-002
         109   9.9843671952756452E-002
         110   9.9843671952756452E-002
         111   9.9843671952756452E-002
         112   9.9843671952756452E-002
         113   9.9843671952756452E-002
         114   9.9843671952756452E-002
         115   9.9843671952756452E-002
         116   9.9843671952756452E-002
         117   9.9843671952756452E-002
         118   9.9843671952756452E-002
         119   9.9843671952756452E-002
         120   9.9843671952756452E-002
         121   9.9843671952756452E-002
         122   9.9843671952756452E-002
         123   9.9843671952756452E-002
         124   9.9843671952756452E-002
         125   9.9843671952756452E-002
         126   9.9843671952756452E-002
         127   9.9843671952756452E-002
         128   9.9843671952756452E-002
         129   9.9843671952756452E-002
         130   9.9843671952756452E-002
         131   9.9843671952756452E-002
         132   9.9843671952756452E-002
         133   9.9843671952756452E-002
         134   9.9843671952756452E-002
         135   9.9843671952756452E-002
         136   9.9843671952756452E-002
         137   9.9843671952756452E-002
         138   9.9843671952756452E-002
         139   9.9843671952756452E-002
         140   9.9843671952756452E-002
         141   9.9843671952756452E-002
         142   9.9843671952756452E-002
         143   9.9843671952756452E-002
         144   9.9843671952756452E-002
         145   9.9843671952756452E-002
         146   9.9843671952756452E-002
         147   9.9843671952756452E-002
         148   9.9843671952756452E-002
         149   9.9843671952756452E-002
         150   9.9843671952756452E-002
         151   9.9843671952756452E-002
         152   9.9843671952756452E-002
         153   9.9843671952756452E-002
         154   9.9843671952756452E-002
         155   9.9843671952756452E-002
         156   9.9843671952756452E-002
         157   9.9843671952756452E-002
         158   9.9843671952756452E-002
         159   9.9843671952756452E-002
         160   9.9843671952756452E-002
         161   9.9843671952756452E-002
         162   9.9843671952756452E-002
         163   9.9843671952756452E-002
         164   9.9843671952756452E-002
         165   9.9843671952756452E-002
         166   9.9843671952756452E-002
         167   9.9843671952756452E-002
         168   9.9843671952756452E-002
         169   9.9843671952756452E-002
         170   9.9843671952756452E-002
         171   9.9843671952756452E-002
         172   9.9843671952756452E-002
         173   9.9843671952756452E-002
         174   9.9843671952756452E-002
         175   9.9843671952756452E-002
         176   9.9843671952756452E-002
         177   9.9843671952756452E-002
         178   9.9843671952756452E-002
         179   9.9843671952756452E-002
         180   9.9843671952756452E-002
         181   9.9843671952756452E-002
         182   9.9843671952756452E-002
         183   9.9843671952756452E-002
         184   9.9843671952756452E-002
         185   9.9843671952756452E-002
         186   9.9843671952756452E-002
         187   9.9843671952756452E-002
         188   9.9843671952756452E-002
         189   9.9843671952756452E-002
         190   9.9843671952756452E-002
         191   9.9843671952756452E-002
         192   9.9843671952756452E-002
         193   9.9843671952756452E-002
         194   9.9843671952756452E-002
         195   9.9843671952756452E-002
         196   9.9843671952756452E-002
         197   9.9843671952756452E-002
         198   9.9843671952756452E-002
         199   9.9843671952756452E-002
         200   9.9843671952756452E-002
         201   9.9843671952756452E-002
         202   9.9843671952756452E-002
         203   9.9843671952756452E-002
         204   9.9843671952756452E-002
         205   9.9843671952756452E-002
         206   9.9843671952756452E-002
         207   9.9843671952756452E-002
         208   9.9843671952756452E-002
         209   9.9843671952756452E-002
         210   9.9843671952756452E-002
         211   9.9843671952756452E-002
         212   9.9843671952756452E-002
         213   9.9843671952756452E-002
         214   9.9843671952756452E-002
         215   9.9843671952756452E-002
         216   9.9843671952756452E-002
         217   9.9843671952756452E-002
         218   9.9843671952756452E-002
         219   9.9843671952756452E-002
         220   9.9843671952756452E-002
         221   9.9843671952756452E-002
         222   9.9843671952756452E-002
         223   9.9843671952756452E-002
         224   9.9843671952756452E-002
         225   9.9843671952756452E-002
         226   9.9843671952756452E-002
         227   9.9843671952756452E-002
         228   9.9843671952756452E-002
         229   9.9843671952756452E-002
         230   9.9843671952756452E-002
         231   9.9843671952756452E-002
         232   9.9843671952756452E-002
         233   9.9843671952756452E-002
         234   9.9843671952756452E-002
         235   9.9843671952756452E-002
         236   9.9843671952756452E-002
         237   9.9843671952756452E-002
         238   9.9843671952756452E-002
         239   9.9843671952756452E-002
         240   9.9843671952756452E-002
         241   9.9843671952756452E-002
         242   9.9843671952756452E-002
         243   9.9843671952756452E-002
         244   9.9843671952756452E-002
         245   9.9843671952756452E-002
         246   9.9843671952756452E-002
         247   9.9843671952756452E-002
         248   9.9843671952756452E-002
         249   9.9843671952756452E-002
         250   9.9843671952756452E-002
         251   9.9843671952756452E-002
         252   9.9843671952756452E-002
         253   9.9843671952756452E-002
         254   9.9843671952756452E-002
         255   9.9843671952756452E-002
         256   9.9843671952756452E-002
         257   9.9843671952756452E-002
         258   9.9843671952756452E-002
         259   9.9843671952756452E-002
         260   9.9843671952756452E-002
         261   9.9843671952756452E-002
         262   9.9843671952756452E-002
         263   9.9843671952756452E-002
         264   9.9843671952756452E-002
         265   9.9843671952756452E-002
         266   9.9843671952756452E-002
         267   9.9843671952756452E-002
         268   9.9843671952756452E-002
         269   9.9843671952756452E-002
         270   9.9843671952756452E-002
         271   9.9843671952756452E-002
         272   9.9843671952756452E-002
         273   9.9843671952756452E-002
         274   9.9843671952756452E-002
         275   9.9843671952756452E-002
         276   9.9843671952756452E-002
         277   9.9843671952756452E-002
         278   9.9843671952756452E-002
         279   9.9843671952756452E-002
         280   9.9843671952756452E-002
         281   9.9843671952756452E-002
         282   9.9843671952756452E-002
         283   9.9843671952756452E-002
         284   9.9843671952756452E-002
         285   9.9843671952756452E-002
         286   9.9843671952756452E-002
         287   9.9843671952756452E-002
         288   9.9843671952756452E-002
         289   9.9843671952756452E-002
         290   9.9843671952756452E-002
         291   9.9843671952756452E-002
         292   9.9843671952756452E-002
         293   9.9843671952756452E-002
         294   9.9843671952756452E-002
         295   9.9843671952756452E-002
         296   9.9843671952756452E-002
         297   9.9843671952756452E-002
         298   9.9843671952756452E-002
         299   9.9843671952756452E-002
         300   9.9843671952756452E-002
         301   9.9843671952756452E-002
         302   9.9843671952756452E-002
         303   9.9843671952756452E-002
         304   9.9843671952756452E-002
         305   9.9843671952756452E-002
         306   9.9843671952756452E-002
         307   9.9843671952756452E-002
         308   9.9843671952756452E-002
         309   9.9843671952756452E-002
         310   9.9843671952756452E-002
         311   9.9843671952756452E-002
         312   9.9843671952756452E-002
         313   9.9843671952756452E-002
         314   9.9843671952756452E-002
         315   9.9843671952756452E-002
         316   9.9843671952756452E-002
         317   9.9843671952756452E-002
         318   9.9843671952756452E-002
         319   9.9843671952756452E-002
         320   9.9843671952756452E-002
         321   9.9843671952756452E-002
         322   9.9843671952756452E-002
         323   9.9843671952756452E-002
         324   9.9843671952756452E-002
         325   9.9843671952756452E-002
         326   9.9843671952756452E-002
         327   9.9843671952756452E-002
         328   9.9843671952756452E-002
         329   9.9843671952756452E-002
         330   9.9843671952756452E-002
         331   9.9843671952756452E-002
         332   9.9843671952756452E-002
         333   9.9843671952756452E-002
         334   9.9843671952756452E-002
         335   9.9843671952756452E-002
         336   9.9843671952756452E-002
         337   9.9843671952756452E-002
         338   9.9843671952756452E-002
         339   9.9843671952756452E-002
         340   9.9843671952756452E-002
         341   9.9843671952756452E-002
         342   9.9843671952756452E-002
         343   9.9843671952756452E-002
         344   9.9843671952756452E-002
         345   9.9843671952756452E-002
         346   9.9843671952756452E-002
         347   9.9843671952756452E-002
         348   9.9843671952756452E-002
         349   9.9843671952756452E-002
         350   9.9843671952756452E-002
         351   9.9843671952756452E-002
         352   9.9843671952756452E-002
         353   9.9843671952756452E-002
         354   9.9843671952756452E-002
         355   9.9843671952756452E-002
         356   9.9843671952756452E-002
         357   9.9843671952756452E-002
         358   9.9843671952756452E-002
         359   9.9843671952756452E-002
         360   9.9843671952756452E-002
         361   9.9843671952756452E-002
         362   9.9843671952756452E-002
         363   9.9843671952756452E-002
         364   9.9843671952756452E-002
         365   9.9843671952756452E-002
         366   9.9843671952756452E-002
         367   9.9843671952756452E-002
         368   9.9843671952756452E-002
         369   9.9843671952756452E-002
         370   9.9843671952756452E-002
         371   9.9843671952756452E-002
         372   9.9843671952756452E-002
         373   9.9843671952756452E-002
         374   9.9843671952756452E-002
         375   9.9843671952756452E-002
         376   9.9843671952756452E-002
         377   9.9843671952756452E-002
         378   9.9843671952756452E-002
         379   9.9843671952756452E-002
         380   9.9843671952756452E-002
         381   9.9843671952756452E-002
         382   9.9843671952756452E-002
         383   9.9843671952756452E-002
         384   9.9843671952756452E-002
         385   9.9843671952756452E-002
         386   9.9843671952756452E-002
         387   9.9843671952756452E-002
         388   9.9843671952756452E-002
         389   9.9843671952756452E-002
         390   9.9843671952756452E-002
         391   9.9843671952756452E-002
         392   9.9843671952756452E-002
         393   9.9843671952756452E-002
         394   9.9843671952756452E-002
         395   9.9843671952756452E-002
         396   9.9843671952756452E-002
         397   9.9843671952756452E-002
         398   9.9843671952756452E-002
         399   9.9843671952756452E-002
         400   9.9843671952756452E-002
         401   9.9843671952756452E-002
         402   9.9843671952756452E-002
         403   9.9843671952756452E-002
         404   9.9843671952756452E-002
         405   9.9843671952756452E-002
         406   9.9843671952756452E-002
         407   9.9843671952756452E-002
         408   9.9843671952756452E-002
         409   9.9843671952756452E-002
         410   9.9843671952756452E-002
         411   9.9843671952756452E-002
         412   9.9843671952756452E-002
         413   9.9843671952756452E-002
         414   9.9843671952756452E-002
         415   9.9843671952756452E-002
         416   9.9843671952756452E-002
         417   9.9843671952756452E-002
         418   9.9843671952756452E-002
         419   9.9843671952756452E-002
         420   9.9843671952756452E-002
         421   9.9843671952756452E-002
         422   9.9843671952756452E-002
         423   9.9843671952756452E-002
         424   9.9843671952756452E-002
         425   9.9843671952756452E-002
         426   9.9843671952756452E-002
         427   9.9843671952756452E-002
         428   9.9843671952756452E-002
         429   9.9843671952756452E-002
         430   9.9843671952756452E-002
         431   9.9843671952756452E-002
         432   9.9843671952756452E-002
         433   9.9843671952756452E-002
         434   9.9843671952756452E-002
         435   9.9843671952756452E-002
         436   9.9843671952756452E-002
         437   9.9843671952756452E-002
         438   9.9843671952756452E-002
         439   9.9843671952756452E-002
         440   9.9843671952756452E-002
         441   9.9843671952756452E-002
         442   9.9843671952756452E-002
         443   9.9843671952756452E-002
         444   9.9843671952756452E-002
         445   9.9843671952756452E-002
         446   9.9843671952756452E-002
         447   9.9843671952756452E-002
         448   9.9843671952756452E-002
         449   9.9843671952756452E-002
         450   9.9843671952756452E-002
         451   9.9843671952756452E-002
         452   9.9843671952756452E-002
         453   9.9843671952756452E-002
         454   6.5324634785506319E-003
