           1   2.2267460171770166     
           2   2.1882703862964554     
           3   2.1882703862964554     
           4   2.1766690218065268     
           5   2.1049597274834255     
           6   2.0816409825405211     
           7   2.0816409825405211     
           8   2.0816409825405211     
           9   2.0816409825405211     
          10   2.0816409825405211     
          11   2.0816409825405211     
          12   2.0816409825405211     
          13   2.0816409825405211     
          14   2.0272951328174083     
          15   2.0272951328174083     
          16   2.0272951328174083     
          17   1.8434655078908042     
          18   1.8434655078908042     
          19   1.8434655078908042     
          20   1.8383965573901380     
          21   1.8383965573901380     
          22   1.8383965573901380     
          23   1.8383965573901380     
          24   1.8383965573901380     
          25   1.5639268430522106     
          26   1.5639268430522106     
          27   1.5639268430522106     
          28   1.5639268430522106     
          29   1.5639268430522106     
          30   1.5639268430522106     
          31  0.31735929456042733     
          32  0.31735929456042733     
          33  0.31735929456042733     
          34  0.19331891944910229     
          35  0.19331891944910229     
          36  0.19331891944910229     
          37  0.19331891944910229     
          38  0.19331891944910229     
          39  0.19331891944910229     
          40  0.19331891944910229     
          41  0.19331891944910229     
          42  0.19331891944910229     
          43  0.19331891944910229     
          44  0.19331891944910229     
          45  0.19331891944910229     
          46  0.19331891944910229     
          47  0.19331891944910229     
          48  0.19331891944910229     
          49  0.19331891944910229     
          50  0.19331891944910229     
          51  0.19331891944910229     
          52  0.19331891944910229     
          53  0.19331891944910229     
          54  0.14277865873962625     
          55  0.14134475187353424     
          56  0.14134475187353424     
          57  0.14134475187353424     
          58  0.14134475187353424     
          59  0.14134475187353424     
          60  0.14134475187353424     
          61  0.14134475187353424     
          62  0.14134475187353424     
          63  0.14134475187353424     
          64  0.14134475187353424     
          65  0.14134475187353424     
          66  0.14134475187353424     
          67  0.14134475187353424     
          68  0.14134475187353424     
          69   8.5825486016853247E-002
          70   8.5825486016853247E-002
          71   8.5825486016853247E-002
          72   8.5825486016853247E-002
          73   8.5825486016853247E-002
          74   8.5825486016853247E-002
          75   8.5825486016853247E-002
          76   8.5825486016853247E-002
          77   8.5825486016853247E-002
          78   8.5825486016853247E-002
          79   8.5825486016853247E-002
          80   8.5825486016853247E-002
          81   8.5825486016853247E-002
          82   8.5825486016853247E-002
          83   8.5825486016853247E-002
          84   8.5825486016853247E-002
          85   8.5825486016853247E-002
          86   8.5825486016853247E-002
          87   8.5825486016853247E-002
          88   8.5825486016853247E-002
          89   8.5825486016853247E-002
          90   8.5825486016853247E-002
          91   8.5825486016853247E-002
          92   8.5825486016853247E-002
          93   8.5825486016853247E-002
          94   8.5825486016853247E-002
          95   8.5825486016853247E-002
          96   8.5825486016853247E-002
          97   8.5825486016853247E-002
          98   8.5825486016853247E-002
          99   8.5825486016853247E-002
         100   8.5825486016853247E-002
         101   8.5825486016853247E-002
         102   8.5825486016853247E-002
         103   8.5825486016853247E-002
         104   8.5825486016853247E-002
         105   8.5825486016853247E-002
         106   8.5825486016853247E-002
         107   8.5825486016853247E-002
         108   8.5825486016853247E-002
         109   8.5825486016853247E-002
         110   8.5825486016853247E-002
         111   8.5825486016853247E-002
         112   8.5825486016853247E-002
         113   8.5825486016853247E-002
         114   8.5825486016853247E-002
         115   8.5825486016853247E-002
         116   8.5825486016853247E-002
         117   8.5825486016853247E-002
         118   8.5825486016853247E-002
         119   8.5825486016853247E-002
         120   8.5825486016853247E-002
         121   8.5825486016853247E-002
         122   8.5825486016853247E-002
         123   8.5825486016853247E-002
         124   8.5825486016853247E-002
         125   8.5825486016853247E-002
         126   8.5825486016853247E-002
         127   8.5825486016853247E-002
         128   8.5825486016853247E-002
         129   8.5825486016853247E-002
         130   8.5825486016853247E-002
         131   8.5825486016853247E-002
         132   8.5825486016853247E-002
         133   8.5825486016853247E-002
         134   8.5825486016853247E-002
         135   8.5825486016853247E-002
         136   8.5825486016853247E-002
         137   8.5825486016853247E-002
         138   8.5825486016853247E-002
         139   8.5825486016853247E-002
         140   8.5825486016853247E-002
         141   8.5825486016853247E-002
         142   8.5825486016853247E-002
         143   8.5825486016853247E-002
         144   8.5825486016853247E-002
         145   8.5825486016853247E-002
         146   8.5825486016853247E-002
         147   8.5825486016853247E-002
         148   8.5825486016853247E-002
         149   8.5825486016853247E-002
         150   8.5825486016853247E-002
         151   8.5825486016853247E-002
         152   8.5825486016853247E-002
         153   8.5825486016853247E-002
         154   8.5825486016853247E-002
         155   8.5825486016853247E-002
         156   8.5825486016853247E-002
         157   8.5825486016853247E-002
         158   8.5825486016853247E-002
         159   8.5825486016853247E-002
         160   8.5825486016853247E-002
         161   8.5825486016853247E-002
         162   8.5825486016853247E-002
         163   8.5825486016853247E-002
         164   8.5825486016853247E-002
         165   8.5825486016853247E-002
         166   8.5825486016853247E-002
         167   8.5825486016853247E-002
         168   8.5825486016853247E-002
         169   8.5825486016853247E-002
         170   8.5825486016853247E-002
         171   8.5825486016853247E-002
         172   8.5825486016853247E-002
         173   8.5825486016853247E-002
         174   8.5825486016853247E-002
         175   8.5825486016853247E-002
         176   8.5825486016853247E-002
         177   8.5825486016853247E-002
         178   8.5825486016853247E-002
         179   8.5825486016853247E-002
         180   8.5825486016853247E-002
         181   8.5825486016853247E-002
         182   8.5825486016853247E-002
         183   8.5825486016853247E-002
         184   8.5825486016853247E-002
         185   8.5825486016853247E-002
         186   8.5825486016853247E-002
         187   8.5825486016853247E-002
         188   8.5825486016853247E-002
         189   8.5825486016853247E-002
         190   8.5825486016853247E-002
         191   8.5825486016853247E-002
         192   8.5825486016853247E-002
         193   8.5825486016853247E-002
         194   8.5825486016853247E-002
         195   8.5825486016853247E-002
         196   8.5825486016853247E-002
         197   8.5825486016853247E-002
         198   8.5825486016853247E-002
         199   8.5825486016853247E-002
         200   8.5825486016853247E-002
         201   8.5825486016853247E-002
         202   8.5825486016853247E-002
         203   8.5825486016853247E-002
         204   8.5825486016853247E-002
         205   8.5825486016853247E-002
         206   8.5825486016853247E-002
         207   8.5825486016853247E-002
         208   8.5825486016853247E-002
         209   8.5825486016853247E-002
         210   8.5825486016853247E-002
         211   8.5825486016853247E-002
         212   8.5825486016853247E-002
         213   8.5825486016853247E-002
         214   8.5825486016853247E-002
         215   8.5825486016853247E-002
         216   8.5825486016853247E-002
         217   8.5825486016853247E-002
         218   8.5825486016853247E-002
         219   8.5825486016853247E-002
         220   8.5825486016853247E-002
         221   8.5825486016853247E-002
         222   8.5825486016853247E-002
         223   8.5825486016853247E-002
         224   8.5825486016853247E-002
         225   8.5825486016853247E-002
         226   8.5825486016853247E-002
         227   8.5825486016853247E-002
         228   8.5825486016853247E-002
         229   8.5825486016853247E-002
         230   8.5825486016853247E-002
         231   8.5825486016853247E-002
         232   8.5825486016853247E-002
         233   8.5825486016853247E-002
         234   6.1469516180411077E-002
         235   6.1469516180411077E-002
         236   6.1469516180411077E-002
         237   6.1469516180411077E-002
         238   6.1469516180411077E-002
         239   6.1469516180411077E-002
         240   6.1469516180411077E-002
         241   6.1469516180411077E-002
         242   6.1469516180411077E-002
         243   6.1469516180411077E-002
         244   3.4042912244593992E-002
         245   3.8174831151005506E-003
