           1   3.0633771277784572     
           2   2.1537132948236080     
           3   1.5655204113015930     
           4   1.5655204113015930     
           5   1.5655204113015930     
           6   1.5655204113015930     
           7   1.5655204113015930     
           8   1.3780800449732231     
           9   1.3780800449732231     
          10   1.3780800449732231     
          11   1.3780800449732231     
          12   1.3780800449732231     
          13   1.2391579860040096     
          14   1.2391579860040096     
          15   1.2391579860040096     
          16   1.2391579860040096     
          17   1.2391579860040096     
          18   1.2391579860040096     
          19   1.2391579860040096     
          20   1.2391579860040096     
          21   1.2391579860040096     
          22   1.2391579860040096     
          23   1.2391579860040096     
          24   1.2391579860040096     
          25   1.2391579860040096     
          26   1.2391579860040096     
          27   1.2391579860040096     
          28   1.2391579860040096     
          29   1.2391579860040096     
          30   1.2391579860040096     
          31   1.2391579860040096     
          32   1.2391579860040096     
          33   1.2391579860040096     
          34   1.2391579860040096     
          35   1.2391579860040096     
          36   1.2391579860040096     
          37  0.54112729806296933     
          38  0.48771280522066274     
          39  0.48771280522066274     
          40  0.48771280522066274     
          41  0.48771280522066274     
          42  0.48771280522066274     
          43  0.48771280522066274     
          44  0.48771280522066274     
          45  0.48771280522066274     
          46  0.48649048856418098     
          47  0.48649048856418098     
          48  0.48649048856418098     
          49  0.48649048856418098     
          50  0.48649048856418098     
          51  0.48649048856418098     
          52  0.48649048856418098     
          53  0.48649048856418098     
          54  0.48649048856418098     
          55  0.48649048856418098     
          56  0.48649048856418098     
          57  0.48649048856418098     
          58  0.48649048856418098     
          59  0.48649048856418098     
          60  0.48649048856418098     
          61  0.48649048856418098     
          62  0.48649048856418098     
          63  0.48649048856418098     
          64  0.48649048856418098     
          65  0.48649048856418098     
          66  0.48649048856418098     
          67  0.48649048856418098     
          68  0.48649048856418098     
          69  0.48649048856418098     
          70  0.48649048856418098     
          71  0.48649048856418098     
          72  0.48649048856418098     
          73  0.48649048856418098     
          74  0.48649048856418098     
          75  0.48649048856418098     
          76  0.48649048856418098     
          77  0.48649048856418098     
          78  0.48649048856418098     
          79  0.48649048856418098     
          80  0.48649048856418098     
          81  0.48649048856418098     
          82  0.48649048856418098     
          83  0.48649048856418098     
          84  0.48630824152520535     
          85  0.48630824152520535     
          86  0.48630824152520535     
          87  0.48630824152520535     
          88  0.48630824152520535     
          89  0.48630824152520535     
          90  0.48630824152520535     
          91  0.48630824152520535     
          92  0.48630824152520535     
          93  0.48630824152520535     
          94  0.48630824152520535     
          95  0.48630824152520535     
          96  0.48630824152520535     
          97  0.48630824152520535     
          98  0.48630824152520535     
          99  0.48630824152520535     
         100  0.48630824152520535     
         101  0.48630824152520535     
         102  0.48630824152520535     
         103  0.48630824152520535     
         104  0.48630824152520535     
         105  0.48630824152520535     
         106  0.48630824152520535     
         107  0.48630824152520535     
         108  0.48630824152520535     
         109  0.48630824152520535     
         110  0.48469294885030667     
         111  0.48469294885030667     
         112  0.48469294885030667     
         113  0.48469294885030667     
         114  0.48469294885030667     
         115  0.48469294885030667     
         116  0.48469294885030667     
         117  0.48469294885030667     
         118  0.48469294885030667     
         119  0.48469294885030667     
         120  0.48469294885030667     
         121  0.48469294885030667     
         122  0.48469294885030667     
         123  0.48469294885030667     
         124  0.48469294885030667     
         125  0.48469294885030667     
         126  0.48469294885030667     
         127  0.48469294885030667     
         128  0.48469294885030667     
         129  0.48469294885030667     
         130  0.48469294885030667     
         131  0.48469294885030667     
         132  0.48469294885030667     
         133  0.48469294885030667     
         134  0.48469294885030667     
         135  0.48469294885030667     
         136  0.48469294885030667     
         137  0.48469294885030667     
         138  0.48469294885030667     
         139  0.48469294885030667     
         140  0.48469294885030667     
         141  0.48469294885030667     
         142  0.48469294885030667     
         143  0.48469294885030667     
         144  0.48469294885030667     
         145  0.48469294885030667     
         146  0.48469294885030667     
         147  0.48469294885030667     
         148  0.48469294885030667     
         149  0.48469294885030667     
         150  0.48469294885030667     
         151  0.48469294885030667     
         152  0.48469294885030667     
         153  0.48469294885030667     
         154  0.48469294885030667     
         155  0.48469294885030667     
         156  0.48469294885030667     
         157  0.48469294885030667     
         158  0.48469294885030667     
         159  0.48469294885030667     
         160  0.48469294885030667     
         161  0.48469294885030667     
         162  0.48469294885030667     
         163  0.48469294885030667     
         164  0.48469294885030667     
         165  0.48469294885030667     
         166  0.48469294885030667     
         167  0.48469294885030667     
         168  0.48469294885030667     
         169  0.48469294885030667     
         170  0.48469294885030667     
         171  0.48469294885030667     
         172  0.48469294885030667     
         173  0.48469294885030667     
         174  0.48469294885030667     
         175  0.48469294885030667     
         176  0.48469294885030667     
         177  0.48469294885030667     
         178  0.48469294885030667     
         179  0.48469294885030667     
         180  0.48469294885030667     
         181  0.48469294885030667     
         182  0.48469294885030667     
         183  0.48469294885030667     
         184  0.48469294885030667     
         185  0.48469294885030667     
         186  0.48469294885030667     
         187  0.48469294885030667     
         188  0.48469294885030667     
         189  0.48469294885030667     
         190  0.48469294885030667     
         191  0.48469294885030667     
         192  0.48469294885030667     
         193  0.48469294885030667     
         194  0.48469294885030667     
         195  0.48469294885030667     
         196  0.48469294885030667     
         197  0.48469294885030667     
         198  0.48469294885030667     
         199  0.48469294885030667     
         200  0.48469294885030667     
         201  0.48469294885030667     
         202  0.48469294885030667     
         203  0.48469294885030667     
         204   3.8232422354853135E-002
         205   3.8232422354853135E-002
         206   3.8232422354853135E-002
         207   3.8232422354853135E-002
         208   3.8232422354853135E-002
         209   3.8232422354853135E-002
         210   3.8232422354853135E-002
         211   3.8232422354853135E-002
         212   3.8232422354853135E-002
         213   3.8232422354853135E-002
         214   3.8232422354853135E-002
         215   3.8232422354853135E-002
         216   3.8232422354853135E-002
         217   3.8232422354853135E-002
         218   3.8232422354853135E-002
         219   3.8232422354853135E-002
         220   3.8232422354853135E-002
         221   3.8232422354853135E-002
         222   3.8232422354853135E-002
         223   3.8232422354853135E-002
         224   3.8232422354853135E-002
         225   3.8232422354853135E-002
         226   3.8232422354853135E-002
         227   3.8232422354853135E-002
         228   3.8232422354853135E-002
         229   3.8232422354853135E-002
         230   3.8232422354853135E-002
         231   3.8232422354853135E-002
         232   3.8232422354853135E-002
         233   3.8232422354853135E-002
         234   3.8232422354853135E-002
         235   3.8232422354853135E-002
         236   3.8232422354853135E-002
         237   3.8232422354853135E-002
         238   3.8232422354853135E-002
         239   3.8232422354853135E-002
         240   3.8232422354853135E-002
         241   3.8232422354853135E-002
         242   3.8232422354853135E-002
         243   3.8232422354853135E-002
         244   3.8232422354853135E-002
         245   3.8232422354853135E-002
         246   3.8232422354853135E-002
         247   3.8232422354853135E-002
         248   3.8232422354853135E-002
         249   3.8232422354853135E-002
         250   3.8232422354853135E-002
         251   3.8232422354853135E-002
         252   3.8232422354853135E-002
         253   3.8232422354853135E-002
         254   3.8232422354853135E-002
         255   3.8232422354853135E-002
         256   3.8232422354853135E-002
         257   3.8232422354853135E-002
         258   3.8232422354853135E-002
         259   3.8232422354853135E-002
         260   3.8232422354853135E-002
         261   3.8232422354853135E-002
         262   3.8232422354853135E-002
         263   3.8232422354853135E-002
         264   3.8232422354853135E-002
         265   3.8232422354853135E-002
         266   3.8232422354853135E-002
         267   3.8232422354853135E-002
         268   3.8232422354853135E-002
         269   3.8232422354853135E-002
         270   3.8232422354853135E-002
         271   3.8232422354853135E-002
         272   3.8232422354853135E-002
         273   3.8232422354853135E-002
         274   3.8232422354853135E-002
         275   3.8232422354853135E-002
         276   3.8232422354853135E-002
         277   3.8232422354853135E-002
         278   3.8232422354853135E-002
         279   3.8232422354853135E-002
         280   3.8232422354853135E-002
         281   3.8232422354853135E-002
         282   3.8232422354853135E-002
         283   3.8232422354853135E-002
         284   3.8232422354853135E-002
         285   3.8232422354853135E-002
         286   3.8232422354853135E-002
         287   3.8232422354853135E-002
         288   3.8232422354853135E-002
         289   3.8232422354853135E-002
         290   3.8232422354853135E-002
         291   3.8232422354853135E-002
         292   3.8232422354853135E-002
         293   3.8232422354853135E-002
         294   3.8232422354853135E-002
         295   3.8232422354853135E-002
         296   3.8232422354853135E-002
         297   3.8232422354853135E-002
         298   3.8232422354853135E-002
         299   3.8232422354853135E-002
         300   3.8232422354853135E-002
         301   3.8232422354853135E-002
         302   3.8232422354853135E-002
         303   3.8232422354853135E-002
         304   3.8232422354853135E-002
         305   3.8232422354853135E-002
         306   3.8232422354853135E-002
         307   3.8232422354853135E-002
         308   3.8232422354853135E-002
         309   3.8232422354853135E-002
         310   3.8232422354853135E-002
         311   3.8232422354853135E-002
         312   3.8232422354853135E-002
         313   3.8232422354853135E-002
         314   3.8232422354853135E-002
         315   3.8232422354853135E-002
         316   3.8232422354853135E-002
         317   3.8232422354853135E-002
         318   3.8232422354853135E-002
         319   3.8232422354853135E-002
         320   3.8232422354853135E-002
         321   3.8232422354853135E-002
         322   3.8232422354853135E-002
         323   3.8232422354853135E-002
         324   3.8232422354853135E-002
         325   3.8232422354853135E-002
         326   3.8232422354853135E-002
         327   3.8232422354853135E-002
         328   3.8232422354853135E-002
         329   3.8232422354853135E-002
         330   3.8232422354853135E-002
         331   3.8232422354853135E-002
         332   3.8232422354853135E-002
         333   3.8232422354853135E-002
         334   3.8232422354853135E-002
         335   3.8232422354853135E-002
         336   3.8232422354853135E-002
         337   3.8232422354853135E-002
         338   3.8232422354853135E-002
         339   3.8232422354853135E-002
         340   3.8232422354853135E-002
         341   3.8232422354853135E-002
         342   3.8232422354853135E-002
         343   3.8232422354853135E-002
         344   3.8232422354853135E-002
         345   3.8232422354853135E-002
         346   3.8232422354853135E-002
         347   3.8232422354853135E-002
         348   3.8232422354853135E-002
         349   3.8232422354853135E-002
         350   3.8232422354853135E-002
         351   3.8232422354853135E-002
         352   3.8232422354853135E-002
         353   3.8232422354853135E-002
         354   3.8232422354853135E-002
         355   3.8232422354853135E-002
         356   3.8232422354853135E-002
         357   3.8232422354853135E-002
         358   3.8232422354853135E-002
         359   3.8232422354853135E-002
         360   3.8232422354853135E-002
         361   3.8232422354853135E-002
         362   3.8232422354853135E-002
         363   3.8232422354853135E-002
         364   3.8232422354853135E-002
         365   3.8232422354853135E-002
         366   3.8232422354853135E-002
         367   3.8232422354853135E-002
         368   3.8232422354853135E-002
         369   3.8232422354853135E-002
         370   3.8232422354853135E-002
         371   3.8232422354853135E-002
         372   3.8232422354853135E-002
         373   3.8232422354853135E-002
         374   3.8232422354853135E-002
         375   3.8232422354853135E-002
         376   3.8232422354853135E-002
         377   3.8232422354853135E-002
         378   3.8232422354853135E-002
         379   3.8232422354853135E-002
         380   3.8232422354853135E-002
         381   3.8232422354853135E-002
         382   3.8232422354853135E-002
         383   3.8232422354853135E-002
         384   3.8232422354853135E-002
         385   3.8232422354853135E-002
         386   3.8232422354853135E-002
         387   3.8232422354853135E-002
         388   3.8232422354853135E-002
         389   3.8232422354853135E-002
         390   3.8232422354853135E-002
         391   3.8232422354853135E-002
         392   3.8232422354853135E-002
         393   3.8232422354853135E-002
         394   3.8232422354853135E-002
         395   3.8232422354853135E-002
         396   3.8232422354853135E-002
         397   3.8232422354853135E-002
         398   3.8232422354853135E-002
         399   3.8232422354853135E-002
         400   3.8232422354853135E-002
         401   3.8232422354853135E-002
         402   3.8232422354853135E-002
         403   3.8232422354853135E-002
         404   3.8232422354853135E-002
         405   3.8232422354853135E-002
         406   3.8232422354853135E-002
         407   3.8232422354853135E-002
         408   3.8232422354853135E-002
         409   3.8232422354853135E-002
         410   3.8232422354853135E-002
         411   3.8232422354853135E-002
         412   3.8232422354853135E-002
         413   3.8232422354853135E-002
         414   3.8232422354853135E-002
         415   3.8232422354853135E-002
         416   3.8232422354853135E-002
         417   3.8232422354853135E-002
         418   3.8232422354853135E-002
         419   3.8232422354853135E-002
         420   3.8232422354853135E-002
         421   3.8232422354853135E-002
         422   3.8232422354853135E-002
         423   3.8232422354853135E-002
         424   3.8232422354853135E-002
         425   3.8232422354853135E-002
         426   3.8232422354853135E-002
         427   3.8232422354853135E-002
         428   3.8232422354853135E-002
         429   3.8232422354853135E-002
         430   3.8232422354853135E-002
         431   3.8232422354853135E-002
         432   3.8232422354853135E-002
         433   3.8232422354853135E-002
         434   3.8232422354853135E-002
         435   3.8232422354853135E-002
         436   3.8232422354853135E-002
         437   3.8232422354853135E-002
         438   3.8232422354853135E-002
         439   3.8232422354853135E-002
         440   3.8232422354853135E-002
         441   3.8232422354853135E-002
         442   3.8232422354853135E-002
         443   3.8232422354853135E-002
         444   3.8232422354853135E-002
         445   3.8232422354853135E-002
         446   3.8232422354853135E-002
         447   3.8232422354853135E-002
         448   3.8232422354853135E-002
         449   3.8232422354853135E-002
         450   3.8232422354853135E-002
         451   3.8232422354853135E-002
         452   3.8232422354853135E-002
         453   3.8232422354853135E-002
         454   3.8232422354853135E-002
         455   3.8232422354853135E-002
         456   3.8232422354853135E-002
         457   3.8232422354853135E-002
         458   3.8232422354853135E-002
         459   3.8232422354853135E-002
         460   3.8232422354853135E-002
         461   3.8232422354853135E-002
         462   3.8232422354853135E-002
         463   3.8232422354853135E-002
         464   3.8232422354853135E-002
         465   3.8232422354853135E-002
         466   3.8232422354853135E-002
         467   3.8232422354853135E-002
         468   3.8232422354853135E-002
         469   3.8232422354853135E-002
         470   3.8232422354853135E-002
         471   3.8232422354853135E-002
         472   3.8232422354853135E-002
         473   3.8232422354853135E-002
         474   3.8232422354853135E-002
         475   3.8232422354853135E-002
         476   3.8232422354853135E-002
         477   3.8232422354853135E-002
         478   3.8232422354853135E-002
         479   3.8232422354853135E-002
         480   3.8232422354853135E-002
         481   3.8232422354853135E-002
         482   3.8232422354853135E-002
         483   3.8232422354853135E-002
         484   3.8232422354853135E-002
         485   3.8232422354853135E-002
         486   3.8232422354853135E-002
         487   3.8232422354853135E-002
         488   3.8232422354853135E-002
         489   3.8232422354853135E-002
         490   3.8232422354853135E-002
         491   3.8232422354853135E-002
         492   3.8232422354853135E-002
         493   3.8232422354853135E-002
         494   3.8232422354853135E-002
         495   3.8232422354853135E-002
         496   3.8232422354853135E-002
         497   3.8232422354853135E-002
         498   3.8232422354853135E-002
         499   3.8232422354853135E-002
         500   3.8232422354853135E-002
         501   3.8232422354853135E-002
         502   3.8232422354853135E-002
         503   3.8232422354853135E-002
         504   3.8232422354853135E-002
         505   3.8232422354853135E-002
         506   3.8232422354853135E-002
         507   3.8232422354853135E-002
         508   3.8232422354853135E-002
         509   3.8232422354853135E-002
         510   3.8232422354853135E-002
         511   3.8232422354853135E-002
         512   3.8232422354853135E-002
         513   3.8232422354853135E-002
         514   3.8232422354853135E-002
         515   3.8232422354853135E-002
         516   3.8232422354853135E-002
         517   3.8232422354853135E-002
         518   3.8232422354853135E-002
         519   3.8232422354853135E-002
         520   3.8232422354853135E-002
         521   3.8232422354853135E-002
         522   3.8232422354853135E-002
         523   3.8232422354853135E-002
         524   3.8232422354853135E-002
         525   3.8232422354853135E-002
         526   3.8232422354853135E-002
         527   3.8232422354853135E-002
         528   3.8232422354853135E-002
         529   3.8232422354853135E-002
         530   3.8232422354853135E-002
         531   3.8232422354853135E-002
         532   3.8232422354853135E-002
         533   3.8232422354853135E-002
         534   3.8232422354853135E-002
         535   3.8232422354853135E-002
         536   3.8232422354853135E-002
         537   3.8232422354853135E-002
         538   3.8232422354853135E-002
         539   3.8232422354853135E-002
         540   3.8232422354853135E-002
         541   3.8232422354853135E-002
         542   3.8232422354853135E-002
         543   3.8232422354853135E-002
         544   3.8232422354853135E-002
         545   3.8232422354853135E-002
         546   3.8232422354853135E-002
         547   3.8232422354853135E-002
         548   3.8232422354853135E-002
         549   3.8232422354853135E-002
         550   3.8232422354853135E-002
         551   3.8232422354853135E-002
         552   3.8232422354853135E-002
         553   3.8232422354853135E-002
         554   3.8232422354853135E-002
         555   3.8232422354853135E-002
         556   3.8232422354853135E-002
         557   3.8232422354853135E-002
         558   3.8232422354853135E-002
         559   2.6315523730091606E-002
         560   2.6315523730091606E-002
         561   2.6315523730091606E-002
         562   2.6315523730091606E-002
         563   2.6315523730091606E-002
         564   2.6315523730091606E-002
         565   2.6315523730091606E-002
         566   2.6315523730091606E-002
         567   2.6315523730091606E-002
         568   2.6315523730091606E-002
         569   2.6315523730091606E-002
         570   2.6315523730091606E-002
         571   2.6315523730091606E-002
         572   2.6315523730091606E-002
         573   2.6315523730091606E-002
         574   2.6315523730091606E-002
         575   2.6315523730091606E-002
         576   2.6315523730091606E-002
         577   2.6315523730091606E-002
         578   2.6315523730091606E-002
         579   2.6315523730091606E-002
         580   2.6315523730091606E-002
         581   2.6315523730091606E-002
         582   2.6315523730091606E-002
         583   2.6315523730091606E-002
         584   2.6315523730091606E-002
         585   2.6315523730091606E-002
         586   2.6315523730091606E-002
         587   2.6315523730091606E-002
         588   2.6315523730091606E-002
         589   2.6315523730091606E-002
         590   2.6315523730091606E-002
         591   2.6315523730091606E-002
         592   2.6315523730091606E-002
         593   2.6315523730091606E-002
         594   2.6315523730091606E-002
         595   2.6315523730091606E-002
         596   2.6315523730091606E-002
         597   2.6315523730091606E-002
         598   2.6315523730091606E-002
         599   2.6315523730091606E-002
         600   2.6315523730091606E-002
         601   2.6315523730091606E-002
         602   2.6315523730091606E-002
         603   2.6315523730091606E-002
         604   2.6315523730091606E-002
         605   2.6315523730091606E-002
         606   2.6315523730091606E-002
         607   2.6315523730091606E-002
         608   2.6315523730091606E-002
         609   2.6315523730091606E-002
         610   2.6315523730091606E-002
         611   2.6315523730091606E-002
         612   2.6315523730091606E-002
         613   2.6315523730091606E-002
         614   2.6315523730091606E-002
         615   2.6315523730091606E-002
         616   2.6315523730091606E-002
         617   2.6315523730091606E-002
         618   2.6315523730091606E-002
         619   2.6315523730091606E-002
         620   2.6315523730091606E-002
         621   2.6315523730091606E-002
         622   2.6315523730091606E-002
         623   2.6315523730091606E-002
         624   2.6315523730091606E-002
         625   2.6315523730091606E-002
         626   2.6315523730091606E-002
         627   2.6315523730091606E-002
         628   2.6315523730091606E-002
         629   2.6315523730091606E-002
         630   2.6315523730091606E-002
         631   2.6315523730091606E-002
         632   2.6315523730091606E-002
         633   2.6315523730091606E-002
         634   2.6315523730091606E-002
         635   2.6315523730091606E-002
         636   2.6315523730091606E-002
         637   2.6315523730091606E-002
         638   2.6315523730091606E-002
         639   2.6315523730091606E-002
         640   2.6315523730091606E-002
         641   2.6315523730091606E-002
         642   2.6315523730091606E-002
         643   2.6315523730091606E-002
         644   2.6315523730091606E-002
         645   2.6315523730091606E-002
         646   2.6315523730091606E-002
         647   2.6315523730091606E-002
         648   2.6315523730091606E-002
         649   2.6315523730091606E-002
         650   2.6315523730091606E-002
         651   2.6315523730091606E-002
         652   2.6315523730091606E-002
         653   2.6315523730091606E-002
         654   2.6315523730091606E-002
         655   2.6315523730091606E-002
         656   2.6315523730091606E-002
         657   2.6315523730091606E-002
         658   2.6315523730091606E-002
         659   2.6315523730091606E-002
         660   2.6315523730091606E-002
         661   2.6315523730091606E-002
         662   2.6315523730091606E-002
         663   2.6315523730091606E-002
         664   2.6315523730091606E-002
         665   2.6315523730091606E-002
         666   2.6315523730091606E-002
         667   2.6315523730091606E-002
         668   2.6315523730091606E-002
         669   2.6315523730091606E-002
         670   2.6315523730091606E-002
         671   2.6315523730091606E-002
         672   2.6315523730091606E-002
         673   2.6315523730091606E-002
         674   2.6315523730091606E-002
         675   2.6315523730091606E-002
         676   2.6315523730091606E-002
         677   2.6315523730091606E-002
         678   2.6315523730091606E-002
         679   2.6315523730091606E-002
         680   2.6315523730091606E-002
         681   2.6315523730091606E-002
         682   2.6315523730091606E-002
         683   2.6315523730091606E-002
         684   2.6315523730091606E-002
         685   2.6315523730091606E-002
         686   2.6315523730091606E-002
         687   2.6315523730091606E-002
         688   2.6315523730091606E-002
         689   2.6315523730091606E-002
         690   2.6315523730091606E-002
         691   2.6315523730091606E-002
         692   2.6315523730091606E-002
         693   2.6315523730091606E-002
         694   2.6315523730091606E-002
         695   2.6315523730091606E-002
         696   2.6315523730091606E-002
         697   2.6315523730091606E-002
         698   2.6315523730091606E-002
         699   2.6315523730091606E-002
         700   2.6315523730091606E-002
         701   2.6315523730091606E-002
         702   2.6315523730091606E-002
         703   2.6315523730091606E-002
         704   2.6315523730091606E-002
         705   2.6315523730091606E-002
         706   2.6315523730091606E-002
         707   2.6315523730091606E-002
         708   2.6315523730091606E-002
         709   2.6315523730091606E-002
         710   2.6315523730091606E-002
         711   2.6315523730091606E-002
         712   2.6315523730091606E-002
         713   2.6315523730091606E-002
         714   2.6315523730091606E-002
         715   2.6315523730091606E-002
         716   2.6315523730091606E-002
         717   2.6315523730091606E-002
         718   2.6315523730091606E-002
         719   2.6315523730091606E-002
         720   2.6315523730091606E-002
         721   2.6315523730091606E-002
         722   2.6315523730091606E-002
         723   2.6315523730091606E-002
         724   2.6315523730091606E-002
         725   2.6315523730091606E-002
         726   2.6315523730091606E-002
         727   2.6315523730091606E-002
         728   2.6315523730091606E-002
         729   2.6315523730091606E-002
         730   2.6315523730091606E-002
         731   2.6315523730091606E-002
         732   2.6315523730091606E-002
         733   2.6315523730091606E-002
         734   2.6315523730091606E-002
         735   2.6315523730091606E-002
         736   2.6315523730091606E-002
         737   2.6315523730091606E-002
         738   2.6315523730091606E-002
         739   2.6315523730091606E-002
         740   2.6315523730091606E-002
         741   2.6315523730091606E-002
         742   2.6315523730091606E-002
         743   2.6315523730091606E-002
         744   2.6315523730091606E-002
         745   2.6315523730091606E-002
         746   2.6315523730091606E-002
         747   2.6315523730091606E-002
         748   2.6315523730091606E-002
         749   2.6315523730091606E-002
         750   2.6315523730091606E-002
         751   2.6315523730091606E-002
         752   2.6315523730091606E-002
         753   2.6315523730091606E-002
         754   2.6315523730091606E-002
         755   2.6315523730091606E-002
         756   2.6315523730091606E-002
         757   2.6315523730091606E-002
         758   2.6315523730091606E-002
         759   2.6315523730091606E-002
         760   2.6315523730091606E-002
         761   2.6315523730091606E-002
         762   2.6315523730091606E-002
         763   2.6315523730091606E-002
         764   2.6315523730091606E-002
         765   2.6315523730091606E-002
         766   2.6315523730091606E-002
         767   2.6315523730091606E-002
         768   2.6315523730091606E-002
         769   2.6315523730091606E-002
         770   2.6315523730091606E-002
         771   2.6315523730091606E-002
         772   2.6315523730091606E-002
         773   2.6315523730091606E-002
         774   2.6315523730091606E-002
         775   2.6315523730091606E-002
         776   2.6315523730091606E-002
         777   2.6315523730091606E-002
         778   2.6315523730091606E-002
         779   2.6315523730091606E-002
         780   2.6315523730091606E-002
         781   2.6315523730091606E-002
         782   2.6315523730091606E-002
         783   2.6315523730091606E-002
         784   2.6315523730091606E-002
         785   2.6315523730091606E-002
         786   2.6315523730091606E-002
         787   2.6315523730091606E-002
         788   2.6315523730091606E-002
         789   2.6315523730091606E-002
         790   2.6315523730091606E-002
         791   2.6315523730091606E-002
         792   2.6315523730091606E-002
         793   2.6315523730091606E-002
         794   2.6315523730091606E-002
         795   2.6315523730091606E-002
         796   2.6315523730091606E-002
         797   2.6315523730091606E-002
         798   2.6315523730091606E-002
         799   2.6315523730091606E-002
         800   2.6315523730091606E-002
         801   2.6315523730091606E-002
         802   2.6315523730091606E-002
         803   2.6315523730091606E-002
         804   2.6315523730091606E-002
         805   2.6315523730091606E-002
         806   2.6315523730091606E-002
         807   2.6315523730091606E-002
         808   2.6315523730091606E-002
         809   2.6315523730091606E-002
         810   2.6315523730091606E-002
         811   2.6315523730091606E-002
         812   2.6315523730091606E-002
         813   2.6315523730091606E-002
         814   2.6315523730091606E-002
         815   2.6315523730091606E-002
         816   2.6315523730091606E-002
         817   2.6315523730091606E-002
         818   2.6315523730091606E-002
         819   2.6315523730091606E-002
         820   2.6315523730091606E-002
         821   2.6315523730091606E-002
         822   2.6315523730091606E-002
         823   2.6315523730091606E-002
         824   2.6315523730091606E-002
         825   2.6315523730091606E-002
         826   2.6315523730091606E-002
         827   2.6315523730091606E-002
         828   2.6315523730091606E-002
         829   2.6315523730091606E-002
         830   2.6315523730091606E-002
         831   2.6315523730091606E-002
         832   2.6315523730091606E-002
         833   2.6315523730091606E-002
         834   2.6315523730091606E-002
         835   2.6315523730091606E-002
         836   2.6315523730091606E-002
         837   2.6315523730091606E-002
         838   2.6315523730091606E-002
         839   2.6315523730091606E-002
         840   2.6315523730091606E-002
         841   2.6315523730091606E-002
         842   2.6315523730091606E-002
         843   2.6315523730091606E-002
         844   2.6315523730091606E-002
         845   2.6315523730091606E-002
         846   2.6315523730091606E-002
         847   2.6315523730091606E-002
         848   2.6315523730091606E-002
         849   2.6315523730091606E-002
         850   2.6315523730091606E-002
         851   2.6315523730091606E-002
         852   2.6315523730091606E-002
         853   2.6315523730091606E-002
         854   2.6315523730091606E-002
         855   2.6315523730091606E-002
         856   2.6315523730091606E-002
         857   2.6315523730091606E-002
         858   2.6315523730091606E-002
         859   2.6315523730091606E-002
         860   2.6315523730091606E-002
         861   2.6315523730091606E-002
         862   2.6315523730091606E-002
         863   2.6315523730091606E-002
         864   2.6315523730091606E-002
         865   2.6315523730091606E-002
         866   2.6315523730091606E-002
         867   2.6315523730091606E-002
         868   2.6315523730091606E-002
         869   2.6315523730091606E-002
         870   2.6315523730091606E-002
         871   2.6315523730091606E-002
         872   2.6315523730091606E-002
         873   2.6315523730091606E-002
         874   2.6315523730091606E-002
         875   2.6315523730091606E-002
         876   2.6315523730091606E-002
         877   2.6315523730091606E-002
         878   2.6315523730091606E-002
         879   2.6315523730091606E-002
         880   2.6315523730091606E-002
         881   2.6315523730091606E-002
         882   2.6315523730091606E-002
         883   2.6315523730091606E-002
         884   2.6315523730091606E-002
         885   2.6315523730091606E-002
         886   2.6315523730091606E-002
         887   2.6315523730091606E-002
         888   2.6315523730091606E-002
         889   2.6315523730091606E-002
         890   2.6315523730091606E-002
         891   2.6315523730091606E-002
         892   2.6315523730091606E-002
         893   2.6315523730091606E-002
         894   2.6315523730091606E-002
         895   2.6315523730091606E-002
         896   2.6315523730091606E-002
         897   2.6315523730091606E-002
         898   2.6315523730091606E-002
         899   2.6315523730091606E-002
         900   2.6315523730091606E-002
         901   2.6315523730091606E-002
         902   2.6315523730091606E-002
         903   2.6315523730091606E-002
         904   2.6315523730091606E-002
         905   2.6315523730091606E-002
         906   2.6315523730091606E-002
         907   2.6315523730091606E-002
         908   2.6315523730091606E-002
         909   2.6315523730091606E-002
         910   2.6315523730091606E-002
         911   2.6315523730091606E-002
         912   2.6315523730091606E-002
         913   2.6315523730091606E-002
         914   2.6315523730091606E-002
         915   2.6315523730091606E-002
         916   2.6315523730091606E-002
         917   2.6315523730091606E-002
         918   2.6315523730091606E-002
         919   2.6315523730091606E-002
         920   2.6315523730091606E-002
         921   2.6315523730091606E-002
         922   2.6315523730091606E-002
         923   2.6315523730091606E-002
         924   2.6315523730091606E-002
         925   2.6315523730091606E-002
         926   2.6315523730091606E-002
         927   2.6315523730091606E-002
         928   2.6315523730091606E-002
         929   2.6315523730091606E-002
         930   2.6315523730091606E-002
         931   2.6315523730091606E-002
         932   2.6315523730091606E-002
         933   2.6315523730091606E-002
         934   2.6315523730091606E-002
         935   2.6315523730091606E-002
         936   2.6315523730091606E-002
         937   2.6315523730091606E-002
         938   2.6315523730091606E-002
         939   2.6315523730091606E-002
         940   2.6315523730091606E-002
         941   2.6315523730091606E-002
         942   2.6315523730091606E-002
         943   2.6315523730091606E-002
         944   2.6315523730091606E-002
         945   2.6315523730091606E-002
         946   2.6315523730091606E-002
         947   2.6315523730091606E-002
         948   2.6315523730091606E-002
         949   2.6315523730091606E-002
         950   2.6315523730091606E-002
         951   2.6315523730091606E-002
         952   2.6315523730091606E-002
         953   2.6315523730091606E-002
         954   2.6315523730091606E-002
         955   2.6315523730091606E-002
         956   2.6315523730091606E-002
         957   2.6315523730091606E-002
         958   2.6315523730091606E-002
         959   2.6315523730091606E-002
         960   2.6315523730091606E-002
         961   2.6315523730091606E-002
         962   2.6315523730091606E-002
         963   2.6315523730091606E-002
         964   2.6315523730091606E-002
         965   2.6315523730091606E-002
         966   2.6315523730091606E-002
         967   2.6315523730091606E-002
         968   2.6315523730091606E-002
         969   2.6315523730091606E-002
         970   2.6315523730091606E-002
         971   2.6315523730091606E-002
         972   2.6315523730091606E-002
         973   2.6315523730091606E-002
         974   2.6315523730091606E-002
         975   2.6315523730091606E-002
         976   2.6315523730091606E-002
         977   2.6315523730091606E-002
         978   2.6315523730091606E-002
         979   2.6315523730091606E-002
         980   2.6315523730091606E-002
         981   2.6315523730091606E-002
         982   2.6315523730091606E-002
         983   2.6315523730091606E-002
         984   2.6315523730091606E-002
         985   2.6315523730091606E-002
         986   2.6315523730091606E-002
         987   2.6315523730091606E-002
         988   2.6315523730091606E-002
         989   2.6315523730091606E-002
         990   2.6315523730091606E-002
         991   2.6315523730091606E-002
         992   2.6315523730091606E-002
         993   2.6315523730091606E-002
         994   2.6315523730091606E-002
         995   2.6315523730091606E-002
         996   2.6315523730091606E-002
         997   2.6315523730091606E-002
         998   2.6315523730091606E-002
         999   2.6315523730091606E-002
        1000   2.6315523730091606E-002
        1001   2.6315523730091606E-002
        1002   2.6315523730091606E-002
        1003   2.6315523730091606E-002
        1004   2.6315523730091606E-002
        1005   2.6315523730091606E-002
        1006   2.6315523730091606E-002
        1007   2.6315523730091606E-002
        1008   2.6315523730091606E-002
        1009   2.6315523730091606E-002
        1010   2.6315523730091606E-002
        1011   2.6315523730091606E-002
        1012   2.6315523730091606E-002
        1013   2.6315523730091606E-002
        1014   2.6315523730091606E-002
        1015   2.6315523730091606E-002
        1016   2.6315523730091606E-002
        1017   2.6315523730091606E-002
        1018   2.6315523730091606E-002
        1019   2.6315523730091606E-002
        1020   2.6315523730091606E-002
        1021   2.6315523730091606E-002
        1022   2.6315523730091606E-002
        1023   2.6315523730091606E-002
        1024   2.6315523730091606E-002
        1025   2.6315523730091606E-002
        1026   2.6315523730091606E-002
        1027   2.6315523730091606E-002
        1028   2.6315523730091606E-002
        1029   2.6315523730091606E-002
        1030   2.6315523730091606E-002
        1031   2.6315523730091606E-002
        1032   2.6315523730091606E-002
        1033   2.6315523730091606E-002
        1034   2.6315523730091606E-002
        1035   2.6315523730091606E-002
        1036   2.6315523730091606E-002
        1037   2.6315523730091606E-002
        1038   2.6315523730091606E-002
        1039   2.6315523730091606E-002
        1040   2.6315523730091606E-002
        1041   2.6315523730091606E-002
        1042   2.6315523730091606E-002
        1043   2.6315523730091606E-002
        1044   2.6315523730091606E-002
        1045   2.6315523730091606E-002
        1046   2.6315523730091606E-002
        1047   2.6315523730091606E-002
        1048   2.6315523730091606E-002
        1049   2.6315523730091606E-002
        1050   2.6315523730091606E-002
        1051   2.6315523730091606E-002
        1052   2.6315523730091606E-002
        1053   2.6315523730091606E-002
        1054   2.6315523730091606E-002
        1055   2.6315523730091606E-002
        1056   2.6315523730091606E-002
        1057   2.6315523730091606E-002
        1058   2.6315523730091606E-002
        1059   2.6315523730091606E-002
        1060   2.6315523730091606E-002
        1061   2.6315523730091606E-002
        1062   2.6315523730091606E-002
        1063   2.6315523730091606E-002
        1064   2.6315523730091606E-002
        1065   2.6315523730091606E-002
        1066   2.6315523730091606E-002
        1067   2.6315523730091606E-002
        1068   2.6315523730091606E-002
        1069   2.6315523730091606E-002
        1070   2.6315523730091606E-002
        1071   2.6315523730091606E-002
        1072   2.6315523730091606E-002
        1073   2.6315523730091606E-002
        1074   2.6315523730091606E-002
        1075   2.6315523730091606E-002
        1076   2.6315523730091606E-002
        1077   2.6315523730091606E-002
        1078   2.6315523730091606E-002
        1079   2.6315523730091606E-002
        1080   2.6315523730091606E-002
        1081   2.6315523730091606E-002
        1082   2.6315523730091606E-002
        1083   2.6315523730091606E-002
        1084   2.6315523730091606E-002
        1085   2.6315523730091606E-002
        1086   2.6315523730091606E-002
        1087   2.6315523730091606E-002
        1088   2.6315523730091606E-002
        1089   2.6315523730091606E-002
        1090   2.6315523730091606E-002
        1091   2.6315523730091606E-002
        1092   2.6315523730091606E-002
        1093   2.6315523730091606E-002
        1094   2.6315523730091606E-002
        1095   2.6315523730091606E-002
        1096   2.6315523730091606E-002
        1097   2.6315523730091606E-002
        1098   2.6315523730091606E-002
        1099   2.6315523730091606E-002
        1100   2.6315523730091606E-002
        1101   2.6315523730091606E-002
        1102   2.6315523730091606E-002
        1103   2.6315523730091606E-002
        1104   2.6315523730091606E-002
        1105   2.6315523730091606E-002
        1106   2.6315523730091606E-002
        1107   2.6315523730091606E-002
        1108   2.6315523730091606E-002
        1109   2.6315523730091606E-002
        1110   2.6315523730091606E-002
        1111   2.6315523730091606E-002
        1112   2.6315523730091606E-002
        1113   2.6315523730091606E-002
        1114   2.6315523730091606E-002
        1115   2.6315523730091606E-002
        1116   2.6315523730091606E-002
        1117   2.6315523730091606E-002
        1118   2.6315523730091606E-002
        1119   2.6315523730091606E-002
        1120   2.6315523730091606E-002
        1121   2.6315523730091606E-002
        1122   2.6315523730091606E-002
        1123   2.6315523730091606E-002
        1124   2.6315523730091606E-002
        1125   2.6315523730091606E-002
        1126   2.6315523730091606E-002
        1127   2.6315523730091606E-002
        1128   2.6315523730091606E-002
        1129   2.6315523730091606E-002
        1130   2.6315523730091606E-002
        1131   2.6315523730091606E-002
        1132   2.6315523730091606E-002
        1133   2.6315523730091606E-002
        1134   2.6315523730091606E-002
        1135   2.6315523730091606E-002
        1136   2.6315523730091606E-002
        1137   2.6315523730091606E-002
        1138   2.6315523730091606E-002
        1139   2.6315523730091606E-002
        1140   2.6315523730091606E-002
        1141   2.6315523730091606E-002
        1142   2.6315523730091606E-002
        1143   2.6315523730091606E-002
        1144   2.6315523730091606E-002
        1145   2.6315523730091606E-002
        1146   2.6315523730091606E-002
        1147   2.6315523730091606E-002
        1148   2.6315523730091606E-002
        1149   2.6315523730091606E-002
        1150   2.6315523730091606E-002
        1151   2.6315523730091606E-002
        1152   2.6315523730091606E-002
        1153   2.6315523730091606E-002
        1154   2.6315523730091606E-002
        1155   2.6315523730091606E-002
        1156   2.6315523730091606E-002
        1157   2.6315523730091606E-002
        1158   2.6315523730091606E-002
        1159   2.6315523730091606E-002
        1160   2.6315523730091606E-002
        1161   2.6315523730091606E-002
        1162   2.6315523730091606E-002
        1163   2.6315523730091606E-002
        1164   2.6315523730091606E-002
        1165   2.6315523730091606E-002
        1166   2.6315523730091606E-002
        1167   2.6315523730091606E-002
        1168   2.6315523730091606E-002
        1169   2.6315523730091606E-002
        1170   2.6315523730091606E-002
        1171   2.6315523730091606E-002
        1172   2.6315523730091606E-002
        1173   2.6315523730091606E-002
        1174   2.6315523730091606E-002
        1175   2.6315523730091606E-002
        1176   2.6315523730091606E-002
        1177   2.6315523730091606E-002
        1178   2.6315523730091606E-002
        1179   2.6315523730091606E-002
        1180   2.6315523730091606E-002
        1181   2.6315523730091606E-002
        1182   2.6315523730091606E-002
        1183   2.6315523730091606E-002
        1184   2.6315523730091606E-002
        1185   2.6315523730091606E-002
        1186   2.6315523730091606E-002
        1187   2.6315523730091606E-002
        1188   2.6315523730091606E-002
        1189   2.6315523730091606E-002
        1190   2.6315523730091606E-002
        1191   2.6315523730091606E-002
        1192   2.6315523730091606E-002
        1193   2.6315523730091606E-002
        1194   2.6315523730091606E-002
        1195   2.6315523730091606E-002
        1196   2.6315523730091606E-002
        1197   2.6315523730091606E-002
        1198   2.6315523730091606E-002
        1199   2.6315523730091606E-002
        1200   2.6315523730091606E-002
        1201   2.6315523730091606E-002
        1202   2.6315523730091606E-002
        1203   2.6315523730091606E-002
        1204   2.6315523730091606E-002
        1205   2.6315523730091606E-002
        1206   2.6315523730091606E-002
        1207   2.6315523730091606E-002
        1208   2.6315523730091606E-002
        1209   2.6315523730091606E-002
        1210   2.6315523730091606E-002
        1211   2.6315523730091606E-002
        1212   2.6315523730091606E-002
        1213   2.6315523730091606E-002
        1214   2.6315523730091606E-002
        1215   2.6315523730091606E-002
        1216   2.6315523730091606E-002
        1217   2.6315523730091606E-002
        1218   2.6315523730091606E-002
        1219   2.6315523730091606E-002
        1220   2.6315523730091606E-002
        1221   2.6315523730091606E-002
        1222   2.6315523730091606E-002
        1223   2.6315523730091606E-002
        1224   2.6315523730091606E-002
        1225   2.6315523730091606E-002
        1226   2.6315523730091606E-002
        1227   2.6315523730091606E-002
        1228   2.6315523730091606E-002
        1229   2.6315523730091606E-002
        1230   2.6315523730091606E-002
        1231   2.6315523730091606E-002
        1232   2.6315523730091606E-002
        1233   2.6315523730091606E-002
        1234   2.6315523730091606E-002
        1235   2.6315523730091606E-002
        1236   2.6315523730091606E-002
        1237   2.6315523730091606E-002
        1238   2.6315523730091606E-002
        1239   2.6315523730091606E-002
        1240   2.6315523730091606E-002
        1241   2.6315523730091606E-002
        1242   2.6315523730091606E-002
        1243   2.6315523730091606E-002
        1244   2.6315523730091606E-002
        1245   2.6315523730091606E-002
        1246   2.6315523730091606E-002
        1247   2.6315523730091606E-002
        1248   2.6315523730091606E-002
        1249   2.6315523730091606E-002
        1250   2.6315523730091606E-002
        1251   2.6315523730091606E-002
        1252   2.6315523730091606E-002
        1253   2.6315523730091606E-002
        1254   2.6315523730091606E-002
        1255   2.6315523730091606E-002
        1256   2.6315523730091606E-002
        1257   2.6315523730091606E-002
        1258   2.6315523730091606E-002
        1259   2.6315523730091606E-002
        1260   2.6315523730091606E-002
        1261   2.6315523730091606E-002
        1262   2.6315523730091606E-002
        1263   2.6315523730091606E-002
        1264   2.6315523730091606E-002
        1265   2.6315523730091606E-002
        1266   2.6315523730091606E-002
        1267   2.6315523730091606E-002
        1268   2.6315523730091606E-002
        1269   2.6315523730091606E-002
        1270   2.6315523730091606E-002
        1271   2.6315523730091606E-002
        1272   2.6315523730091606E-002
        1273   2.6315523730091606E-002
        1274   2.6315523730091606E-002
        1275   2.6315523730091606E-002
        1276   2.6315523730091606E-002
        1277   2.6315523730091606E-002
        1278   2.6315523730091606E-002
        1279   2.6315523730091606E-002
        1280   2.6315523730091606E-002
        1281   2.6315523730091606E-002
        1282   2.6315523730091606E-002
        1283   2.6315523730091606E-002
        1284   2.6315523730091606E-002
        1285   2.6315523730091606E-002
        1286   2.6315523730091606E-002
        1287   2.6315523730091606E-002
        1288   2.6315523730091606E-002
        1289   2.6315523730091606E-002
        1290   2.6315523730091606E-002
        1291   2.6315523730091606E-002
        1292   2.6315523730091606E-002
        1293   2.6315523730091606E-002
        1294   2.6315523730091606E-002
        1295   2.6315523730091606E-002
        1296   2.6315523730091606E-002
        1297   2.6315523730091606E-002
        1298   2.6315523730091606E-002
        1299   2.6315523730091606E-002
        1300   2.6315523730091606E-002
        1301   2.6315523730091606E-002
        1302   2.6315523730091606E-002
        1303   2.6315523730091606E-002
        1304   2.6315523730091606E-002
        1305   2.6315523730091606E-002
        1306   2.6315523730091606E-002
        1307   2.6315523730091606E-002
        1308   2.6315523730091606E-002
        1309   2.6315523730091606E-002
        1310   2.6315523730091606E-002
        1311   2.6315523730091606E-002
        1312   2.6315523730091606E-002
        1313   2.6315523730091606E-002
        1314   2.6315523730091606E-002
        1315   2.6315523730091606E-002
        1316   2.6315523730091606E-002
        1317   2.6315523730091606E-002
        1318   2.6315523730091606E-002
        1319   2.6315523730091606E-002
        1320   2.6315523730091606E-002
        1321   2.6315523730091606E-002
        1322   2.6315523730091606E-002
        1323   2.6315523730091606E-002
        1324   2.6315523730091606E-002
        1325   2.6315523730091606E-002
        1326   2.6315523730091606E-002
        1327   2.6315523730091606E-002
        1328   2.6315523730091606E-002
        1329   2.6315523730091606E-002
        1330   2.6315523730091606E-002
        1331   2.6315523730091606E-002
        1332   2.6315523730091606E-002
        1333   2.6315523730091606E-002
        1334   2.6315523730091606E-002
        1335   2.6315523730091606E-002
        1336   2.6315523730091606E-002
        1337   2.6315523730091606E-002
        1338   2.6315523730091606E-002
        1339   2.6315523730091606E-002
        1340   2.6315523730091606E-002
        1341   2.6315523730091606E-002
        1342   2.6315523730091606E-002
        1343   2.6315523730091606E-002
        1344   2.6315523730091606E-002
        1345   2.6315523730091606E-002
        1346   2.6315523730091606E-002
        1347   2.6315523730091606E-002
        1348   2.6315523730091606E-002
        1349   2.6315523730091606E-002
        1350   2.6315523730091606E-002
        1351   2.6315523730091606E-002
        1352   2.6315523730091606E-002
        1353   2.6315523730091606E-002
        1354   2.6315523730091606E-002
        1355   2.6315523730091606E-002
        1356   2.6315523730091606E-002
        1357   2.6315523730091606E-002
        1358   2.6315523730091606E-002
        1359   2.6315523730091606E-002
        1360   2.6315523730091606E-002
        1361   2.6315523730091606E-002
        1362   2.6315523730091606E-002
        1363   2.6315523730091606E-002
        1364   2.6315523730091606E-002
        1365   2.6315523730091606E-002
        1366   2.6315523730091606E-002
        1367   2.6315523730091606E-002
        1368   2.6315523730091606E-002
        1369   2.6315523730091606E-002
        1370   2.6315523730091606E-002
        1371   2.6315523730091606E-002
        1372   2.6315523730091606E-002
        1373   2.6315523730091606E-002
        1374   2.6315523730091606E-002
        1375   2.6315523730091606E-002
        1376   2.6315523730091606E-002
        1377   2.6315523730091606E-002
        1378   2.6315523730091606E-002
        1379   2.6315523730091606E-002
        1380   2.6315523730091606E-002
        1381   2.6315523730091606E-002
        1382   2.6315523730091606E-002
        1383   2.6315523730091606E-002
        1384   2.6315523730091606E-002
        1385   2.6315523730091606E-002
        1386   2.6315523730091606E-002
        1387   2.6315523730091606E-002
        1388   2.6315523730091606E-002
        1389   2.6315523730091606E-002
        1390   2.6315523730091606E-002
        1391   2.6315523730091606E-002
        1392   2.6315523730091606E-002
        1393   2.6315523730091606E-002
        1394   2.6315523730091606E-002
        1395   2.6315523730091606E-002
        1396   2.6315523730091606E-002
        1397   2.6315523730091606E-002
        1398   2.6315523730091606E-002
        1399   2.6315523730091606E-002
        1400   2.6315523730091606E-002
        1401   2.6315523730091606E-002
        1402   2.6315523730091606E-002
        1403   2.6315523730091606E-002
        1404   2.6315523730091606E-002
        1405   2.6315523730091606E-002
        1406   2.6315523730091606E-002
        1407   2.6315523730091606E-002
        1408   2.6315523730091606E-002
        1409   2.6315523730091606E-002
        1410   2.6315523730091606E-002
        1411   2.6315523730091606E-002
        1412   2.6315523730091606E-002
        1413   2.6315523730091606E-002
        1414   2.6315523730091606E-002
        1415   2.6315523730091606E-002
        1416   2.6315523730091606E-002
        1417   2.6315523730091606E-002
        1418   2.6315523730091606E-002
        1419   2.6315523730091606E-002
        1420   2.6315523730091606E-002
        1421   2.6315523730091606E-002
        1422   2.6315523730091606E-002
        1423   2.6315523730091606E-002
        1424   2.6315523730091606E-002
        1425   2.6315523730091606E-002
        1426   2.6315523730091606E-002
        1427   2.6315523730091606E-002
        1428   2.6315523730091606E-002
        1429   2.6315523730091606E-002
        1430   2.6315523730091606E-002
        1431   2.6315523730091606E-002
        1432   2.6315523730091606E-002
        1433   2.6315523730091606E-002
        1434   2.6315523730091606E-002
        1435   2.6315523730091606E-002
        1436   2.6315523730091606E-002
        1437   2.6315523730091606E-002
        1438   2.6315523730091606E-002
        1439   2.6315523730091606E-002
        1440   2.6315523730091606E-002
        1441   2.6315523730091606E-002
        1442   2.6315523730091606E-002
        1443   2.6315523730091606E-002
        1444   2.6315523730091606E-002
        1445   2.6315523730091606E-002
        1446   2.6315523730091606E-002
        1447   2.6315523730091606E-002
        1448   2.6315523730091606E-002
        1449   2.6315523730091606E-002
        1450   2.6315523730091606E-002
        1451   2.6315523730091606E-002
        1452   2.6315523730091606E-002
        1453   2.6315523730091606E-002
        1454   2.6315523730091606E-002
        1455   2.6315523730091606E-002
        1456   2.6315523730091606E-002
        1457   2.6315523730091606E-002
        1458   2.6315523730091606E-002
        1459   2.6315523730091606E-002
        1460   2.6315523730091606E-002
        1461   2.6315523730091606E-002
        1462   2.6315523730091606E-002
        1463   2.6315523730091606E-002
        1464   2.6315523730091606E-002
        1465   2.6315523730091606E-002
        1466   2.6315523730091606E-002
        1467   2.6315523730091606E-002
        1468   2.6315523730091606E-002
        1469   2.6315523730091606E-002
        1470   2.6315523730091606E-002
        1471   2.6315523730091606E-002
        1472   2.6315523730091606E-002
        1473   2.6315523730091606E-002
        1474   2.6315523730091606E-002
        1475   2.6315523730091606E-002
        1476   2.6315523730091606E-002
        1477   2.6315523730091606E-002
        1478   2.6315523730091606E-002
        1479   2.6315523730091606E-002
        1480   2.6315523730091606E-002
        1481   2.6315523730091606E-002
        1482   2.6315523730091606E-002
        1483   2.6315523730091606E-002
        1484   2.6315523730091606E-002
        1485   2.6315523730091606E-002
        1486   2.6315523730091606E-002
        1487   2.6315523730091606E-002
        1488   2.6315523730091606E-002
        1489   2.6315523730091606E-002
        1490   2.6315523730091606E-002
        1491   2.6315523730091606E-002
        1492   2.6315523730091606E-002
        1493   2.6315523730091606E-002
        1494   2.6315523730091606E-002
        1495   2.6315523730091606E-002
        1496   2.6315523730091606E-002
        1497   2.6315523730091606E-002
        1498   2.6315523730091606E-002
        1499   2.6315523730091606E-002
        1500   2.6315523730091606E-002
        1501   2.6315523730091606E-002
        1502   2.6315523730091606E-002
        1503   2.6315523730091606E-002
        1504   2.6315523730091606E-002
        1505   2.6315523730091606E-002
        1506   2.6315523730091606E-002
        1507   2.6315523730091606E-002
        1508   2.6315523730091606E-002
        1509   2.6315523730091606E-002
        1510   2.6315523730091606E-002
        1511   2.6315523730091606E-002
        1512   2.6315523730091606E-002
        1513   2.6315523730091606E-002
        1514   2.6315523730091606E-002
        1515   2.6315523730091606E-002
        1516   2.6315523730091606E-002
        1517   2.6315523730091606E-002
        1518   2.6315523730091606E-002
        1519   2.6315523730091606E-002
        1520   2.6315523730091606E-002
        1521   2.6315523730091606E-002
        1522   2.6315523730091606E-002
        1523   2.6315523730091606E-002
        1524   2.6315523730091606E-002
        1525   2.6315523730091606E-002
        1526   2.6315523730091606E-002
        1527   2.6315523730091606E-002
        1528   2.6315523730091606E-002
        1529   2.6315523730091606E-002
        1530   2.6315523730091606E-002
        1531   2.6315523730091606E-002
        1532   2.6315523730091606E-002
        1533   2.6315523730091606E-002
        1534   2.6315523730091606E-002
        1535   2.6315523730091606E-002
        1536   2.6315523730091606E-002
        1537   2.6315523730091606E-002
        1538   2.6315523730091606E-002
        1539   2.6315523730091606E-002
        1540   2.6315523730091606E-002
        1541   2.6315523730091606E-002
        1542   2.6315523730091606E-002
        1543   2.6315523730091606E-002
        1544   2.6315523730091606E-002
        1545   2.6315523730091606E-002
        1546   2.6315523730091606E-002
        1547   2.6315523730091606E-002
        1548   2.6315523730091606E-002
        1549   2.6315523730091606E-002
        1550   2.6315523730091606E-002
        1551   2.6315523730091606E-002
        1552   2.6315523730091606E-002
        1553   2.6315523730091606E-002
        1554   2.6315523730091606E-002
        1555   2.6315523730091606E-002
        1556   2.6315523730091606E-002
        1557   2.6315523730091606E-002
        1558   2.6315523730091606E-002
        1559   2.6315523730091606E-002
        1560   2.6315523730091606E-002
        1561   2.6315523730091606E-002
        1562   2.6315523730091606E-002
        1563   2.6315523730091606E-002
        1564   2.6315523730091606E-002
        1565   2.6315523730091606E-002
        1566   2.6315523730091606E-002
        1567   2.6315523730091606E-002
        1568   2.6315523730091606E-002
        1569   2.6315523730091606E-002
        1570   2.6315523730091606E-002
        1571   2.6315523730091606E-002
        1572   2.6315523730091606E-002
        1573   2.6315523730091606E-002
        1574   2.6315523730091606E-002
        1575   2.6315523730091606E-002
        1576   2.6315523730091606E-002
        1577   2.6315523730091606E-002
        1578   2.6315523730091606E-002
        1579   2.6315523730091606E-002
        1580   2.6315523730091606E-002
        1581   2.6315523730091606E-002
        1582   2.6315523730091606E-002
        1583   2.6315523730091606E-002
        1584   2.6315523730091606E-002
        1585   2.6315523730091606E-002
        1586   2.6315523730091606E-002
        1587   2.6315523730091606E-002
        1588   2.6315523730091606E-002
        1589   2.6315523730091606E-002
        1590   2.6315523730091606E-002
        1591   2.6315523730091606E-002
        1592   2.6315523730091606E-002
        1593   2.6315523730091606E-002
        1594   2.6315523730091606E-002
        1595   2.6315523730091606E-002
        1596   2.6315523730091606E-002
        1597   2.6315523730091606E-002
        1598   2.6315523730091606E-002
        1599   2.6315523730091606E-002
        1600   2.6315523730091606E-002
        1601   2.6315523730091606E-002
        1602   2.6315523730091606E-002
        1603   2.6315523730091606E-002
        1604   2.6315523730091606E-002
        1605   2.6315523730091606E-002
        1606   2.6315523730091606E-002
        1607   2.6315523730091606E-002
        1608   2.6315523730091606E-002
        1609   2.6315523730091606E-002
        1610   2.6315523730091606E-002
        1611   2.6315523730091606E-002
        1612   2.6315523730091606E-002
        1613   2.6315523730091606E-002
        1614   2.6315523730091606E-002
        1615   2.6315523730091606E-002
        1616   2.6315523730091606E-002
        1617   2.6315523730091606E-002
        1618   2.6315523730091606E-002
        1619   2.6315523730091606E-002
        1620   2.6315523730091606E-002
        1621   2.6315523730091606E-002
        1622   2.6315523730091606E-002
        1623   2.6315523730091606E-002
        1624   2.6315523730091606E-002
        1625   2.6315523730091606E-002
        1626   2.6315523730091606E-002
        1627   2.6315523730091606E-002
        1628   2.6315523730091606E-002
        1629   2.6315523730091606E-002
        1630   2.6315523730091606E-002
        1631   2.6315523730091606E-002
        1632   2.6315523730091606E-002
        1633   2.6315523730091606E-002
        1634   2.6315523730091606E-002
        1635   2.6315523730091606E-002
        1636   2.6315523730091606E-002
        1637   2.6315523730091606E-002
        1638   2.6315523730091606E-002
        1639   2.6315523730091606E-002
        1640   2.6315523730091606E-002
        1641   2.6315523730091606E-002
        1642   2.6315523730091606E-002
        1643   2.6315523730091606E-002
        1644   2.6315523730091606E-002
        1645   2.6315523730091606E-002
        1646   2.6315523730091606E-002
        1647   2.6315523730091606E-002
        1648   2.6315523730091606E-002
        1649   2.6315523730091606E-002
        1650   2.6315523730091606E-002
        1651   2.6315523730091606E-002
        1652   2.6315523730091606E-002
        1653   2.6315523730091606E-002
        1654   2.6315523730091606E-002
        1655   2.6315523730091606E-002
        1656   2.6315523730091606E-002
        1657   2.6315523730091606E-002
        1658   2.6315523730091606E-002
        1659   2.6315523730091606E-002
        1660   2.6315523730091606E-002
        1661   2.6315523730091606E-002
        1662   2.6315523730091606E-002
        1663   2.6315523730091606E-002
        1664   2.6315523730091606E-002
        1665   2.6315523730091606E-002
        1666   2.6315523730091606E-002
        1667   2.6315523730091606E-002
        1668   2.6315523730091606E-002
        1669   2.6315523730091606E-002
        1670   2.6315523730091606E-002
        1671   2.6315523730091606E-002
        1672   2.6315523730091606E-002
        1673   2.6315523730091606E-002
        1674   2.6315523730091606E-002
        1675   2.6315523730091606E-002
        1676   2.6315523730091606E-002
        1677   2.6315523730091606E-002
        1678   2.6315523730091606E-002
        1679   2.6315523730091606E-002
        1680   2.6315523730091606E-002
        1681   2.6315523730091606E-002
        1682   2.6315523730091606E-002
        1683   2.6315523730091606E-002
        1684   2.6315523730091606E-002
        1685   2.6315523730091606E-002
        1686   2.6315523730091606E-002
        1687   2.6315523730091606E-002
        1688   2.6315523730091606E-002
        1689   2.6315523730091606E-002
        1690   2.6315523730091606E-002
        1691   2.6315523730091606E-002
        1692   2.6315523730091606E-002
        1693   2.6315523730091606E-002
        1694   2.6315523730091606E-002
        1695   2.6315523730091606E-002
        1696   2.6315523730091606E-002
        1697   2.6315523730091606E-002
        1698   2.6315523730091606E-002
        1699   2.6315523730091606E-002
        1700   2.6315523730091606E-002
        1701   2.6315523730091606E-002
        1702   2.6315523730091606E-002
        1703   2.6315523730091606E-002
        1704   2.6315523730091606E-002
        1705   2.6315523730091606E-002
        1706   2.6315523730091606E-002
        1707   2.6315523730091606E-002
        1708   2.6315523730091606E-002
        1709   2.6315523730091606E-002
        1710   2.6315523730091606E-002
        1711   2.6315523730091606E-002
        1712   2.6315523730091606E-002
        1713   2.6315523730091606E-002
        1714   2.6315523730091606E-002
        1715   2.6315523730091606E-002
        1716   2.6315523730091606E-002
        1717   2.6315523730091606E-002
        1718   2.6315523730091606E-002
        1719   2.6315523730091606E-002
        1720   2.6315523730091606E-002
        1721   2.6315523730091606E-002
        1722   2.6315523730091606E-002
        1723   2.6315523730091606E-002
        1724   2.6315523730091606E-002
        1725   7.8327597294691742E-004
