           1   3.6244504982158903     
           2   3.1514259850453961     
           3   3.1514259850453961     
           4  0.30998096630949146     
           5  0.30998096630949146     
           6  0.30998096630949146     
           7  0.19331891944910229     
           8  0.19331891944910229     
           9  0.19331891944910229     
          10  0.19331891944910229     
          11  0.19331891944910229     
          12  0.19331891944910229     
          13  0.14277865873962625     
          14  0.14277865873962625     
          15  0.14277865873962625     
          16  0.14277865873962625     
          17  0.14277865873962625     
          18  0.14277865873962625     
          19  0.14277865873962625     
          20  0.14277865873962625     
          21  0.14277865873962625     
          22  0.14277865873962625     
          23  0.14277865873962625     
          24  0.14277865873962625     
          25  0.14277865873962625     
          26  0.14277865873962625     
          27  0.14277865873962625     
          28  0.14277865873962625     
          29  0.14277865873962625     
          30  0.14277865873962625     
          31  0.14277865873962625     
          32  0.14277865873962625     
          33  0.14277865873962625     
          34  0.14277865873962625     
          35  0.14277865873962625     
          36  0.14277865873962625     
          37   2.2508690963739753E-002
          38   2.2508690963739753E-002
          39   2.2508690963739753E-002
          40   2.2508690963739753E-002
          41   2.2508690963739753E-002
          42   2.2508690963739753E-002
          43   2.2508690963739753E-002
          44   2.2508690963739753E-002
          45   2.2508690963739753E-002
          46   2.2508690963739753E-002
          47   2.2508690963739753E-002
          48   2.2508690963739753E-002
          49   2.2508690963739753E-002
          50   2.2508690963739753E-002
          51   2.2508690963739753E-002
          52   2.2508690963739753E-002
          53   2.2508690963739753E-002
          54   2.2508690963739753E-002
          55   2.2508690963739753E-002
          56   2.2508690963739753E-002
          57   2.2508690963739753E-002
          58   2.2508690963739753E-002
          59   2.2508690963739753E-002
          60   2.2508690963739753E-002
          61   2.2508690963739753E-002
          62   2.2508690963739753E-002
          63   2.2508690963739753E-002
          64   2.2508690963739753E-002
          65   2.2508690963739753E-002
          66   2.2508690963739753E-002
          67   2.2508690963739753E-002
          68   2.2508690963739753E-002
          69   2.2508690963739753E-002
          70   2.2508690963739753E-002
          71   2.2508690963739753E-002
          72   2.2508690963739753E-002
          73   2.2508690963739753E-002
          74   2.2508690963739753E-002
          75   2.2508690963739753E-002
          76   2.2508690963739753E-002
          77   2.2508690963739753E-002
          78   2.2508690963739753E-002
          79   2.2508690963739753E-002
          80   2.2508690963739753E-002
          81   2.2508690963739753E-002
          82   2.2508690963739753E-002
          83   2.2508690963739753E-002
          84   2.2508690963739753E-002
          85   2.2508690963739753E-002
          86   2.2508690963739753E-002
          87   2.2508690963739753E-002
          88   2.2508690963739753E-002
          89   2.2508690963739753E-002
          90   2.2508690963739753E-002
          91   2.2508690963739753E-002
          92   2.2508690963739753E-002
          93   2.2508690963739753E-002
          94   2.2508690963739753E-002
          95   2.2508690963739753E-002
          96   2.2508690963739753E-002
          97   2.2508690963739753E-002
          98   2.2508690963739753E-002
          99   2.2508690963739753E-002
         100   2.2508690963739753E-002
         101   2.2508690963739753E-002
         102   2.2508690963739753E-002
         103   2.2508690963739753E-002
         104   2.2508690963739753E-002
         105   2.2508690963739753E-002
         106   2.2508690963739753E-002
         107   2.2508690963739753E-002
         108   2.2508690963739753E-002
         109   2.2508690963739753E-002
         110   2.2508690963739753E-002
         111   2.2508690963739753E-002
         112   2.2508690963739753E-002
         113   2.2508690963739753E-002
         114   2.2508690963739753E-002
         115   2.2508690963739753E-002
         116   2.2508690963739753E-002
         117   2.2508690963739753E-002
         118   2.2508690963739753E-002
         119   2.2508690963739753E-002
         120   2.2508690963739753E-002
         121   2.2508690963739753E-002
         122   2.2508690963739753E-002
         123   2.2508690963739753E-002
         124   2.2508690963739753E-002
         125   2.2508690963739753E-002
         126   2.2508690963739753E-002
         127   2.2508690963739753E-002
         128   2.2508690963739753E-002
         129   2.2508690963739753E-002
         130   2.2508690963739753E-002
         131   2.2508690963739753E-002
         132   2.2508690963739753E-002
         133   2.2508690963739753E-002
         134   2.2508690963739753E-002
         135   2.2508690963739753E-002
         136   2.2508690963739753E-002
         137   2.2508690963739753E-002
         138   2.2508690963739753E-002
         139   2.2508690963739753E-002
         140   2.2508690963739753E-002
         141   2.2508690963739753E-002
         142   2.2508690963739753E-002
         143   2.2508690963739753E-002
         144   2.2508690963739753E-002
         145   2.2508690963739753E-002
         146   2.2508690963739753E-002
         147   2.2508690963739753E-002
         148   2.2508690963739753E-002
         149   2.2508690963739753E-002
         150   2.2508690963739753E-002
         151   2.2508690963739753E-002
         152   2.2508690963739753E-002
         153   2.2508690963739753E-002
         154   2.2508690963739753E-002
         155   2.2508690963739753E-002
         156   2.2508690963739753E-002
         157   2.2508690963739753E-002
         158   2.2508690963739753E-002
         159   2.2508690963739753E-002
         160   2.2508690963739753E-002
         161   2.2508690963739753E-002
         162   2.2508690963739753E-002
         163   2.2508690963739753E-002
         164   2.2508690963739753E-002
         165   2.2508690963739753E-002
         166   2.2508690963739753E-002
         167   2.2508690963739753E-002
         168   2.2508690963739753E-002
         169   2.2508690963739753E-002
         170   2.2508690963739753E-002
         171   2.2508690963739753E-002
         172   2.2508690963739753E-002
         173   2.2508690963739753E-002
         174   2.2508690963739753E-002
         175   2.2508690963739753E-002
         176   2.2508690963739753E-002
         177   2.2508690963739753E-002
         178   2.2508690963739753E-002
         179   2.2508690963739753E-002
         180   2.2508690963739753E-002
         181   2.2508690963739753E-002
         182   2.2508690963739753E-002
         183   2.2508690963739753E-002
         184   2.2508690963739753E-002
         185   2.2508690963739753E-002
         186   3.7259147977319884E-003
