           1   14.654434837048463     
           2   14.441989577852896     
           3   2.3268002879594034     
           4   2.3268002879594034     
           5   1.8456678568347602     
           6   1.6117675527657429     
           7   1.6117675527657429     
           8   1.6117675527657429     
           9   1.6117675527657429     
          10   1.6117675527657429     
          11   1.6117675527657429     
          12   1.6117675527657429     
          13   1.6117675527657429     
          14   1.6117675527657429     
          15   1.6117675527657429     
          16   1.6117675527657429     
          17   1.6117675527657429     
          18   1.6117675527657429     
          19   1.6117675527657429     
          20   1.6117675527657429     
          21   1.6117675527657429     
          22   1.6117675527657429     
          23   1.6117675527657429     
          24   1.6117675527657429     
          25   1.6117675527657429     
          26   1.6117675527657429     
          27   1.6117675527657429     
          28   1.6117675527657429     
          29   1.6117675527657429     
          30   1.6117675527657429     
          31   1.6117675527657429     
          32   1.6117675527657429     
          33   1.6117675527657429     
          34   1.6117675527657429     
          35   1.0198327157172837     
          36   1.0198327157172837     
          37   1.0000000000000000     
          38   1.0000000000000000     
          39   1.0000000000000000     
          40   1.0000000000000000     
          41   1.0000000000000000     
          42   1.0000000000000000     
          43   1.0000000000000000     
          44   1.0000000000000000     
          45   1.0000000000000000     
          46   1.0000000000000000     
          47   1.0000000000000000     
          48   1.0000000000000000     
          49   1.0000000000000000     
          50   1.0000000000000000     
          51   1.0000000000000000     
          52   1.0000000000000000     
          53   1.0000000000000000     
          54   1.0000000000000000     
          55   1.0000000000000000     
          56   1.0000000000000000     
          57   1.0000000000000000     
          58   1.0000000000000000     
          59   1.0000000000000000     
          60   1.0000000000000000     
          61   1.0000000000000000     
          62   1.0000000000000000     
          63   1.0000000000000000     
          64   1.0000000000000000     
          65   1.0000000000000000     
          66   1.0000000000000000     
          67   1.0000000000000000     
          68   1.0000000000000000     
          69   1.0000000000000000     
          70   1.0000000000000000     
          71   1.0000000000000000     
          72   1.0000000000000000     
          73   1.0000000000000000     
          74   1.0000000000000000     
          75   1.0000000000000000     
          76   1.0000000000000000     
          77   1.0000000000000000     
          78   1.0000000000000000     
          79   1.0000000000000000     
          80   1.0000000000000000     
          81   1.0000000000000000     
          82   1.0000000000000000     
          83   1.0000000000000000     
          84   1.0000000000000000     
          85   9.9085702572502043E-002
          86   9.9085702572502043E-002
          87   9.9085702572502043E-002
          88   9.9085702572502043E-002
          89   9.9085702572502043E-002
          90   9.9085702572502043E-002
          91   9.9085702572502043E-002
          92   9.9085702572502043E-002
          93   9.9085702572502043E-002
          94   9.9085702572502043E-002
          95   9.9085702572502043E-002
          96   9.9085702572502043E-002
          97   9.9085702572502043E-002
          98   9.9085702572502043E-002
          99   9.9085702572502043E-002
         100   9.9085702572502043E-002
         101   9.9085702572502043E-002
         102   9.9085702572502043E-002
         103   9.9085702572502043E-002
         104   9.9085702572502043E-002
         105   9.9085702572502043E-002
         106   9.9085702572502043E-002
         107   9.9085702572502043E-002
         108   9.9085702572502043E-002
         109   9.9085702572502043E-002
         110   9.9085702572502043E-002
         111   9.9085702572502043E-002
         112   9.9085702572502043E-002
         113   9.9085702572502043E-002
         114   9.9085702572502043E-002
         115   9.9085702572502043E-002
         116   9.9085702572502043E-002
         117   9.9085702572502043E-002
         118   9.9085702572502043E-002
         119   9.9085702572502043E-002
         120   9.9085702572502043E-002
         121   9.9085702572502043E-002
         122   9.9085702572502043E-002
         123   9.9085702572502043E-002
         124   9.9085702572502043E-002
         125   9.9085702572502043E-002
         126   9.9085702572502043E-002
         127   9.9085702572502043E-002
         128   9.9085702572502043E-002
         129   9.9085702572502043E-002
         130   9.9085702572502043E-002
         131   9.9085702572502043E-002
         132   9.9085702572502043E-002
         133   9.9085702572502043E-002
         134   9.9085702572502043E-002
         135   9.9085702572502043E-002
         136   9.9085702572502043E-002
         137   9.9085702572502043E-002
         138   9.9085702572502043E-002
         139   9.9085702572502043E-002
         140   9.9085702572502043E-002
         141   9.9085702572502043E-002
         142   9.9085702572502043E-002
         143   9.9085702572502043E-002
         144   9.9085702572502043E-002
         145   9.9085702572502043E-002
         146   9.9085702572502043E-002
         147   9.9085702572502043E-002
         148   9.9085702572502043E-002
         149   9.9085702572502043E-002
         150   9.9085702572502043E-002
         151   9.9085702572502043E-002
         152   9.9085702572502043E-002
         153   9.9085702572502043E-002
         154   9.9085702572502043E-002
         155   9.9085702572502043E-002
         156   9.9085702572502043E-002
         157   9.9085702572502043E-002
         158   9.9085702572502043E-002
         159   9.9085702572502043E-002
         160   9.9085702572502043E-002
         161   9.9085702572502043E-002
         162   9.9085702572502043E-002
         163   9.9085702572502043E-002
         164   9.9085702572502043E-002
         165   9.9085702572502043E-002
         166   9.9085702572502043E-002
         167   9.9085702572502043E-002
         168   9.9085702572502043E-002
         169   9.9085702572502043E-002
         170   9.9085702572502043E-002
         171   9.9085702572502043E-002
         172   9.9085702572502043E-002
         173   9.9085702572502043E-002
         174   9.9085702572502043E-002
         175   9.9085702572502043E-002
         176   9.9085702572502043E-002
         177   9.9085702572502043E-002
         178   9.9085702572502043E-002
         179   9.9085702572502043E-002
         180   9.9085702572502043E-002
         181   9.9085702572502043E-002
         182   9.9085702572502043E-002
         183   9.9085702572502043E-002
         184   9.9085702572502043E-002
         185   9.9085702572502043E-002
         186   9.9085702572502043E-002
         187   9.9085702572502043E-002
         188   9.9085702572502043E-002
         189   9.9085702572502043E-002
         190   9.9085702572502043E-002
         191   9.9085702572502043E-002
         192   9.9085702572502043E-002
         193   9.9085702572502043E-002
         194   9.9085702572502043E-002
         195   9.9085702572502043E-002
         196   9.9085702572502043E-002
         197   9.9085702572502043E-002
         198   9.9085702572502043E-002
         199   9.9085702572502043E-002
         200   9.9085702572502043E-002
         201   9.9085702572502043E-002
         202   9.9085702572502043E-002
         203   9.9085702572502043E-002
         204   9.9085702572502043E-002
         205   9.9085702572502043E-002
         206   9.9085702572502043E-002
         207   9.9085702572502043E-002
         208   9.9085702572502043E-002
         209   9.9085702572502043E-002
         210   9.9085702572502043E-002
         211   9.9085702572502043E-002
         212   9.9085702572502043E-002
         213   1.9832715717283733E-002
         214   1.9832715717283733E-002
         215   1.9832715717283733E-002
         216   1.9832715717283733E-002
         217   1.9832715717283733E-002
         218   1.9832715717283733E-002
         219   1.9832715717283733E-002
         220   1.9832715717283733E-002
         221   1.9832715717283733E-002
         222   1.9832715717283733E-002
         223   1.9832715717283733E-002
         224   1.9832715717283733E-002
         225   1.9832715717283733E-002
         226   1.9832715717283733E-002
         227   1.9832715717283733E-002
         228   1.9832715717283733E-002
         229   1.9832715717283733E-002
         230   1.9832715717283733E-002
         231   1.9832715717283733E-002
         232   1.9832715717283733E-002
         233   1.9832715717283733E-002
         234   1.9832715717283733E-002
         235   1.9832715717283733E-002
         236   1.9832715717283733E-002
         237   1.9832715717283733E-002
         238   1.9832715717283733E-002
         239   1.9832715717283733E-002
         240   1.9832715717283733E-002
         241   1.9832715717283733E-002
         242   1.9832715717283733E-002
         243   1.9832715717283733E-002
         244   1.9832715717283733E-002
         245   1.9832715717283733E-002
         246   1.9832715717283733E-002
         247   1.9832715717283733E-002
         248   1.9832715717283733E-002
         249   1.9832715717283733E-002
         250   1.9832715717283733E-002
         251   1.9832715717283733E-002
         252   1.9832715717283733E-002
         253   1.9832715717283733E-002
         254   1.9832715717283733E-002
         255   1.9832715717283733E-002
         256   1.9832715717283733E-002
         257   1.9832715717283733E-002
         258   1.9832715717283733E-002
         259   1.9832715717283733E-002
         260   1.9832715717283733E-002
         261   1.9832715717283733E-002
         262   1.9832715717283733E-002
         263   1.9832715717283733E-002
         264   1.9832715717283733E-002
         265   1.9832715717283733E-002
         266   1.9832715717283733E-002
         267   1.9832715717283733E-002
         268   1.9832715717283733E-002
         269   1.9832715717283733E-002
         270   1.9832715717283733E-002
         271   1.9832715717283733E-002
         272   1.9832715717283733E-002
         273   1.9832715717283733E-002
         274   1.9832715717283733E-002
         275   1.9832715717283733E-002
         276   1.9832715717283733E-002
         277   1.9832715717283733E-002
         278   1.9832715717283733E-002
         279   1.9832715717283733E-002
         280   1.9832715717283733E-002
         281   1.9832715717283733E-002
         282   1.9832715717283733E-002
         283   1.9832715717283733E-002
         284   1.9832715717283733E-002
         285   1.9832715717283733E-002
         286   1.9832715717283733E-002
         287   1.9832715717283733E-002
         288   1.9832715717283733E-002
         289   1.9832715717283733E-002
         290   1.9832715717283733E-002
         291   1.9832715717283733E-002
         292   1.9832715717283733E-002
         293   1.9832715717283733E-002
         294   1.9832715717283733E-002
         295   1.9832715717283733E-002
         296   1.9832715717283733E-002
         297   1.9832715717283733E-002
         298   1.9832715717283733E-002
         299   1.9832715717283733E-002
         300   1.9832715717283733E-002
         301   1.9832715717283733E-002
         302   1.9832715717283733E-002
         303   1.9832715717283733E-002
         304   1.9832715717283733E-002
         305   1.9832715717283733E-002
         306   1.9832715717283733E-002
         307   1.9832715717283733E-002
         308   1.9832715717283733E-002
         309   1.9832715717283733E-002
         310   1.9832715717283733E-002
         311   1.9832715717283733E-002
         312   1.9832715717283733E-002
         313   1.9832715717283733E-002
         314   1.9832715717283733E-002
         315   1.9832715717283733E-002
         316   1.9832715717283733E-002
         317   1.9832715717283733E-002
         318   1.9832715717283733E-002
         319   1.9832715717283733E-002
         320   1.9832715717283733E-002
         321   1.9832715717283733E-002
         322   1.9832715717283733E-002
         323   1.9832715717283733E-002
         324   1.9832715717283733E-002
         325   1.9832715717283733E-002
         326   1.9832715717283733E-002
         327   1.9832715717283733E-002
         328   1.9832715717283733E-002
         329   1.9832715717283733E-002
         330   1.9832715717283733E-002
         331   1.9832715717283733E-002
         332   1.9832715717283733E-002
         333   1.9832715717283733E-002
         334   1.9832715717283733E-002
         335   1.9832715717283733E-002
         336   1.9832715717283733E-002
         337   1.9832715717283733E-002
         338   1.9832715717283733E-002
         339   1.9832715717283733E-002
         340   1.9832715717283733E-002
         341   1.9832715717283733E-002
         342   1.9832715717283733E-002
         343   1.9832715717283733E-002
         344   1.9832715717283733E-002
         345   1.9832715717283733E-002
         346   1.9832715717283733E-002
         347   1.9832715717283733E-002
         348   1.9832715717283733E-002
         349   1.9832715717283733E-002
         350   1.9832715717283733E-002
         351   1.9832715717283733E-002
         352   1.9832715717283733E-002
         353   1.9832715717283733E-002
         354   1.9832715717283733E-002
         355   1.9832715717283733E-002
         356   1.9832715717283733E-002
         357   1.9832715717283733E-002
         358   1.9832715717283733E-002
         359   1.9832715717283733E-002
         360   1.9832715717283733E-002
         361   1.9832715717283733E-002
         362   1.9832715717283733E-002
         363   1.9832715717283733E-002
         364   1.9832715717283733E-002
         365   1.9832715717283733E-002
         366   1.9832715717283733E-002
         367   1.9832715717283733E-002
         368   1.9832715717283733E-002
         369   1.9832715717283733E-002
         370   1.9832715717283733E-002
         371   1.9832715717283733E-002
         372   1.9832715717283733E-002
         373   1.9832715717283733E-002
         374   1.9832715717283733E-002
         375   1.9832715717283733E-002
         376   1.9832715717283733E-002
         377   1.9832715717283733E-002
         378   1.9832715717283733E-002
         379   1.9832715717283733E-002
         380   1.9832715717283733E-002
         381   1.9832715717283733E-002
         382   1.9832715717283733E-002
         383   1.9832715717283733E-002
         384   1.9832715717283733E-002
         385   1.9832715717283733E-002
         386   1.9832715717283733E-002
         387   1.9832715717283733E-002
         388   1.9832715717283733E-002
         389   1.9832715717283733E-002
         390   1.9832715717283733E-002
         391   1.9832715717283733E-002
         392   1.9832715717283733E-002
         393   1.9832715717283733E-002
         394   1.9832715717283733E-002
         395   1.9832715717283733E-002
         396   1.9832715717283733E-002
         397   1.9832715717283733E-002
         398   1.9832715717283733E-002
         399   1.9832715717283733E-002
         400   1.9832715717283733E-002
         401   1.9832715717283733E-002
         402   1.9832715717283733E-002
         403   1.9832715717283733E-002
         404   1.9832715717283733E-002
         405   1.9832715717283733E-002
         406   1.9832715717283733E-002
         407   1.9832715717283733E-002
         408   1.9832715717283733E-002
         409   1.9832715717283733E-002
         410   1.9832715717283733E-002
         411   1.9832715717283733E-002
         412   1.9832715717283733E-002
         413   1.9832715717283733E-002
         414   1.9832715717283733E-002
         415   1.9832715717283733E-002
         416   1.9832715717283733E-002
         417   1.9832715717283733E-002
         418   1.9832715717283733E-002
         419   1.9832715717283733E-002
         420   1.9832715717283733E-002
         421   1.9832715717283733E-002
         422   1.9832715717283733E-002
         423   1.9832715717283733E-002
         424   1.9832715717283733E-002
         425   1.9832715717283733E-002
         426   1.9832715717283733E-002
         427   1.9832715717283733E-002
         428   1.9832715717283733E-002
         429   1.9832715717283733E-002
         430   1.9832715717283733E-002
         431   1.9832715717283733E-002
         432   1.9832715717283733E-002
         433   1.9832715717283733E-002
         434   1.9832715717283733E-002
         435   1.9832715717283733E-002
         436   1.9832715717283733E-002
         437   1.9832715717283733E-002
         438   1.9832715717283733E-002
         439   1.9832715717283733E-002
         440   1.9832715717283733E-002
         441   1.9832715717283733E-002
         442   1.9832715717283733E-002
         443   1.9832715717283733E-002
         444   1.9832715717283733E-002
         445   1.9832715717283733E-002
         446   1.9832715717283733E-002
         447   1.9832715717283733E-002
         448   1.9832715717283733E-002
         449   1.9832715717283733E-002
         450   1.9832715717283733E-002
         451   1.9832715717283733E-002
         452   1.9832715717283733E-002
         453   1.9832715717283733E-002
         454   1.9832715717283733E-002
         455   1.9832715717283733E-002
         456   1.9832715717283733E-002
         457   1.9832715717283733E-002
         458   1.9832715717283733E-002
         459   1.9832715717283733E-002
         460   1.9832715717283733E-002
         461   1.9832715717283733E-002
         462   1.9832715717283733E-002
         463   1.9832715717283733E-002
         464   1.9832715717283733E-002
         465   1.9832715717283733E-002
         466   1.9832715717283733E-002
         467   1.9832715717283733E-002
         468   1.9832715717283733E-002
         469   1.9832715717283733E-002
         470   1.9832715717283733E-002
         471   1.9832715717283733E-002
         472   1.9832715717283733E-002
         473   1.9832715717283733E-002
         474   1.9832715717283733E-002
         475   1.9832715717283733E-002
         476   1.9832715717283733E-002
         477   1.9832715717283733E-002
         478   1.9832715717283733E-002
         479   1.9832715717283733E-002
         480   1.9832715717283733E-002
         481   1.9832715717283733E-002
         482   1.9832715717283733E-002
         483   1.9832715717283733E-002
         484   1.9832715717283733E-002
         485   1.9832715717283733E-002
         486   1.9832715717283733E-002
         487   1.9832715717283733E-002
         488   1.9832715717283733E-002
         489   1.9832715717283733E-002
         490   1.9832715717283733E-002
         491   1.9832715717283733E-002
         492   1.9832715717283733E-002
         493   1.9832715717283733E-002
         494   1.9832715717283733E-002
         495   1.9832715717283733E-002
         496   1.9832715717283733E-002
         497   1.9832715717283733E-002
         498   1.9832715717283733E-002
         499   1.9832715717283733E-002
         500   1.9832715717283733E-002
         501   1.9832715717283733E-002
         502   1.9832715717283733E-002
         503   1.9832715717283733E-002
         504   1.9832715717283733E-002
         505   1.9832715717283733E-002
         506   1.9832715717283733E-002
         507   1.9832715717283733E-002
         508   1.9832715717283733E-002
         509   1.9832715717283733E-002
         510   1.9832715717283733E-002
         511   1.9832715717283733E-002
         512   1.9832715717283733E-002
         513   1.9832715717283733E-002
         514   1.9832715717283733E-002
         515   1.9832715717283733E-002
         516   1.9832715717283733E-002
         517   1.9832715717283733E-002
         518   1.9832715717283733E-002
         519   1.9832715717283733E-002
         520   1.9832715717283733E-002
         521   1.9832715717283733E-002
         522   1.9832715717283733E-002
         523   1.9832715717283733E-002
         524   1.9832715717283733E-002
         525   1.9832715717283733E-002
         526   1.9832715717283733E-002
         527   1.9832715717283733E-002
         528   1.9832715717283733E-002
         529   1.9832715717283733E-002
         530   1.9832715717283733E-002
         531   1.9832715717283733E-002
         532   1.9832715717283733E-002
         533   1.9832715717283733E-002
         534   1.9832715717283733E-002
         535   1.9832715717283733E-002
         536   1.9832715717283733E-002
         537   1.9832715717283733E-002
         538   1.9832715717283733E-002
         539   1.9832715717283733E-002
         540   1.9832715717283733E-002
         541   1.9832715717283733E-002
         542   1.9832715717283733E-002
         543   1.9832715717283733E-002
         544   1.9832715717283733E-002
         545   1.9832715717283733E-002
         546   1.9832715717283733E-002
         547   1.9832715717283733E-002
         548   1.9832715717283733E-002
         549   1.9832715717283733E-002
         550   1.9832715717283733E-002
         551   1.9832715717283733E-002
         552   1.9832715717283733E-002
         553   1.9832715717283733E-002
         554   1.9832715717283733E-002
         555   1.9832715717283733E-002
         556   1.9832715717283733E-002
         557   1.9832715717283733E-002
         558   1.9832715717283733E-002
         559   1.9832715717283733E-002
         560   1.9832715717283733E-002
         561   1.9832715717283733E-002
         562   1.9832715717283733E-002
         563   1.9832715717283733E-002
         564   1.9832715717283733E-002
         565   1.9832715717283733E-002
         566   1.9832715717283733E-002
         567   1.9832715717283733E-002
         568   1.9832715717283733E-002
         569   1.9832715717283733E-002
         570   1.9832715717283733E-002
         571   1.9832715717283733E-002
         572   1.9832715717283733E-002
         573   1.9832715717283733E-002
         574   1.9832715717283733E-002
         575   1.9832715717283733E-002
         576   1.9832715717283733E-002
         577   1.9832715717283733E-002
         578   1.9832715717283733E-002
         579   1.9832715717283733E-002
         580   1.9832715717283733E-002
         581   1.9832715717283733E-002
         582   1.9832715717283733E-002
         583   1.9832715717283733E-002
         584   1.9832715717283733E-002
         585   1.9832715717283733E-002
         586   1.9832715717283733E-002
         587   1.9832715717283733E-002
         588   1.9832715717283733E-002
         589   1.9832715717283733E-002
         590   1.9832715717283733E-002
         591   1.9832715717283733E-002
         592   1.9832715717283733E-002
         593   1.9832715717283733E-002
         594   1.9832715717283733E-002
         595   0.0000000000000000     
