           1   20.630359668446360     
           2   18.705665197368027     
           3   15.305402805474460     
           4   5.7304826181927657     
           5   5.7304826181927657     
           6   4.6871647659273252     
           7   4.6871647659273252     
           8   4.6871647659273252     
           9   3.6651928182303708     
          10   3.6651928182303708     
          11   1.9016035298311689     
          12   1.6056678568347635     
          13   1.6056678568347635     
          14   1.6056678568347635     
          15   1.6056678568347635     
          16   1.6056678568347635     
          17   1.6056678568347635     
          18   1.6056678568347635     
          19   1.6056678568347635     
          20   1.6056678568347635     
          21   1.6056678568347635     
          22   1.6056678568347635     
          23   1.6056678568347635     
          24   1.5858351411174798     
          25   1.5858351411174798     
          26   1.5858351411174798     
          27   1.5858351411174798     
          28   1.5858351411174798     
          29   1.5858351411174798     
          30   1.3919348370484617     
          31   1.3919348370484617     
          32   1.3919348370484617     
          33   1.3919348370484617     
          34   1.2357683887136908     
          35   1.2357683887136908     
          36   1.2357683887136908     
          37   1.2357683887136908     
          38   1.2357683887136908     
          39   1.2357683887136908     
          40   1.2357683887136908     
          41   1.2357683887136908     
          42   1.2357683887136908     
          43   1.2357683887136908     
          44   1.2357683887136908     
          45   1.2357683887136908     
          46   1.2357683887136908     
          47   1.2357683887136908     
          48   1.2357683887136908     
          49   1.2357683887136908     
          50   1.2357683887136908     
          51   1.2357683887136908     
          52   1.2357683887136908     
          53   1.2357683887136908     
          54   1.2357683887136908     
          55   1.2357683887136908     
          56   1.2357683887136908     
          57   1.2357683887136908     
          58   1.2357683887136908     
          59   1.2357683887136908     
          60   1.2357683887136908     
          61   1.2357683887136908     
          62   1.2357683887136908     
          63   1.2357683887136908     
          64   1.2357683887136908     
          65   1.2357683887136908     
          66   1.2357683887136908     
          67   1.2357683887136908     
          68   1.2357683887136908     
          69   1.2357683887136908     
          70   1.2357683887136908     
          71   1.2357683887136908     
          72   1.2357683887136908     
          73   1.2357683887136908     
          74   1.2357683887136908     
          75   1.2357683887136908     
          76   1.2357683887136908     
          77   1.2357683887136908     
          78   1.2357683887136908     
          79   1.2357683887136908     
          80   1.2357683887136908     
          81   1.2357683887136908     
          82   1.2357683887136908     
          83   1.2357683887136908     
          84   1.2357683887136908     
          85   1.2357683887136908     
          86   1.2357683887136908     
          87   1.2357683887136908     
          88   1.2357683887136908     
          89   1.2357683887136908     
          90   1.2357683887136908     
          91   1.2357683887136908     
          92   1.2357683887136908     
          93   1.2357683887136908     
          94   1.2357683887136908     
          95   1.2357683887136908     
          96   1.2357683887136908     
          97   1.2357683887136908     
          98   1.2357683887136908     
          99   1.2357683887136908     
         100   1.2357683887136908     
         101   1.2357683887136908     
         102   1.2357683887136908     
         103   1.2357683887136908     
         104   1.2357683887136908     
         105   1.2357683887136908     
         106   1.2357683887136908     
         107   1.2357683887136908     
         108   1.2357683887136908     
         109   1.2357683887136908     
         110   1.2357683887136908     
         111   1.2357683887136908     
         112   1.2357683887136908     
         113   1.2357683887136908     
         114   1.2357683887136908     
         115   1.2357683887136908     
         116   1.1972804795683327     
         117   1.1972804795683327     
         118   1.1972804795683327     
         119   1.1972804795683327     
         120   1.1972804795683327     
         121  0.39502137556890737     
         122  0.39502137556890737     
         123  0.39502137556890737     
         124  0.39502137556890737     
         125  0.39502137556890737     
         126  0.39502137556890737     
         127  0.39502137556890737     
         128  0.39502137556890737     
         129  0.39502137556890737     
         130  0.39502137556890737     
         131  0.39502137556890737     
         132  0.39502137556890737     
         133  0.39502137556890737     
         134  0.39502137556890737     
         135  0.39502137556890737     
         136  0.39502137556890737     
         137  0.39502137556890737     
         138  0.39502137556890737     
         139  0.39502137556890737     
         140  0.39502137556890737     
         141  0.39502137556890737     
         142  0.39502137556890737     
         143  0.39502137556890737     
         144  0.39502137556890737     
         145  0.39502137556890737     
         146  0.39502137556890737     
         147  0.39502137556890737     
         148  0.39502137556890737     
         149  0.39502137556890737     
         150  0.39502137556890737     
         151  0.39502137556890737     
         152  0.39502137556890737     
         153  0.39502137556890737     
         154  0.39502137556890737     
         155  0.39502137556890737     
         156  0.39502137556890737     
         157  0.39502137556890737     
         158  0.39502137556890737     
         159  0.39502137556890737     
         160  0.39502137556890737     
         161  0.39502137556890737     
         162  0.39502137556890737     
         163  0.39502137556890737     
         164  0.39502137556890737     
         165  0.39502137556890737     
         166  0.39502137556890737     
         167  0.39502137556890737     
         168  0.39502137556890737     
         169  0.39502137556890737     
         170  0.39502137556890737     
         171  0.39502137556890737     
         172  0.39502137556890737     
         173  0.39502137556890737     
         174  0.39502137556890737     
         175  0.39502137556890737     
         176  0.39502137556890737     
         177  0.39502137556890737     
         178  0.39502137556890737     
         179  0.39502137556890737     
         180  0.39502137556890737     
         181  0.39502137556890737     
         182  0.39502137556890737     
         183  0.39502137556890737     
         184  0.39502137556890737     
         185  0.39502137556890737     
         186  0.39502137556890737     
         187  0.39502137556890737     
         188  0.39502137556890737     
         189  0.39502137556890737     
         190  0.39502137556890737     
         191  0.39502137556890737     
         192  0.39502137556890737     
         193  0.39502137556890737     
         194  0.39502137556890737     
         195  0.39502137556890737     
         196  0.39502137556890737     
         197  0.39502137556890737     
         198  0.39502137556890737     
         199  0.39502137556890737     
         200  0.39502137556890737     
         201  0.39502137556890737     
         202  0.39502137556890737     
         203  0.39502137556890737     
         204  0.39502137556890737     
         205  0.39502137556890737     
         206  0.39502137556890737     
         207  0.39502137556890737     
         208  0.39502137556890737     
         209  0.33560110443097280     
         210  0.33560110443097280     
         211  0.33560110443097280     
         212  0.33560110443097280     
         213   9.9085702572502043E-002
         214   9.9085702572502043E-002
         215   9.9085702572502043E-002
         216   9.9085702572502043E-002
         217   9.9085702572502043E-002
         218   9.9085702572502043E-002
         219   9.9085702572502043E-002
         220   9.9085702572502043E-002
         221   9.9085702572502043E-002
         222   7.9252986855218310E-002
         223   7.9252986855218310E-002
         224   7.9252986855218310E-002
         225   7.9252986855218310E-002
         226   7.9252986855218310E-002
         227   7.9252986855218310E-002
         228   7.9252986855218310E-002
         229   7.9252986855218310E-002
         230   7.9252986855218310E-002
         231   7.9252986855218310E-002
         232   7.9252986855218310E-002
         233   7.9252986855218310E-002
         234   7.9252986855218310E-002
         235   7.9252986855218310E-002
         236   7.9252986855218310E-002
         237   7.9252986855218310E-002
         238   7.9252986855218310E-002
         239   7.9252986855218310E-002
         240   7.9252986855218310E-002
         241   7.9252986855218310E-002
         242   7.9252986855218310E-002
         243   7.9252986855218310E-002
         244   7.9252986855218310E-002
         245   7.9252986855218310E-002
         246   7.9252986855218310E-002
         247   7.9252986855218310E-002
         248   0.0000000000000000     
