           1   8.3833875952262016     
           2   4.3226749697884008     
           3   4.3226749697884008     
           4   4.3226749697884008     
           5   2.9228482376929596     
           6   2.9228482376929596     
           7   1.5648207449798459     
           8  0.25728047956833322     
           9  0.25728047956833322     
          10  0.25728047956833322     
          11  0.25728047956833322     
          12  0.25728047956833322     
          13  0.19786020843039864     
          14  0.19786020843039864     
          15  0.15850597371043662     
          16   9.9085702572502043E-002
          17   9.9085702572502043E-002
          18   9.9085702572502043E-002
          19   9.9085702572502043E-002
          20   9.9085702572502043E-002
          21   9.9085702572502043E-002
          22   9.9085702572502043E-002
          23   9.9085702572502043E-002
          24   9.9085702572502043E-002
          25   9.9085702572502043E-002
          26   9.9085702572502043E-002
          27   9.9085702572502043E-002
          28   9.9085702572502043E-002
          29   7.9252986855218310E-002
          30   7.9252986855218310E-002
          31   7.9252986855218310E-002
          32   7.9252986855218310E-002
          33   7.9252986855218310E-002
          34   7.9252986855218310E-002
          35   7.9252986855218310E-002
          36   7.9252986855218310E-002
          37   7.9252986855218310E-002
          38   7.9252986855218310E-002
          39   7.9252986855218310E-002
          40   7.9252986855218310E-002
          41   7.9252986855218310E-002
          42   7.9252986855218310E-002
          43   7.9252986855218310E-002
          44   7.9252986855218310E-002
          45   7.9252986855218310E-002
          46   7.9252986855218310E-002
          47   7.9252986855218310E-002
          48   7.9252986855218310E-002
          49   7.9252986855218310E-002
          50   7.9252986855218310E-002
          51   7.9252986855218310E-002
          52   7.9252986855218310E-002
          53   7.9252986855218310E-002
          54   7.9252986855218310E-002
          55   7.9252986855218310E-002
          56   7.9252986855218310E-002
          57   7.9252986855218310E-002
          58   7.9252986855218310E-002
          59   7.9252986855218310E-002
          60   7.9252986855218310E-002
          61   7.9252986855218310E-002
          62   7.9252986855218310E-002
          63   7.9252986855218310E-002
          64   7.9252986855218310E-002
          65   7.9252986855218310E-002
          66   7.9252986855218310E-002
          67   7.9252986855218310E-002
          68   7.9252986855218310E-002
          69   7.9252986855218310E-002
          70   7.9252986855218310E-002
          71   7.9252986855218310E-002
          72   7.9252986855218310E-002
          73   7.9252986855218310E-002
          74   7.9252986855218310E-002
          75   7.9252986855218310E-002
          76   7.9252986855218310E-002
          77   7.9252986855218310E-002
          78   7.9252986855218310E-002
          79   7.9252986855218310E-002
          80   7.9252986855218310E-002
          81   7.9252986855218310E-002
          82   7.9252986855218310E-002
          83   7.9252986855218310E-002
          84   7.9252986855218310E-002
          85   7.9252986855218310E-002
          86   7.9252986855218310E-002
          87   7.9252986855218310E-002
          88   7.9252986855218310E-002
          89   7.9252986855218310E-002
          90   7.9252986855218310E-002
          91   7.9252986855218310E-002
          92   7.9252986855218310E-002
          93   7.9252986855218310E-002
          94   7.9252986855218310E-002
          95   7.9252986855218310E-002
          96   7.9252986855218310E-002
          97   7.9252986855218310E-002
          98   7.9252986855218310E-002
          99   7.9252986855218310E-002
         100   7.9252986855218310E-002
         101   7.9252986855218310E-002
         102   7.9252986855218310E-002
         103   7.9252986855218310E-002
         104   7.9252986855218310E-002
         105   7.9252986855218310E-002
         106   7.9252986855218310E-002
         107   7.9252986855218310E-002
         108   7.9252986855218310E-002
         109   7.9252986855218310E-002
         110   7.9252986855218310E-002
         111   7.9252986855218310E-002
         112   7.9252986855218310E-002
         113   7.9252986855218310E-002
         114   7.9252986855218310E-002
         115   7.9252986855218310E-002
         116   7.9252986855218310E-002
         117   7.9252986855218310E-002
         118   7.9252986855218310E-002
         119   7.9252986855218310E-002
         120   7.9252986855218310E-002
         121   7.9252986855218310E-002
         122   7.9252986855218310E-002
         123   7.9252986855218310E-002
         124   7.9252986855218310E-002
         125   7.9252986855218310E-002
         126   7.9252986855218310E-002
         127   7.9252986855218310E-002
         128   7.9252986855218310E-002
         129   7.9252986855218310E-002
         130   7.9252986855218310E-002
         131   7.9252986855218310E-002
         132   7.9252986855218310E-002
         133   7.9252986855218310E-002
         134   7.9252986855218310E-002
         135   7.9252986855218310E-002
         136   7.9252986855218310E-002
         137   7.9252986855218310E-002
         138   7.9252986855218310E-002
         139   7.9252986855218310E-002
         140   7.9252986855218310E-002
         141   7.9252986855218310E-002
         142   7.9252986855218310E-002
         143   7.9252986855218310E-002
         144   7.9252986855218310E-002
         145   7.9252986855218310E-002
         146   7.9252986855218310E-002
         147   7.9252986855218310E-002
         148   7.9252986855218310E-002
         149   7.9252986855218310E-002
         150   7.9252986855218310E-002
         151   7.9252986855218310E-002
         152   7.9252986855218310E-002
         153   7.9252986855218310E-002
         154   7.9252986855218310E-002
         155   7.9252986855218310E-002
         156   7.9252986855218310E-002
         157   7.9252986855218310E-002
         158   7.9252986855218310E-002
         159   7.9252986855218310E-002
         160   7.9252986855218310E-002
         161   7.9252986855218310E-002
         162   7.9252986855218310E-002
         163   7.9252986855218310E-002
         164   7.9252986855218310E-002
         165   7.9252986855218310E-002
         166   7.9252986855218310E-002
         167   7.9252986855218310E-002
         168   7.9252986855218310E-002
         169   7.9252986855218310E-002
         170   7.9252986855218310E-002
         171   7.9252986855218310E-002
         172   7.9252986855218310E-002
         173   7.9252986855218310E-002
         174   7.9252986855218310E-002
         175   7.9252986855218310E-002
         176   7.9252986855218310E-002
         177   7.9252986855218310E-002
         178   7.9252986855218310E-002
         179   7.9252986855218310E-002
         180   7.9252986855218310E-002
         181   7.9252986855218310E-002
         182   7.9252986855218310E-002
         183   7.9252986855218310E-002
         184   7.9252986855218310E-002
         185   7.9252986855218310E-002
         186   7.9252986855218310E-002
         187   7.9252986855218310E-002
         188   7.9252986855218310E-002
         189   7.9252986855218310E-002
         190   7.9252986855218310E-002
         191   7.9252986855218310E-002
         192   7.9252986855218310E-002
         193   7.9252986855218310E-002
         194   7.9252986855218310E-002
         195   7.9252986855218310E-002
         196   7.9252986855218310E-002
         197   7.9252986855218310E-002
         198   7.9252986855218310E-002
         199   7.9252986855218310E-002
         200   7.9252986855218310E-002
         201   7.9252986855218310E-002
         202   7.9252986855218310E-002
         203   7.9252986855218310E-002
         204   7.9252986855218310E-002
         205   7.9252986855218310E-002
         206   7.9252986855218310E-002
         207   7.9252986855218310E-002
         208   7.9252986855218310E-002
         209   7.9252986855218310E-002
         210   7.9252986855218310E-002
         211   7.9252986855218310E-002
         212   7.9252986855218310E-002
         213   7.9252986855218310E-002
         214   7.9252986855218310E-002
         215   7.9252986855218310E-002
         216   7.9252986855218310E-002
         217   7.9252986855218310E-002
         218   7.9252986855218310E-002
         219   7.9252986855218310E-002
         220   7.9252986855218310E-002
         221   7.9252986855218310E-002
         222   7.9252986855218310E-002
         223   7.9252986855218310E-002
         224   7.9252986855218310E-002
         225   7.9252986855218310E-002
         226   7.9252986855218310E-002
         227   7.9252986855218310E-002
         228   7.9252986855218310E-002
         229   7.9252986855218310E-002
         230   7.9252986855218310E-002
         231   7.9252986855218310E-002
         232   7.9252986855218310E-002
         233   7.9252986855218310E-002
         234   7.9252986855218310E-002
         235   7.9252986855218310E-002
         236   7.9252986855218310E-002
         237   7.9252986855218310E-002
         238   7.9252986855218310E-002
         239   7.9252986855218310E-002
         240   7.9252986855218310E-002
         241   7.9252986855218310E-002
         242   7.9252986855218310E-002
         243   7.9252986855218310E-002
         244   7.9252986855218310E-002
         245   7.9252986855218310E-002
         246   7.9252986855218310E-002
         247   7.9252986855218310E-002
         248   7.9252986855218310E-002
         249   7.9252986855218310E-002
         250   7.9252986855218310E-002
         251   7.9252986855218310E-002
         252   7.9252986855218310E-002
         253   7.9252986855218310E-002
         254   7.9252986855218310E-002
         255   7.9252986855218310E-002
         256   7.9252986855218310E-002
         257   7.9252986855218310E-002
         258   7.9252986855218310E-002
         259   7.9252986855218310E-002
         260   7.9252986855218310E-002
         261   7.9252986855218310E-002
         262   7.9252986855218310E-002
         263   7.9252986855218310E-002
         264   7.9252986855218310E-002
         265   7.9252986855218310E-002
         266   7.9252986855218310E-002
         267   7.9252986855218310E-002
         268   7.9252986855218310E-002
         269   7.9252986855218310E-002
         270   7.9252986855218310E-002
         271   7.9252986855218310E-002
         272   7.9252986855218310E-002
         273   7.9252986855218310E-002
         274   7.9252986855218310E-002
         275   7.9252986855218310E-002
         276   7.9252986855218310E-002
         277   7.9252986855218310E-002
         278   7.9252986855218310E-002
         279   7.9252986855218310E-002
         280   7.9252986855218310E-002
         281   7.9252986855218310E-002
         282   7.9252986855218310E-002
         283   7.9252986855218310E-002
         284   7.9252986855218310E-002
         285   7.9252986855218310E-002
         286   7.9252986855218310E-002
         287   7.9252986855218310E-002
         288   7.9252986855218310E-002
         289   7.9252986855218310E-002
         290   7.9252986855218310E-002
         291   7.9252986855218310E-002
         292   7.9252986855218310E-002
         293   7.9252986855218310E-002
         294   7.9252986855218310E-002
         295   7.9252986855218310E-002
         296   7.9252986855218310E-002
         297   7.9252986855218310E-002
         298   7.9252986855218310E-002
         299   7.9252986855218310E-002
         300   0.0000000000000000     
