           1   6.2777699781659360     
           2   6.2777699781659360     
           3   3.4116702822349563     
           4   2.5485643123882706     
           5   2.3485643123882731     
           6   2.1946569680529269     
           7   2.1946569680529269     
           8   2.1946569680529269     
           9   2.1946569680529269     
          10   2.1946569680529269     
          11   2.1946569680529269     
          12   2.1190857025725105     
          13   2.1190857025725105     
          14   2.1190857025725105     
          15   2.1190857025725105     
          16   2.1190857025725105     
          17   2.1190857025725105     
          18   2.1190857025725105     
          19   2.1190857025725105     
          20   2.1190857025725105     
          21   2.1190857025725105     
          22   2.1190857025725105     
          23   2.1190857025725105     
          24   2.1190857025725105     
          25   2.1190857025725105     
          26   2.1190857025725105     
          27   2.1190857025725105     
          28   2.1190857025725105     
          29   2.1190857025725105     
          30   2.1190857025725105     
          31   2.1190857025725105     
          32   2.1190857025725105     
          33   2.1190857025725105     
          34   2.1190857025725105     
          35   2.1190857025725105     
          36   2.1190857025725105     
          37   2.1190857025725105     
          38   2.1190857025725105     
          39   2.1190857025725105     
          40   2.1190857025725105     
          41   2.1190857025725105     
          42   2.1190857025725105     
          43   2.1190857025725105     
          44   2.1190857025725105     
          45   2.1190857025725105     
          46   2.1190857025725105     
          47   2.1190857025725105     
          48   2.1190857025725105     
          49   2.1190857025725105     
          50   2.1190857025725105     
          51   2.1190857025725105     
          52   2.1190857025725105     
          53   2.1190857025725105     
          54   2.1190857025725105     
          55   2.1190857025725105     
          56   2.1190857025725105     
          57   2.1190857025725105     
          58   2.1190857025725105     
          59   2.1190857025725105     
          60   2.1190857025725105     
          61   2.1190857025725105     
          62   2.1190857025725105     
          63   2.1190857025725105     
          64   2.1190857025725105     
          65   2.1190857025725105     
          66   2.1190857025725105     
          67   2.1190857025725105     
          68   2.1190857025725105     
          69   2.1190857025725105     
          70   2.1190857025725105     
          71   2.1190857025725105     
          72   2.1190857025725105     
          73   2.1190857025725105     
          74   2.1190857025725105     
          75   2.1190857025725105     
          76   2.1190857025725105     
          77   2.1190857025725105     
          78   2.1190857025725105     
          79   2.1190857025725105     
          80   2.1190857025725105     
          81   2.1190857025725105     
          82   2.1190857025725105     
          83   2.1190857025725105     
          84   2.1190857025725105     
          85   2.1190857025725105     
          86   2.1190857025725105     
          87   2.1190857025725105     
          88   2.1190857025725105     
          89   2.1190857025725105     
          90   2.1190857025725105     
          91   2.1190857025725105     
          92   2.1190857025725105     
          93   2.1190857025725105     
          94   2.1190857025725105     
          95   2.1190857025725105     
          96   2.1190857025725105     
          97   2.1190857025725105     
          98   2.1190857025725105     
          99   2.1190857025725105     
         100   2.1190857025725105     
         101   2.1190857025725105     
         102   2.1190857025725105     
         103   2.1190857025725105     
         104   2.1190857025725105     
         105   2.1190857025725105     
         106   2.1190857025725105     
         107   2.1190857025725105     
         108   2.1190857025725105     
         109   2.1190857025725105     
         110   2.1190857025725105     
         111   2.1190857025725105     
         112   2.1190857025725105     
         113   2.1190857025725105     
         114   2.1190857025725105     
         115   2.1190857025725105     
         116   2.1190857025725105     
         117   2.1190857025725105     
         118   2.1190857025725105     
         119   2.1190857025725105     
         120   2.1190857025725105     
         121   2.1190857025725105     
         122   2.1190857025725105     
         123   2.1190857025725105     
         124   2.1190857025725105     
         125   1.4919348370484613     
         126   1.4919348370484613     
         127   1.4919348370484613     
         128   1.4919348370484613     
         129   1.0198327157172837     
         130   1.0198327157172837     
         131   1.0198327157172837     
         132   1.0198327157172837     
         133   1.0198327157172837     
         134   1.0198327157172837     
         135   1.0198327157172837     
         136   1.0198327157172837     
         137   1.0198327157172837     
         138   1.0198327157172837     
         139   1.0198327157172837     
         140   1.0198327157172837     
         141   1.0198327157172837     
         142   1.0198327157172837     
         143   1.0198327157172837     
         144   1.0198327157172837     
         145   1.0198327157172837     
         146   1.0198327157172837     
         147   1.0198327157172837     
         148   1.0198327157172837     
         149   1.0198327157172837     
         150   1.0198327157172837     
         151   1.0198327157172837     
         152   1.0198327157172837     
         153   1.0198327157172837     
         154   1.0198327157172837     
         155   1.0198327157172837     
         156   1.0198327157172837     
         157   1.0198327157172837     
         158   1.0198327157172837     
         159   1.0198327157172837     
         160   1.0198327157172837     
         161   1.0198327157172837     
         162   1.0198327157172837     
         163   1.0198327157172837     
         164   1.0198327157172837     
         165   1.0198327157172837     
         166   1.0198327157172837     
         167   1.0198327157172837     
         168   1.0198327157172837     
         169   1.0198327157172837     
         170   1.0198327157172837     
         171   1.0198327157172837     
         172   1.0198327157172837     
         173   1.0198327157172837     
         174   1.0198327157172837     
         175   1.0198327157172837     
         176   1.0198327157172837     
         177   1.0198327157172837     
         178   1.0198327157172837     
         179   1.0198327157172837     
         180   1.0198327157172837     
         181   1.0198327157172837     
         182   1.0198327157172837     
         183   1.0198327157172837     
         184   1.0198327157172837     
         185   1.0000000000000000     
         186   1.0000000000000000     
         187   1.0000000000000000     
         188   1.0000000000000000     
         189   1.0000000000000000     
         190   1.0000000000000000     
         191   1.0000000000000000     
         192   1.0000000000000000     
         193   1.0000000000000000     
         194   1.0000000000000000     
         195   1.0000000000000000     
         196   1.0000000000000000     
         197   1.0000000000000000     
         198   1.0000000000000000     
         199   1.0000000000000000     
         200   1.0000000000000000     
         201   1.0000000000000000     
         202   1.0000000000000000     
         203   1.0000000000000000     
         204   1.0000000000000000     
         205   1.0000000000000000     
         206   1.0000000000000000     
         207   1.0000000000000000     
         208   1.0000000000000000     
         209   1.0000000000000000     
         210   1.0000000000000000     
         211   1.0000000000000000     
         212   1.0000000000000000     
         213   1.0000000000000000     
         214   1.0000000000000000     
         215   1.0000000000000000     
         216   1.0000000000000000     
         217   1.0000000000000000     
         218   1.0000000000000000     
         219   1.0000000000000000     
         220   1.0000000000000000     
         221   1.0000000000000000     
         222   1.0000000000000000     
         223   1.0000000000000000     
         224   1.0000000000000000     
         225   1.0000000000000000     
         226   1.0000000000000000     
         227   1.0000000000000000     
         228   1.0000000000000000     
         229   1.0000000000000000     
         230   1.0000000000000000     
         231   1.0000000000000000     
         232   1.0000000000000000     
         233   1.0000000000000000     
         234   1.0000000000000000     
         235   1.0000000000000000     
         236   1.0000000000000000     
         237   1.0000000000000000     
         238   1.0000000000000000     
         239   1.0000000000000000     
         240   1.0000000000000000     
         241   1.0000000000000000     
         242   1.0000000000000000     
         243   1.0000000000000000     
         244   1.0000000000000000     
         245   1.0000000000000000     
         246   1.0000000000000000     
         247   1.0000000000000000     
         248   1.0000000000000000     
         249  0.25728047956833322     
         250  0.25728047956833322     
         251  0.25728047956833322     
         252  0.25728047956833322     
         253  0.25728047956833322     
         254  0.25728047956833322     
         255  0.25728047956833322     
         256  0.25728047956833322     
         257  0.25728047956833322     
         258  0.25728047956833322     
         259  0.25728047956833322     
         260  0.25728047956833322     
         261  0.25728047956833322     
         262  0.25728047956833322     
         263  0.25728047956833322     
         264  0.25728047956833322     
         265  0.25728047956833322     
         266  0.25728047956833322     
         267  0.25728047956833322     
         268  0.25728047956833322     
         269  0.25728047956833322     
         270  0.25728047956833322     
         271  0.25728047956833322     
         272  0.25728047956833322     
         273  0.25728047956833322     
         274  0.25728047956833322     
         275  0.25728047956833322     
         276  0.25728047956833322     
         277  0.25728047956833322     
         278  0.25728047956833322     
         279  0.25728047956833322     
         280  0.25728047956833322     
         281  0.25728047956833322     
         282  0.25728047956833322     
         283  0.25728047956833322     
         284  0.25728047956833322     
         285  0.25728047956833322     
         286  0.25728047956833322     
         287  0.25728047956833322     
         288  0.25728047956833322     
         289  0.25728047956833322     
         290  0.25728047956833322     
         291  0.25728047956833322     
         292  0.25728047956833322     
         293  0.25728047956833322     
         294  0.25728047956833322     
         295  0.25728047956833322     
         296  0.25728047956833322     
         297  0.25728047956833322     
         298  0.25728047956833322     
         299  0.25728047956833322     
         300  0.25728047956833322     
         301  0.25728047956833322     
         302  0.25728047956833322     
         303  0.25728047956833322     
         304  0.25728047956833322     
         305  0.25728047956833322     
         306  0.25728047956833322     
         307  0.25728047956833322     
         308  0.25728047956833322     
         309  0.25728047956833322     
         310  0.25728047956833322     
         311  0.25728047956833322     
         312  0.25728047956833322     
         313  0.25728047956833322     
         314  0.25728047956833322     
         315  0.25728047956833322     
         316  0.25728047956833322     
         317  0.25728047956833322     
         318  0.25728047956833322     
         319  0.25728047956833322     
         320  0.25728047956833322     
         321  0.25728047956833322     
         322  0.25728047956833322     
         323  0.25728047956833322     
         324  0.25728047956833322     
         325  0.25728047956833322     
         326  0.25728047956833322     
         327  0.25728047956833322     
         328  0.25728047956833322     
         329  0.25728047956833322     
         330  0.25728047956833322     
         331  0.25728047956833322     
         332  0.25728047956833322     
         333  0.25728047956833322     
         334  0.25728047956833322     
         335  0.25728047956833322     
         336  0.25728047956833322     
         337  0.25728047956833322     
         338  0.25728047956833322     
         339  0.25728047956833322     
         340  0.25728047956833322     
         341  0.25728047956833322     
         342  0.25728047956833322     
         343  0.25728047956833322     
         344  0.25728047956833322     
         345  0.25728047956833322     
         346  0.25728047956833322     
         347  0.25728047956833322     
         348  0.25728047956833322     
         349  0.25728047956833322     
         350  0.25728047956833322     
         351  0.25728047956833322     
         352  0.25728047956833322     
         353  0.25728047956833322     
         354  0.25728047956833322     
         355  0.25728047956833322     
         356  0.25728047956833322     
         357  0.25728047956833322     
         358  0.25728047956833322     
         359  0.25728047956833322     
         360  0.25728047956833322     
         361  0.25728047956833322     
         362  0.25728047956833322     
         363  0.25728047956833322     
         364  0.25728047956833322     
         365  0.25728047956833322     
         366  0.25728047956833322     
         367  0.25728047956833322     
         368  0.25728047956833322     
         369  0.25728047956833322     
         370  0.25728047956833322     
         371  0.25728047956833322     
         372  0.25728047956833322     
         373  0.25728047956833322     
         374  0.25728047956833322     
         375  0.25728047956833322     
         376  0.25728047956833322     
         377  0.25728047956833322     
         378  0.25728047956833322     
         379  0.25728047956833322     
         380  0.25728047956833322     
         381  0.25728047956833322     
         382  0.25728047956833322     
         383  0.25728047956833322     
         384  0.25728047956833322     
         385  0.25728047956833322     
         386  0.25728047956833322     
         387  0.17802749271311491     
         388  0.17802749271311491     
         389  0.17802749271311491     
         390  0.17802749271311491     
         391  0.17802749271311491     
         392  0.17802749271311491     
         393  0.17802749271311491     
         394  0.17802749271311491     
         395  0.17802749271311491     
         396  0.17802749271311491     
         397  0.17802749271311491     
         398  0.17802749271311491     
         399  0.17802749271311491     
         400  0.17802749271311491     
         401  0.17802749271311491     
         402  0.17802749271311491     
         403  0.17802749271311491     
         404  0.17802749271311491     
         405  0.17802749271311491     
         406  0.17802749271311491     
         407  0.17802749271311491     
         408  0.17802749271311491     
         409  0.17802749271311491     
         410  0.17802749271311491     
         411  0.17802749271311491     
         412  0.17802749271311491     
         413  0.17802749271311491     
         414  0.17802749271311491     
         415  0.17802749271311491     
         416  0.17802749271311491     
         417   0.0000000000000000     
