           1   8.2831632558118784     
           2   8.2831632558118784     
           3   4.1590830431057295     
           4   2.2750213755689117     
           5   2.0392529868552209     
           6   2.0392529868552209     
           7   2.0392529868552209     
           8   2.0392529868552209     
           9   2.0392529868552209     
          10   2.0392529868552209     
          11   2.0392529868552209     
          12   2.0392529868552209     
          13   2.0392529868552209     
          14   2.0392529868552209     
          15   2.0392529868552209     
          16   2.0392529868552209     
          17   1.8250881279727036     
          18   1.8250881279727036     
          19   1.8250881279727036     
          20   1.8250881279727036     
          21   1.8250881279727036     
          22   1.8250881279727036     
          23   1.1985059737104446     
          24   1.1985059737104446     
          25   1.1985059737104446     
          26   1.1985059737104446     
          27   1.1985059737104446     
          28   1.1985059737104446     
          29   1.1985059737104446     
          30   1.1985059737104446     
          31   1.1985059737104446     
          32   1.1985059737104446     
          33   1.1985059737104446     
          34   1.1985059737104446     
          35   1.1985059737104446     
          36   1.1985059737104446     
          37   1.1985059737104446     
          38   1.1985059737104446     
          39   1.1985059737104446     
          40   1.1985059737104446     
          41   1.1985059737104446     
          42   1.1985059737104446     
          43   1.1985059737104446     
          44   1.1985059737104446     
          45   1.1985059737104446     
          46   1.1985059737104446     
          47   1.1985059737104446     
          48   1.1985059737104446     
          49   1.1985059737104446     
          50   1.1985059737104446     
          51   1.1985059737104446     
          52   1.1985059737104446     
          53   1.1985059737104446     
          54   1.1985059737104446     
          55   1.1985059737104446     
          56   1.1985059737104446     
          57   1.1985059737104446     
          58   1.1985059737104446     
          59   1.1985059737104446     
          60   1.1985059737104446     
          61   1.1985059737104446     
          62   1.1985059737104446     
          63   1.1985059737104446     
          64   1.1985059737104446     
          65   1.1985059737104446     
          66   1.1985059737104446     
          67   1.1985059737104446     
          68   1.1985059737104446     
          69   1.1985059737104446     
          70   1.1985059737104446     
          71   1.1985059737104446     
          72   1.1985059737104446     
          73   1.1985059737104446     
          74   1.1985059737104446     
          75   1.1985059737104446     
          76   1.1985059737104446     
          77   1.1985059737104446     
          78   1.1985059737104446     
          79   1.1985059737104446     
          80   1.1985059737104446     
          81   1.1985059737104446     
          82   1.1985059737104446     
          83   1.1985059737104446     
          84   1.1985059737104446     
          85   1.1985059737104446     
          86   1.1985059737104446     
          87   1.1985059737104446     
          88   1.1985059737104446     
          89   1.1985059737104446     
          90   1.1985059737104446     
          91   1.1985059737104446     
          92   1.1985059737104446     
          93   1.1985059737104446     
          94   1.1985059737104446     
          95   1.1985059737104446     
          96   1.1985059737104446     
          97   1.1985059737104446     
          98   1.1985059737104446     
          99   1.1985059737104446     
         100   1.1985059737104446     
         101   1.1985059737104446     
         102   1.1985059737104446     
         103   1.1985059737104446     
         104   1.1985059737104446     
         105   1.1985059737104446     
         106   1.1985059737104446     
         107   1.1985059737104446     
         108   1.1985059737104446     
         109   1.1985059737104446     
         110   1.1985059737104446     
         111   1.1985059737104446     
         112   1.1985059737104446     
         113   1.1985059737104446     
         114   1.1985059737104446     
         115   1.1985059737104446     
         116   1.1985059737104446     
         117   1.1985059737104446     
         118   1.1985059737104446     
         119   1.1985059737104446     
         120   1.1985059737104446     
         121   1.1985059737104446     
         122   1.1985059737104446     
         123   1.1985059737104446     
         124   1.1985059737104446     
         125   1.1985059737104446     
         126   1.1985059737104446     
         127   1.1985059737104446     
         128   1.1985059737104446     
         129   1.1985059737104446     
         130   1.1985059737104446     
         131   1.1985059737104446     
         132   1.1985059737104446     
         133   1.1985059737104446     
         134   1.1985059737104446     
         135   1.1985059737104446     
         136   1.1985059737104446     
         137   1.1985059737104446     
         138   1.1985059737104446     
         139   1.1985059737104446     
         140   1.1985059737104446     
         141   1.1985059737104446     
         142   1.1985059737104446     
         143   1.1985059737104446     
         144   1.1985059737104446     
         145   1.1985059737104446     
         146   1.1985059737104446     
         147   1.1985059737104446     
         148   1.1985059737104446     
         149   1.1985059737104446     
         150   1.1985059737104446     
         151   1.1985059737104446     
         152   1.1985059737104446     
         153   1.1985059737104446     
         154   1.1985059737104446     
         155   1.1985059737104446     
         156   1.1985059737104446     
         157   1.1985059737104446     
         158   1.1985059737104446     
         159   1.1985059737104446     
         160   1.1985059737104446     
         161   1.1985059737104446     
         162   1.1985059737104446     
         163   1.1985059737104446     
         164   1.1985059737104446     
         165   1.1985059737104446     
         166   1.1985059737104446     
         167   1.1985059737104446     
         168   1.1985059737104446     
         169   1.1985059737104446     
         170   1.1985059737104446     
         171   1.1985059737104446     
         172   1.1985059737104446     
         173   1.1985059737104446     
         174   1.1985059737104446     
         175   1.1985059737104446     
         176   1.1985059737104446     
         177   1.1985059737104446     
         178   1.1985059737104446     
         179   1.1985059737104446     
         180   1.1985059737104446     
         181   1.1985059737104446     
         182   1.1985059737104446     
         183   1.1985059737104446     
         184   1.1985059737104446     
         185   1.1985059737104446     
         186   1.1985059737104446     
         187   1.1985059737104446     
         188   1.1985059737104446     
         189   1.1985059737104446     
         190   1.1985059737104446     
         191   1.1985059737104446     
         192   1.1985059737104446     
         193   1.1985059737104446     
         194   1.1985059737104446     
         195   1.1985059737104446     
         196   1.1985059737104446     
         197   1.1985059737104446     
         198   1.1985059737104446     
         199   1.1985059737104446     
         200   1.1985059737104446     
         201   1.1985059737104446     
         202   1.1985059737104446     
         203   1.1985059737104446     
         204   1.1985059737104446     
         205   1.1985059737104446     
         206   1.1985059737104446     
         207   1.1985059737104446     
         208   1.1985059737104446     
         209   1.1985059737104446     
         210   1.1985059737104446     
         211   1.1985059737104446     
         212   1.1985059737104446     
         213   1.1985059737104446     
         214   1.1985059737104446     
         215   1.1985059737104446     
         216   1.1985059737104446     
         217   1.1985059737104446     
         218   1.1985059737104446     
         219   1.1985059737104446     
         220   1.1985059737104446     
         221   1.1985059737104446     
         222   1.1985059737104446     
         223   1.1985059737104446     
         224   1.1985059737104446     
         225   1.1985059737104446     
         226   1.1985059737104446     
         227   1.1985059737104446     
         228   1.1985059737104446     
         229   1.1985059737104446     
         230   1.1985059737104446     
         231   1.1985059737104446     
         232   1.1985059737104446     
         233   1.1985059737104446     
         234   1.1985059737104446     
         235   1.1985059737104446     
         236   1.1985059737104446     
         237   1.1985059737104446     
         238   1.1985059737104446     
         239   1.1985059737104446     
         240   1.1985059737104446     
         241   1.1985059737104446     
         242   1.1985059737104446     
         243   1.1985059737104446     
         244   1.1985059737104446     
         245   1.1985059737104446     
         246   1.1985059737104446     
         247   1.1985059737104446     
         248   1.1985059737104446     
         249   1.1985059737104446     
         250   1.1985059737104446     
         251   1.1985059737104446     
         252   1.1985059737104446     
         253   1.1985059737104446     
         254   1.1985059737104446     
         255   1.1985059737104446     
         256   1.1985059737104446     
         257   1.1985059737104446     
         258   1.1985059737104446     
         259   1.1985059737104446     
         260   1.1985059737104446     
         261   1.1985059737104446     
         262   1.1985059737104446     
         263   1.1985059737104446     
         264   1.1985059737104446     
         265   1.1985059737104446     
         266   1.1985059737104446     
         267   1.1985059737104446     
         268   1.1985059737104446     
         269   1.1985059737104446     
         270   1.1985059737104446     
         271   1.1985059737104446     
         272   1.1985059737104446     
         273   1.1985059737104446     
         274   1.1985059737104446     
         275   1.1985059737104446     
         276   1.1985059737104446     
         277   1.1985059737104446     
         278   1.1985059737104446     
         279   1.1985059737104446     
         280   1.1985059737104446     
         281   1.1985059737104446     
         282   1.1985059737104446     
         283   1.1985059737104446     
         284   1.1985059737104446     
         285   1.1985059737104446     
         286   1.1985059737104446     
         287   1.1985059737104446     
         288   1.1985059737104446     
         289   1.1985059737104446     
         290   1.1985059737104446     
         291   1.1985059737104446     
         292   1.1985059737104446     
         293   1.1985059737104446     
         294   1.1985059737104446     
         295   1.1985059737104446     
         296   1.1985059737104446     
         297   1.1985059737104446     
         298   1.1985059737104446     
         299   1.1985059737104446     
         300   1.1985059737104446     
         301   1.1985059737104446     
         302   1.1985059737104446     
         303   1.1985059737104446     
         304   1.1985059737104446     
         305   1.1985059737104446     
         306   1.1985059737104446     
         307   1.1985059737104446     
         308   1.1985059737104446     
         309   1.1985059737104446     
         310   1.1985059737104446     
         311   1.1985059737104446     
         312   1.1985059737104446     
         313   1.1985059737104446     
         314   1.1985059737104446     
         315   1.1985059737104446     
         316   1.1985059737104446     
         317   1.1985059737104446     
         318   1.1985059737104446     
         319   1.1985059737104446     
         320   1.1985059737104446     
         321   1.1985059737104446     
         322   1.1985059737104446     
         323   1.1985059737104446     
         324   1.1985059737104446     
         325   1.1985059737104446     
         326   1.1985059737104446     
         327   1.1985059737104446     
         328   1.1985059737104446     
         329   1.1985059737104446     
         330   1.1985059737104446     
         331   1.1985059737104446     
         332   1.1985059737104446     
         333   1.1985059737104446     
         334   1.1985059737104446     
         335   1.1985059737104446     
         336   1.1985059737104446     
         337   1.1985059737104446     
         338   1.1985059737104446     
         339   1.1985059737104446     
         340   1.1985059737104446     
         341   1.1985059737104446     
         342   1.1985059737104446     
         343   1.1985059737104446     
         344   1.1985059737104446     
         345   1.1985059737104446     
         346   1.1985059737104446     
         347   1.1985059737104446     
         348   1.1985059737104446     
         349   1.1985059737104446     
         350   1.1985059737104446     
         351   1.1985059737104446     
         352   1.1985059737104446     
         353   1.1985059737104446     
         354   1.1985059737104446     
         355   1.1985059737104446     
         356   1.1985059737104446     
         357   1.1985059737104446     
         358   1.1985059737104446     
         359   1.1985059737104446     
         360   1.1985059737104446     
         361   1.1985059737104446     
         362   1.1985059737104446     
         363   1.1985059737104446     
         364   1.1985059737104446     
         365   1.1985059737104446     
         366   1.1985059737104446     
         367   1.1985059737104446     
         368   1.1985059737104446     
         369   1.1985059737104446     
         370   1.1985059737104446     
         371   1.1985059737104446     
         372   1.1985059737104446     
         373   1.1985059737104446     
         374   1.1985059737104446     
         375   1.1985059737104446     
         376   1.1985059737104446     
         377   1.1985059737104446     
         378   1.1985059737104446     
         379   1.1985059737104446     
         380   1.1985059737104446     
         381   1.1985059737104446     
         382   1.1985059737104446     
         383   1.1985059737104446     
         384   1.1985059737104446     
         385   1.1985059737104446     
         386   1.1985059737104446     
         387   1.1985059737104446     
         388   1.1985059737104446     
         389   1.1985059737104446     
         390   1.1985059737104446     
         391   1.1985059737104446     
         392   1.1985059737104446     
         393   1.1985059737104446     
         394   1.1985059737104446     
         395   1.1985059737104446     
         396   1.1985059737104446     
         397   1.1985059737104446     
         398   1.1985059737104446     
         399   1.1985059737104446     
         400   1.1985059737104446     
         401   1.1985059737104446     
         402   1.1985059737104446     
         403   1.1985059737104446     
         404   1.1985059737104446     
         405   1.1985059737104446     
         406   1.1985059737104446     
         407   1.1985059737104446     
         408   1.1985059737104446     
         409   1.1985059737104446     
         410   1.1985059737104446     
         411   1.1985059737104446     
         412   1.1985059737104446     
         413   1.1985059737104446     
         414   1.1985059737104446     
         415   1.1985059737104446     
         416   1.1985059737104446     
         417   1.1985059737104446     
         418   1.1985059737104446     
         419   1.1985059737104446     
         420   1.1985059737104446     
         421   1.1985059737104446     
         422   1.1985059737104446     
         423   1.1985059737104446     
         424   1.1985059737104446     
         425   1.1985059737104446     
         426   1.1985059737104446     
         427   1.1985059737104446     
         428   1.1985059737104446     
         429   1.1985059737104446     
         430   1.1985059737104446     
         431   1.1985059737104446     
         432   1.1985059737104446     
         433   1.1985059737104446     
         434   1.1985059737104446     
         435   1.1985059737104446     
         436   1.1985059737104446     
         437   1.1985059737104446     
         438   1.1985059737104446     
         439   1.1985059737104446     
         440   1.1985059737104446     
         441   1.1985059737104446     
         442   1.1985059737104446     
         443   1.1985059737104446     
         444   1.1985059737104446     
         445   1.1985059737104446     
         446   1.1985059737104446     
         447   1.1985059737104446     
         448   1.1985059737104446     
         449   1.1985059737104446     
         450   1.1985059737104446     
         451   1.1985059737104446     
         452   1.1985059737104446     
         453   1.1985059737104446     
         454   1.1985059737104446     
         455   1.1985059737104446     
         456   1.1985059737104446     
         457   1.1985059737104446     
         458   1.1972804795683327     
         459   1.1972804795683327     
         460   1.1972804795683327     
         461   1.1972804795683327     
         462   1.1972804795683327     
         463   1.1972804795683327     
         464   1.1972804795683327     
         465   1.1972804795683327     
         466   1.1972804795683327     
         467   1.1972804795683327     
         468   1.1972804795683327     
         469   1.1972804795683327     
         470   1.1972804795683327     
         471   1.1972804795683327     
         472   1.1972804795683327     
         473   1.1972804795683327     
         474   1.1972804795683327     
         475   1.1972804795683327     
         476   1.1972804795683327     
         477   1.1972804795683327     
         478   1.1972804795683327     
         479   1.1972804795683327     
         480   1.1972804795683327     
         481   1.1972804795683327     
         482   1.1972804795683327     
         483   1.1972804795683327     
         484   1.1972804795683327     
         485   1.1972804795683327     
         486   1.1972804795683327     
         487   1.1972804795683327     
         488   1.1972804795683327     
         489   1.1972804795683327     
         490   1.1972804795683327     
         491   1.1972804795683327     
         492   1.1972804795683327     
         493   1.1972804795683327     
         494   1.1972804795683327     
         495   1.1972804795683327     
         496   1.1972804795683327     
         497   1.1972804795683327     
         498   1.1972804795683327     
         499   1.1972804795683327     
         500   1.1972804795683327     
         501   1.1972804795683327     
         502   1.1972804795683327     
         503   1.1972804795683327     
         504   1.1972804795683327     
         505   1.1972804795683327     
         506   1.1972804795683327     
         507   1.1972804795683327     
         508   1.1972804795683327     
         509   1.1972804795683327     
         510   1.1972804795683327     
         511   1.1972804795683327     
         512   1.1972804795683327     
         513   1.1972804795683327     
         514   1.1972804795683327     
         515   1.1972804795683327     
         516   1.1972804795683327     
         517   1.1972804795683327     
         518   1.1972804795683327     
         519   1.1972804795683327     
         520   1.1972804795683327     
         521   1.1972804795683327     
         522   1.1972804795683327     
         523   1.1972804795683327     
         524   1.1972804795683327     
         525   1.1972804795683327     
         526   1.1972804795683327     
         527   1.1972804795683327     
         528   1.1972804795683327     
         529   1.1972804795683327     
         530   1.1972804795683327     
         531   1.1972804795683327     
         532   1.1972804795683327     
         533   1.1972804795683327     
         534   1.1972804795683327     
         535   1.1972804795683327     
         536   1.1972804795683327     
         537   1.1972804795683327     
         538   1.1972804795683327     
         539   1.1972804795683327     
         540   1.1972804795683327     
         541   1.1972804795683327     
         542   1.1972804795683327     
         543   1.1972804795683327     
         544   1.1972804795683327     
         545   1.1972804795683327     
         546   1.1972804795683327     
         547   1.1972804795683327     
         548   1.1972804795683327     
         549   1.1972804795683327     
         550   1.1972804795683327     
         551   1.1972804795683327     
         552   1.1972804795683327     
         553   1.1972804795683327     
         554   1.1972804795683327     
         555   1.1972804795683327     
         556   1.1972804795683327     
         557   1.1972804795683327     
         558   1.1972804795683327     
         559   1.1972804795683327     
         560   1.1972804795683327     
         561   1.1972804795683327     
         562   1.1972804795683327     
         563   1.1972804795683327     
         564   1.1972804795683327     
         565   1.1972804795683327     
         566   1.1972804795683327     
         567   1.1972804795683327     
         568   1.1972804795683327     
         569   1.1972804795683327     
         570   1.1972804795683327     
         571   1.1972804795683327     
         572   1.1972804795683327     
         573   1.1972804795683327     
         574   1.1972804795683327     
         575   1.1972804795683327     
         576   1.1972804795683327     
         577   1.1972804795683327     
         578   1.1972804795683327     
         579   1.1972804795683327     
         580   1.0590857025725047     
         581   1.0590857025725047     
         582   1.0590857025725047     
         583   1.0590857025725047     
         584   1.0590857025725047     
         585   1.0590857025725047     
         586   1.0590857025725047     
         587   1.0590857025725047     
         588   1.0198327157172837     
         589   1.0198327157172837     
         590   1.0198327157172837     
         591   1.0198327157172837     
         592   1.0198327157172837     
         593   1.0198327157172837     
         594   1.0198327157172837     
         595   1.0198327157172837     
         596   1.0198327157172837     
         597   1.0198327157172837     
         598   1.0198327157172837     
         599   1.0198327157172837     
         600   1.0198327157172837     
         601   1.0198327157172837     
         602   1.0198327157172837     
         603   1.0198327157172837     
         604   1.0198327157172837     
         605   1.0198327157172837     
         606   1.0198327157172837     
         607   1.0196654314345679     
         608   1.0196654314345679     
         609   1.0196654314345679     
         610   1.0196654314345679     
         611   1.0196654314345679     
         612   1.0196654314345679     
         613   1.0196654314345679     
         614   1.0196654314345679     
         615   1.0196654314345679     
         616   1.0196654314345679     
         617   1.0196654314345679     
         618   1.0196654314345679     
         619   1.0196654314345679     
         620   1.0196654314345679     
         621   1.0196654314345679     
         622   1.0196654314345679     
         623   1.0196654314345679     
         624   1.0196654314345679     
         625   1.0196654314345679     
         626   1.0196654314345679     
         627   1.0196654314345679     
         628   1.0196654314345679     
         629   1.0196654314345679     
         630   1.0196654314345679     
         631   1.0196654314345679     
         632   1.0196654314345679     
         633   1.0196654314345679     
         634   1.0196654314345679     
         635   1.0196654314345679     
         636   1.0196654314345679     
         637   1.0196654314345679     
         638   1.0196654314345679     
         639   1.0196654314345679     
         640   1.0196654314345679     
         641   1.0196654314345679     
         642   1.0196654314345679     
         643   1.0196654314345679     
         644   1.0196654314345679     
         645   1.0196654314345679     
         646   1.0196654314345679     
         647   1.0196654314345679     
         648   1.0196654314345679     
         649   1.0196654314345679     
         650   1.0196654314345679     
         651   1.0196654314345679     
         652   1.0196654314345679     
         653   1.0196654314345679     
         654   1.0196654314345679     
         655   1.0196654314345679     
         656   1.0196654314345679     
         657   1.0196654314345679     
         658   1.0196654314345679     
         659   1.0196654314345679     
         660   1.0196654314345679     
         661   1.0196654314345679     
         662   1.0196654314345679     
         663   1.0196654314345679     
         664   1.0196654314345679     
         665   1.0196654314345679     
         666   1.0196654314345679     
         667   1.0196654314345679     
         668   1.0196654314345679     
         669   1.0196654314345679     
         670   1.0196654314345679     
         671   1.0196654314345679     
         672   1.0196654314345679     
         673   1.0196654314345679     
         674   1.0196654314345679     
         675   1.0196654314345679     
         676   1.0196654314345679     
         677   1.0196654314345679     
         678  0.19786020843039864     
         679  0.19786020843039864     
         680  0.19786020843039864     
         681  0.19786020843039864     
         682  0.19786020843039864     
         683  0.19786020843039864     
         684  0.19786020843039864     
         685  0.19786020843039864     
         686  0.19786020843039864     
         687  0.19786020843039864     
         688  0.19786020843039864     
         689  0.19786020843039864     
         690  0.19786020843039864     
         691  0.19786020843039864     
         692  0.19786020843039864     
         693  0.19786020843039864     
         694  0.19786020843039864     
         695  0.19786020843039864     
         696  0.19786020843039864     
         697  0.19786020843039864     
         698  0.19786020843039864     
         699  0.19786020843039864     
         700  0.17802749271311491     
         701  0.17802749271311491     
         702  0.17802749271311491     
         703  0.17802749271311491     
         704  0.17802749271311491     
         705  0.17802749271311491     
         706  0.17802749271311491     
         707   1.9832715717283733E-002
         708   1.9832715717283733E-002
         709   1.9832715717283733E-002
         710   1.9832715717283733E-002
         711   1.9832715717283733E-002
         712   1.9832715717283733E-002
         713   1.9832715717283733E-002
         714   1.9832715717283733E-002
         715   1.9832715717283733E-002
         716   1.9832715717283733E-002
         717   1.9832715717283733E-002
         718   1.9832715717283733E-002
         719   1.9832715717283733E-002
         720   1.9832715717283733E-002
         721   1.9832715717283733E-002
         722   1.9832715717283733E-002
         723   1.9832715717283733E-002
         724   1.9832715717283733E-002
         725   1.9832715717283733E-002
         726   1.9832715717283733E-002
         727   1.9832715717283733E-002
         728   1.9832715717283733E-002
         729   1.9832715717283733E-002
         730   1.9832715717283733E-002
         731   1.9832715717283733E-002
         732   1.9832715717283733E-002
         733   1.9832715717283733E-002
         734   1.9832715717283733E-002
         735   1.9832715717283733E-002
         736   1.9832715717283733E-002
         737   1.9832715717283733E-002
         738   1.9832715717283733E-002
         739   1.9832715717283733E-002
         740   1.9832715717283733E-002
         741   1.9832715717283733E-002
         742   1.9832715717283733E-002
         743   1.9832715717283733E-002
         744   1.9832715717283733E-002
         745   1.9832715717283733E-002
         746   1.9832715717283733E-002
         747   1.9832715717283733E-002
         748   1.9832715717283733E-002
         749   1.9832715717283733E-002
         750   1.9832715717283733E-002
         751   1.9832715717283733E-002
         752   1.9832715717283733E-002
         753   1.9832715717283733E-002
         754   1.9832715717283733E-002
         755   1.9832715717283733E-002
         756   1.9832715717283733E-002
         757   1.9832715717283733E-002
         758   1.9832715717283733E-002
         759   1.9832715717283733E-002
         760   1.9832715717283733E-002
         761   1.9832715717283733E-002
         762   1.9832715717283733E-002
         763   1.9832715717283733E-002
         764   1.9832715717283733E-002
         765   1.9832715717283733E-002
         766   1.9832715717283733E-002
         767   1.9832715717283733E-002
         768   1.9832715717283733E-002
         769   1.9832715717283733E-002
         770   1.9832715717283733E-002
         771   1.9832715717283733E-002
         772   1.9832715717283733E-002
         773   1.9832715717283733E-002
         774   1.9832715717283733E-002
         775   1.9832715717283733E-002
         776   0.0000000000000000     
