           1   7.0271647659273189     
           2   6.7440737318350656     
           3   6.7440737318350656     
           4   6.7440737318350656     
           5   4.1262205590973444     
           6   4.1262205590973444     
           7   4.1262205590973444     
           8   4.1262205590973444     
           9   4.1262205590973444     
          10   4.1262205590973444     
          11   3.2146569680529273     
          12   3.2146569680529273     
          13   3.2146569680529273     
          14   3.2146569680529273     
          15   3.2146569680529273     
          16   3.2146569680529273     
          17   3.2146569680529273     
          18   2.9438626338305909     
          19   2.9438626338305909     
          20   2.9438626338305909     
          21   2.3560549854262298     
          22   2.3560549854262298     
          23   2.3560549854262298     
          24   2.3560549854262298     
          25   2.3560549854262298     
          26   2.3560549854262298     
          27   2.3560549854262298     
          28   2.3560549854262298     
          29   2.3560549854262298     
          30   2.3560549854262298     
          31   2.3560549854262298     
          32   2.3560549854262298     
          33   2.3560549854262298     
          34   2.3560549854262298     
          35   2.3560549854262298     
          36   2.3560549854262298     
          37   2.3560549854262298     
          38   2.3560549854262298     
          39   2.3560549854262298     
          40   2.3560549854262298     
          41   2.3560549854262298     
          42   2.2356011044309749     
          43   2.2356011044309749     
          44   2.2356011044309749     
          45   2.2356011044309749     
          46   2.2356011044309749     
          47   2.2356011044309749     
          48   2.2356011044309749     
          49   2.2356011044309749     
          50   2.2356011044309749     
          51   2.2356011044309749     
          52   2.2356011044309749     
          53   2.2356011044309749     
          54   2.2356011044309749     
          55   2.2356011044309749     
          56   2.2356011044309749     
          57   2.2356011044309749     
          58   2.2356011044309749     
          59   2.2356011044309749     
          60   2.2356011044309749     
          61   2.2356011044309749     
          62   2.2356011044309749     
          63   2.2356011044309749     
          64   2.1178602084303986     
          65   2.1178602084303986     
          66   2.1178602084303986     
          67   2.1178602084303986     
          68   2.1178602084303986     
          69   2.1178602084303986     
          70   2.1178602084303986     
          71   2.1178602084303986     
          72   2.1178602084303986     
          73   2.1178602084303986     
          74   2.1178602084303986     
          75   2.1178602084303986     
          76   2.1178602084303986     
          77   2.1178602084303986     
          78   2.1178602084303986     
          79   2.1178602084303986     
          80   2.1178602084303986     
          81   2.1178602084303986     
          82   2.1178602084303986     
          83   2.1178602084303986     
          84   2.1178602084303986     
          85   2.1178602084303986     
          86   2.1178602084303986     
          87   2.1178602084303986     
          88   2.1178602084303986     
          89   2.1178602084303986     
          90   2.1178602084303986     
          91   2.1178602084303986     
          92   2.0390857025725051     
          93   2.0390857025725051     
          94   1.9998327157172842     
          95   1.9998327157172842     
          96   1.9998327157172842     
          97   1.9998327157172842     
          98   1.9998327157172842     
          99   1.9998327157172842     
         100   1.9998327157172842     
         101   1.9998327157172842     
         102   1.9998327157172842     
         103   1.9998327157172842     
         104   1.9998327157172842     
         105   1.9998327157172842     
         106   1.9998327157172842     
         107   1.9998327157172842     
         108   1.9998327157172842     
         109   1.9998327157172842     
         110   1.9998327157172842     
         111   1.9998327157172842     
         112   1.9998327157172842     
         113   1.9998327157172842     
         114   1.9998327157172842     
         115   1.9998327157172842     
         116   1.9998327157172842     
         117   1.9998327157172842     
         118   1.9998327157172842     
         119   1.9998327157172842     
         120   1.9998327157172842     
         121   1.9998327157172842     
         122   1.9998327157172842     
         123   1.9998327157172842     
         124   1.9998327157172842     
         125   1.9998327157172842     
         126   1.9998327157172842     
         127   1.9998327157172842     
         128   1.9998327157172842     
         129   1.9998327157172842     
         130   1.9998327157172842     
         131   1.9998327157172842     
         132   1.9998327157172842     
         133   1.9998327157172842     
         134   1.9998327157172842     
         135   1.9998327157172842     
         136   1.9998327157172842     
         137   1.9998327157172842     
         138   1.9998327157172842     
         139   1.9998327157172842     
         140   1.9998327157172842     
         141   1.9998327157172842     
         142   1.9998327157172842     
         143   1.9998327157172842     
         144   1.9998327157172842     
         145   1.9998327157172842     
         146   1.9998327157172842     
         147   1.9998327157172842     
         148   1.9998327157172842     
         149   1.9998327157172842     
         150   1.9998327157172842     
         151   1.9998327157172842     
         152   1.9998327157172842     
         153   1.9998327157172842     
         154   1.9998327157172842     
         155   1.9998327157172842     
         156   1.9998327157172842     
         157   1.9998327157172842     
         158   1.9998327157172842     
         159   1.3550213755689100     
         160   1.3550213755689100     
         161   1.3550213755689100     
         162   1.3550213755689100     
         163   1.3550213755689100     
         164   1.3550213755689100     
         165   1.3550213755689100     
         166   1.3550213755689100     
         167   1.3550213755689100     
         168   1.3550213755689100     
         169   1.3550213755689100     
         170   1.3550213755689100     
         171   1.3550213755689100     
         172   1.3550213755689100     
         173   1.3550213755689100     
         174   1.3550213755689100     
         175   1.3550213755689100     
         176   1.3550213755689100     
         177   1.3550213755689100     
         178   1.3550213755689100     
         179   1.3550213755689100     
         180   1.3550213755689100     
         181   1.3550213755689100     
         182   1.2960549854262293     
         183   1.2960549854262293     
         184   1.2960549854262293     
         185   1.2960549854262293     
         186   1.2960549854262293     
         187   1.2960549854262293     
         188   1.2960549854262293     
         189   1.2960549854262293     
         190   1.2960549854262293     
         191   1.2960549854262293     
         192   1.2960549854262293     
         193   1.2960549854262293     
         194   1.2960549854262293     
         195   1.2960549854262293     
         196   1.2960549854262293     
         197   1.2960549854262293     
         198   1.2960549854262293     
         199   1.2960549854262293     
         200   1.2960549854262293     
         201   1.2960549854262293     
         202   1.2960549854262293     
         203   1.2960549854262293     
         204   1.2960549854262293     
         205   1.2960549854262293     
         206   1.2960549854262293     
         207   1.1378602084303981     
         208   1.1378602084303981     
         209   1.1378602084303981     
         210   1.1378602084303981     
         211   1.1378602084303981     
         212   1.1378602084303981     
         213   1.1378602084303981     
         214   1.1378602084303981     
         215   1.1378602084303981     
         216   1.1378602084303981     
         217   1.1378602084303981     
         218   1.1378602084303981     
         219   1.1180274927131144     
         220   1.1180274927131144     
         221   1.1180274927131144     
         222   1.1180274927131144     
         223   1.1180274927131144     
         224   1.1180274927131144     
         225   1.1180274927131144     
         226   1.1180274927131144     
         227   1.1180274927131144     
         228   1.1180274927131144     
         229   1.1180274927131144     
         230   1.1180274927131144     
         231   1.1180274927131144     
         232   1.1180274927131144     
         233   1.1180274927131144     
         234   1.1180274927131144     
         235   1.1180274927131144     
         236   1.1180274927131144     
         237   1.1180274927131144     
         238   1.1180274927131144     
         239   1.1180274927131144     
         240   1.1180274927131144     
         241   1.1180274927131144     
         242   1.1180274927131144     
         243   1.1180274927131144     
         244   1.1180274927131144     
         245   1.1180274927131144     
         246   1.1180274927131144     
         247   1.1180274927131144     
         248   1.1180274927131144     
         249   1.1180274927131144     
         250   1.1180274927131144     
         251   1.1180274927131144     
         252   1.1180274927131144     
         253   1.1180274927131144     
         254   1.1180274927131144     
         255   1.1180274927131144     
         256   1.1180274927131144     
         257   1.1180274927131144     
         258   1.1180274927131144     
         259   1.1180274927131144     
         260   1.1180274927131144     
         261   1.1180274927131144     
         262   1.1180274927131144     
         263   1.1180274927131144     
         264   1.1180274927131144     
         265   1.1180274927131144     
         266   1.1180274927131144     
         267   1.1180274927131144     
         268   1.1180274927131144     
         269   1.1180274927131144     
         270   1.1180274927131144     
         271   1.1180274927131144     
         272   1.1180274927131144     
         273   1.1180274927131144     
         274   1.1180274927131144     
         275   1.1180274927131144     
         276   1.1180274927131144     
         277   1.1180274927131144     
         278   1.1180274927131144     
         279   1.1180274927131144     
         280   1.1180274927131144     
         281   1.1180274927131144     
         282   1.1180274927131144     
         283   1.1180274927131144     
         284   1.1180274927131144     
         285   1.1180274927131144     
         286   1.1180274927131144     
         287   1.1180274927131144     
         288   1.1180274927131144     
         289   1.1180274927131144     
         290   1.1180274927131144     
         291   1.1180274927131144     
         292   1.1180274927131144     
         293   1.1180274927131144     
         294   1.1180274927131144     
         295   1.1180274927131144     
         296   1.1180274927131144     
         297   1.1180274927131144     
         298   1.1180274927131144     
         299   1.1180274927131144     
         300   1.1180274927131144     
         301   1.1180274927131144     
         302   1.1180274927131144     
         303   1.1180274927131144     
         304   1.1180274927131144     
         305   1.1180274927131144     
         306   1.1180274927131144     
         307   1.1180274927131144     
         308   1.1180274927131144     
         309   1.1180274927131144     
         310   1.1180274927131144     
         311   1.1180274927131144     
         312   1.1180274927131144     
         313   1.1180274927131144     
         314   1.1180274927131144     
         315   1.1180274927131144     
         316   1.1180274927131144     
         317   1.1180274927131144     
         318   1.1180274927131144     
         319   1.1180274927131144     
         320   1.1180274927131144     
         321   1.1180274927131144     
         322   1.1180274927131144     
         323   1.1180274927131144     
         324   1.1180274927131144     
         325   1.1180274927131144     
         326   1.1180274927131144     
         327   1.1180274927131144     
         328   1.1180274927131144     
         329   1.1180274927131144     
         330   1.1180274927131144     
         331   1.1180274927131144     
         332   1.1180274927131144     
         333   1.1180274927131144     
         334   1.1180274927131144     
         335   1.1180274927131144     
         336   1.1180274927131144     
         337   1.1180274927131144     
         338   1.1180274927131144     
         339   1.1180274927131144     
         340   1.1180274927131144     
         341   1.1180274927131144     
         342   1.1180274927131144     
         343   1.1180274927131144     
         344   1.1180274927131144     
         345   1.1180274927131144     
         346   1.1180274927131144     
         347   1.1180274927131144     
         348   1.1180274927131144     
         349   1.1180274927131144     
         350   1.1180274927131144     
         351   1.1180274927131144     
         352   1.1180274927131144     
         353   1.1180274927131144     
         354   1.1180274927131144     
         355   1.1180274927131144     
         356   1.1180274927131144     
         357   1.1180274927131144     
         358   1.1180274927131144     
         359   1.1180274927131144     
         360   1.1180274927131144     
         361   1.1180274927131144     
         362   1.1180274927131144     
         363   1.1180274927131144     
         364   1.1180274927131144     
         365   1.1180274927131144     
         366   1.1180274927131144     
         367   1.1180274927131144     
         368   1.1180274927131144     
         369   1.1180274927131144     
         370   1.1180274927131144     
         371   1.1180274927131144     
         372   1.1180274927131144     
         373   1.1180274927131144     
         374   1.1180274927131144     
         375   1.1180274927131144     
         376   1.1180274927131144     
         377   1.1180274927131144     
         378   1.1180274927131144     
         379   1.1180274927131144     
         380   1.1180274927131144     
         381   1.1180274927131144     
         382   1.1180274927131144     
         383   1.1180274927131144     
         384   1.1180274927131144     
         385   1.1180274927131144     
         386   1.1180274927131144     
         387   1.1180274927131144     
         388   1.1180274927131144     
         389   1.1180274927131144     
         390   1.1180274927131144     
         391   1.1180274927131144     
         392   1.1180274927131144     
         393   1.1180274927131144     
         394   1.1180274927131144     
         395   1.1180274927131144     
         396   1.1180274927131144     
         397   1.1180274927131144     
         398   1.1180274927131144     
         399   1.1180274927131144     
         400   1.1180274927131144     
         401   1.1180274927131144     
         402   1.1180274927131144     
         403   1.1180274927131144     
         404   1.1180274927131144     
         405   1.1180274927131144     
         406   1.1180274927131144     
         407   1.1180274927131144     
         408   1.1180274927131144     
         409   1.1180274927131144     
         410   1.1180274927131144     
         411   1.1180274927131144     
         412   1.1180274927131144     
         413   1.1180274927131144     
         414   1.1180274927131144     
         415   1.1180274927131144     
         416   1.1180274927131144     
         417   1.1180274927131144     
         418   1.1180274927131144     
         419   1.1180274927131144     
         420   1.1180274927131144     
         421   1.1180274927131144     
         422   1.1180274927131144     
         423   1.1180274927131144     
         424   1.1180274927131144     
         425   1.1180274927131144     
         426   1.1180274927131144     
         427   1.1180274927131144     
         428   1.1180274927131144     
         429   1.1180274927131144     
         430   1.1180274927131144     
         431   1.1180274927131144     
         432   1.1180274927131144     
         433   1.1180274927131144     
         434   1.1180274927131144     
         435   1.1180274927131144     
         436   1.1180274927131144     
         437   1.1180274927131144     
         438   1.1180274927131144     
         439   1.1180274927131144     
         440   1.1180274927131144     
         441   1.1180274927131144     
         442   1.1180274927131144     
         443   1.1180274927131144     
         444   1.1180274927131144     
         445   1.1180274927131144     
         446   1.1180274927131144     
         447   1.1180274927131144     
         448   1.1180274927131144     
         449   1.1180274927131144     
         450   1.1180274927131144     
         451   1.1180274927131144     
         452   1.1180274927131144     
         453   1.1180274927131144     
         454   1.1180274927131144     
         455   1.1180274927131144     
         456   1.1180274927131144     
         457   1.1180274927131144     
         458   1.1180274927131144     
         459   1.1180274927131144     
         460   1.1180274927131144     
         461   1.1180274927131144     
         462   1.1180274927131144     
         463   1.1180274927131144     
         464   1.1180274927131144     
         465   1.1180274927131144     
         466   1.1180274927131144     
         467   1.1180274927131144     
         468   1.1180274927131144     
         469   1.1180274927131144     
         470   1.1180274927131144     
         471   1.1180274927131144     
         472   1.1180274927131144     
         473   1.1180274927131144     
         474   1.1180274927131144     
         475   1.1180274927131144     
         476   1.1180274927131144     
         477   1.1180274927131144     
         478   1.1180274927131144     
         479   1.1180274927131144     
         480   1.1180274927131144     
         481   1.1180274927131144     
         482   1.1180274927131144     
         483   1.1180274927131144     
         484   1.1180274927131144     
         485   1.1180274927131144     
         486   1.1180274927131144     
         487   1.1180274927131144     
         488   1.1180274927131144     
         489   1.1180274927131144     
         490   1.1180274927131144     
         491   1.1180274927131144     
         492   1.1180274927131144     
         493   1.1180274927131144     
         494   1.1180274927131144     
         495   1.1180274927131144     
         496   1.1180274927131144     
         497   1.1180274927131144     
         498   1.1180274927131144     
         499   1.1180274927131144     
         500   1.1180274927131144     
         501   1.1180274927131144     
         502   1.1180274927131144     
         503   1.1180274927131144     
         504   1.1180274927131144     
         505   1.1180274927131144     
         506   1.1180274927131144     
         507   1.1180274927131144     
         508   1.1180274927131144     
         509   1.1180274927131144     
         510   1.1180274927131144     
         511   1.1180274927131144     
         512   1.1180274927131144     
         513   1.1180274927131144     
         514   1.1180274927131144     
         515   1.1180274927131144     
         516   1.1180274927131144     
         517   1.1180274927131144     
         518   1.1180274927131144     
         519   1.1180274927131144     
         520   1.1180274927131144     
         521   1.1180274927131144     
         522   1.1180274927131144     
         523   1.1180274927131144     
         524   1.1180274927131144     
         525   1.1180274927131144     
         526   1.1180274927131144     
         527   1.1180274927131144     
         528   1.1180274927131144     
         529   1.1180274927131144     
         530   1.1180274927131144     
         531   1.1180274927131144     
         532   1.1180274927131144     
         533   1.1180274927131144     
         534   1.1180274927131144     
         535   1.1180274927131144     
         536   1.1180274927131144     
         537   1.1180274927131144     
         538   1.1180274927131144     
         539   1.1180274927131144     
         540   1.1180274927131144     
         541   1.1180274927131144     
         542   1.1180274927131144     
         543   1.1180274927131144     
         544   1.1180274927131144     
         545   1.1180274927131144     
         546   1.1180274927131144     
         547   1.1180274927131144     
         548   1.1180274927131144     
         549   1.1180274927131144     
         550   1.1180274927131144     
         551   1.1180274927131144     
         552   1.1180274927131144     
         553   1.1180274927131144     
         554   1.1180274927131144     
         555   1.1180274927131144     
         556   1.1180274927131144     
         557   1.1180274927131144     
         558   1.1180274927131144     
         559   1.1180274927131144     
         560   1.1180274927131144     
         561   1.1180274927131144     
         562   1.1180274927131144     
         563   1.1180274927131144     
         564   1.1180274927131144     
         565   1.1180274927131144     
         566   1.1180274927131144     
         567   1.1180274927131144     
         568   1.1180274927131144     
         569   1.1180274927131144     
         570   1.1180274927131144     
         571   1.1180274927131144     
         572   1.1180274927131144     
         573   1.1180274927131144     
         574   1.1180274927131144     
         575   1.1180274927131144     
         576   1.1180274927131144     
         577   1.1180274927131144     
         578   1.1180274927131144     
         579   1.1180274927131144     
         580   1.1180274927131144     
         581   1.1180274927131144     
         582   1.1180274927131144     
         583   1.1180274927131144     
         584   1.1180274927131144     
         585   1.1180274927131144     
         586   1.1180274927131144     
         587   1.1180274927131144     
         588   1.1180274927131144     
         589   1.1180274927131144     
         590   1.1180274927131144     
         591   1.1180274927131144     
         592   1.1180274927131144     
         593   1.1180274927131144     
         594   1.1180274927131144     
         595   1.1180274927131144     
         596   1.1180274927131144     
         597   1.1180274927131144     
         598   1.1180274927131144     
         599   1.1180274927131144     
         600   1.1180274927131144     
         601   1.1180274927131144     
         602   1.1180274927131144     
         603   1.1180274927131144     
         604   1.1180274927131144     
         605   1.1180274927131144     
         606   1.1180274927131144     
         607   1.1180274927131144     
         608   1.1180274927131144     
         609   1.1180274927131144     
         610   1.1180274927131144     
         611   1.1180274927131144     
         612   1.1180274927131144     
         613   1.1180274927131144     
         614   1.1180274927131144     
         615   1.1180274927131144     
         616   1.1180274927131144     
         617   1.1180274927131144     
         618   1.1180274927131144     
         619   1.1180274927131144     
         620   1.1180274927131144     
         621   1.1180274927131144     
         622   1.1180274927131144     
         623   1.1180274927131144     
         624   1.1180274927131144     
         625   1.1180274927131144     
         626   1.1180274927131144     
         627   1.1180274927131144     
         628   1.1180274927131144     
         629   1.1180274927131144     
         630   1.1180274927131144     
         631   1.1180274927131144     
         632   1.1180274927131144     
         633   1.1180274927131144     
         634   1.1180274927131144     
         635   1.1180274927131144     
         636   1.1180274927131144     
         637   1.1180274927131144     
         638   1.1180274927131144     
         639   1.1180274927131144     
         640   1.1180274927131144     
         641   1.1180274927131144     
         642   1.1180274927131144     
         643   1.1180274927131144     
         644   1.1180274927131144     
         645   1.1180274927131144     
         646   1.1180274927131144     
         647   1.1180274927131144     
         648   1.1180274927131144     
         649   1.1180274927131144     
         650   1.1180274927131144     
         651   1.1180274927131144     
         652   1.1180274927131144     
         653   1.1180274927131144     
         654   1.1180274927131144     
         655   1.1180274927131144     
         656   1.1180274927131144     
         657   1.1180274927131144     
         658   1.1180274927131144     
         659   1.1180274927131144     
         660   1.1180274927131144     
         661  0.39502137556890737     
         662  0.39502137556890737     
         663  0.39502137556890737     
         664  0.39502137556890737     
         665  0.39502137556890737     
         666  0.39502137556890737     
         667  0.39502137556890737     
         668  0.39502137556890737     
         669  0.39502137556890737     
         670  0.39502137556890737     
         671  0.39502137556890737     
         672  0.39502137556890737     
         673  0.39502137556890737     
         674  0.39502137556890737     
         675  0.39502137556890737     
         676  0.39502137556890737     
         677  0.39502137556890737     
         678  0.39502137556890737     
         679  0.39502137556890737     
         680  0.39502137556890737     
         681  0.39502137556890737     
         682  0.39502137556890737     
         683  0.39502137556890737     
         684  0.39502137556890737     
         685  0.39502137556890737     
         686  0.39502137556890737     
         687  0.39502137556890737     
         688  0.39502137556890737     
         689  0.39502137556890737     
         690  0.39502137556890737     
         691  0.39502137556890737     
         692  0.39502137556890737     
         693  0.39502137556890737     
         694  0.39502137556890737     
         695  0.39502137556890737     
         696  0.39502137556890737     
         697  0.39502137556890737     
         698  0.39502137556890737     
         699  0.39502137556890737     
         700  0.39502137556890737     
         701  0.39502137556890737     
         702  0.39502137556890737     
         703  0.39502137556890737     
         704  0.39502137556890737     
         705  0.39502137556890737     
         706  0.39502137556890737     
         707  0.39502137556890737     
         708  0.39502137556890737     
         709  0.39502137556890737     
         710  0.39502137556890737     
         711  0.39502137556890737     
         712  0.39502137556890737     
         713  0.39502137556890737     
         714  0.39502137556890737     
         715  0.39502137556890737     
         716  0.39502137556890737     
         717  0.39502137556890737     
         718  0.39502137556890737     
         719  0.39502137556890737     
         720  0.39502137556890737     
         721  0.39502137556890737     
         722  0.39502137556890737     
         723  0.39502137556890737     
         724  0.39502137556890737     
         725  0.39502137556890737     
         726  0.39502137556890737     
         727  0.39502137556890737     
         728  0.39502137556890737     
         729  0.39502137556890737     
         730  0.39502137556890737     
         731  0.39502137556890737     
         732  0.39502137556890737     
         733  0.39502137556890737     
         734  0.39502137556890737     
         735  0.39502137556890737     
         736  0.39502137556890737     
         737  0.39502137556890737     
         738  0.39502137556890737     
         739  0.39502137556890737     
         740  0.39502137556890737     
         741  0.39502137556890737     
         742  0.39502137556890737     
         743  0.39502137556890737     
         744  0.39502137556890737     
         745  0.39502137556890737     
         746  0.39502137556890737     
         747  0.39502137556890737     
         748  0.39502137556890737     
         749  0.39502137556890737     
         750  0.39502137556890737     
         751  0.39502137556890737     
         752  0.39502137556890737     
         753  0.39502137556890737     
         754  0.39502137556890737     
         755  0.39502137556890737     
         756  0.39502137556890737     
         757  0.39502137556890737     
         758  0.39502137556890737     
         759  0.39502137556890737     
         760  0.39502137556890737     
         761  0.39502137556890737     
         762  0.39502137556890737     
         763  0.39502137556890737     
         764  0.39502137556890737     
         765  0.39502137556890737     
         766  0.39502137556890737     
         767  0.39502137556890737     
         768  0.39502137556890737     
         769  0.39502137556890737     
         770  0.39502137556890737     
         771  0.39502137556890737     
         772  0.39502137556890737     
         773  0.39502137556890737     
         774  0.39502137556890737     
         775  0.39502137556890737     
         776  0.39502137556890737     
         777  0.39502137556890737     
         778  0.39502137556890737     
         779  0.39502137556890737     
         780  0.39502137556890737     
         781  0.39502137556890737     
         782  0.39502137556890737     
         783  0.39502137556890737     
         784  0.39502137556890737     
         785  0.39502137556890737     
         786  0.39502137556890737     
         787  0.39502137556890737     
         788  0.39502137556890737     
         789  0.39502137556890737     
         790  0.39502137556890737     
         791  0.39502137556890737     
         792  0.39502137556890737     
         793  0.39502137556890737     
         794  0.39502137556890737     
         795  0.39502137556890737     
         796  0.39502137556890737     
         797  0.39502137556890737     
         798  0.39502137556890737     
         799  0.39502137556890737     
         800  0.39502137556890737     
         801  0.39502137556890737     
         802  0.39502137556890737     
         803  0.39502137556890737     
         804  0.39502137556890737     
         805  0.39502137556890737     
         806  0.39502137556890737     
         807  0.39502137556890737     
         808  0.39502137556890737     
         809  0.39502137556890737     
         810  0.39502137556890737     
         811  0.39502137556890737     
         812  0.39502137556890737     
         813  0.39502137556890737     
         814  0.39502137556890737     
         815  0.39502137556890737     
         816  0.39502137556890737     
         817  0.39502137556890737     
         818  0.39502137556890737     
         819  0.39502137556890737     
         820  0.39502137556890737     
         821  0.39502137556890737     
         822  0.39502137556890737     
         823  0.39502137556890737     
         824  0.39502137556890737     
         825  0.39502137556890737     
         826  0.39502137556890737     
         827  0.39502137556890737     
         828  0.39502137556890737     
         829  0.39502137556890737     
         830  0.39502137556890737     
         831  0.39502137556890737     
         832  0.39502137556890737     
         833  0.39502137556890737     
         834  0.39502137556890737     
         835  0.39502137556890737     
         836  0.39502137556890737     
         837  0.39502137556890737     
         838  0.39502137556890737     
         839  0.39502137556890737     
         840  0.39502137556890737     
         841  0.39502137556890737     
         842  0.39502137556890737     
         843  0.39502137556890737     
         844  0.39502137556890737     
         845  0.39502137556890737     
         846  0.39502137556890737     
         847  0.39502137556890737     
         848  0.39502137556890737     
         849  0.39502137556890737     
         850  0.39502137556890737     
         851  0.39502137556890737     
         852  0.39502137556890737     
         853  0.39502137556890737     
         854  0.39502137556890737     
         855  0.39502137556890737     
         856  0.39502137556890737     
         857  0.39502137556890737     
         858  0.39502137556890737     
         859  0.39502137556890737     
         860  0.39502137556890737     
         861  0.39502137556890737     
         862  0.39502137556890737     
         863  0.39502137556890737     
         864  0.39502137556890737     
         865  0.39502137556890737     
         866  0.39502137556890737     
         867  0.39502137556890737     
         868  0.39502137556890737     
         869  0.39502137556890737     
         870  0.39502137556890737     
         871  0.39502137556890737     
         872  0.39502137556890737     
         873  0.39502137556890737     
         874  0.39502137556890737     
         875  0.39502137556890737     
         876  0.39502137556890737     
         877  0.39502137556890737     
         878  0.39502137556890737     
         879  0.39502137556890737     
         880  0.39502137556890737     
         881  0.39502137556890737     
         882  0.39502137556890737     
         883  0.39502137556890737     
         884  0.39502137556890737     
         885  0.39502137556890737     
         886  0.39502137556890737     
         887  0.39502137556890737     
         888  0.39502137556890737     
         889  0.39502137556890737     
         890  0.39502137556890737     
         891  0.39502137556890737     
         892  0.39502137556890737     
         893  0.39502137556890737     
         894  0.39502137556890737     
         895  0.39502137556890737     
         896  0.39502137556890737     
         897  0.39502137556890737     
         898  0.39502137556890737     
         899  0.39502137556890737     
         900  0.39502137556890737     
         901  0.39502137556890737     
         902  0.39502137556890737     
         903  0.39502137556890737     
         904  0.39502137556890737     
         905  0.39502137556890737     
         906  0.39502137556890737     
         907  0.39502137556890737     
         908  0.39502137556890737     
         909  0.39502137556890737     
         910  0.39502137556890737     
         911  0.39502137556890737     
         912  0.39502137556890737     
         913  0.39502137556890737     
         914  0.39502137556890737     
         915  0.39502137556890737     
         916  0.39502137556890737     
         917  0.39502137556890737     
         918  0.39502137556890737     
         919  0.39502137556890737     
         920  0.39502137556890737     
         921  0.39502137556890737     
         922  0.39502137556890737     
         923  0.39502137556890737     
         924  0.17802749271311491     
         925  0.17802749271311491     
         926  0.17802749271311491     
         927  0.17802749271311491     
         928  0.17802749271311491     
         929  0.17802749271311491     
         930  0.17802749271311491     
         931  0.17802749271311491     
         932  0.17802749271311491     
         933  0.17802749271311491     
         934  0.17802749271311491     
         935  0.17802749271311491     
         936  0.17802749271311491     
         937  0.17802749271311491     
         938  0.17802749271311491     
         939  0.17802749271311491     
         940  0.17802749271311491     
         941  0.17802749271311491     
         942  0.17802749271311491     
         943  0.17802749271311491     
         944  0.17802749271311491     
         945  0.17802749271311491     
         946  0.17802749271311491     
         947  0.17802749271311491     
         948  0.17802749271311491     
         949  0.17802749271311491     
         950  0.17802749271311491     
         951  0.17802749271311491     
         952  0.17802749271311491     
         953  0.17802749271311491     
         954  0.17802749271311491     
         955  0.17802749271311491     
         956  0.17802749271311491     
         957  0.17802749271311491     
         958  0.17802749271311491     
         959  0.17802749271311491     
         960  0.17802749271311491     
         961  0.17802749271311491     
         962  0.17802749271311491     
         963  0.17802749271311491     
         964  0.17802749271311491     
         965  0.17802749271311491     
         966  0.17802749271311491     
         967  0.17802749271311491     
         968  0.17802749271311491     
         969  0.17802749271311491     
         970  0.17802749271311491     
         971  0.17802749271311491     
         972  0.17802749271311491     
         973  0.17802749271311491     
         974  0.17802749271311491     
         975  0.17802749271311491     
         976  0.17802749271311491     
         977  0.17802749271311491     
         978  0.17802749271311491     
         979  0.17802749271311491     
         980  0.17802749271311491     
         981  0.17802749271311491     
         982  0.17802749271311491     
         983  0.17802749271311491     
         984  0.17802749271311491     
         985  0.17802749271311491     
         986  0.17802749271311491     
         987  0.17802749271311491     
         988  0.17802749271311491     
         989  0.17802749271311491     
         990  0.17802749271311491     
         991  0.17802749271311491     
         992  0.17802749271311491     
         993  0.17802749271311491     
         994  0.17802749271311491     
         995  0.17802749271311491     
         996  0.17802749271311491     
         997  0.17802749271311491     
         998  0.17802749271311491     
         999  0.17802749271311491     
        1000  0.17802749271311491     
        1001  0.17802749271311491     
        1002  0.17802749271311491     
        1003  0.17802749271311491     
        1004  0.17802749271311491     
        1005  0.17802749271311491     
        1006  0.17802749271311491     
        1007  0.17802749271311491     
        1008  0.17802749271311491     
        1009  0.17802749271311491     
        1010  0.17802749271311491     
        1011  0.17802749271311491     
        1012   9.9085702572502043E-002
        1013   9.9085702572502043E-002
        1014   9.9085702572502043E-002
        1015   9.9085702572502043E-002
        1016   9.9085702572502043E-002
        1017   9.9085702572502043E-002
        1018   9.9085702572502043E-002
        1019   9.9085702572502043E-002
        1020   9.9085702572502043E-002
        1021   9.9085702572502043E-002
        1022   9.9085702572502043E-002
        1023   9.9085702572502043E-002
        1024   9.9085702572502043E-002
        1025   9.9085702572502043E-002
        1026   9.9085702572502043E-002
        1027   9.9085702572502043E-002
        1028   9.9085702572502043E-002
        1029   9.9085702572502043E-002
        1030   9.9085702572502043E-002
        1031   9.9085702572502043E-002
        1032   9.9085702572502043E-002
        1033   9.9085702572502043E-002
        1034   9.9085702572502043E-002
        1035   9.9085702572502043E-002
        1036   9.9085702572502043E-002
        1037   9.9085702572502043E-002
        1038   9.9085702572502043E-002
        1039   9.9085702572502043E-002
        1040   9.9085702572502043E-002
        1041   9.9085702572502043E-002
        1042   9.9085702572502043E-002
        1043   9.9085702572502043E-002
        1044   9.9085702572502043E-002
        1045   9.9085702572502043E-002
        1046   9.9085702572502043E-002
        1047   9.9085702572502043E-002
        1048   9.9085702572502043E-002
        1049   9.9085702572502043E-002
        1050   9.9085702572502043E-002
        1051   9.9085702572502043E-002
        1052   9.9085702572502043E-002
        1053   9.9085702572502043E-002
        1054   9.9085702572502043E-002
        1055   9.9085702572502043E-002
        1056   9.9085702572502043E-002
        1057   9.9085702572502043E-002
        1058   9.9085702572502043E-002
        1059   9.9085702572502043E-002
        1060   9.9085702572502043E-002
        1061   9.9085702572502043E-002
        1062   9.9085702572502043E-002
        1063   9.9085702572502043E-002
        1064   9.9085702572502043E-002
        1065   9.9085702572502043E-002
        1066   9.9085702572502043E-002
        1067   9.9085702572502043E-002
        1068   9.9085702572502043E-002
        1069   9.9085702572502043E-002
        1070   9.9085702572502043E-002
        1071   9.9085702572502043E-002
        1072   9.9085702572502043E-002
        1073   9.9085702572502043E-002
        1074   9.9085702572502043E-002
        1075   9.9085702572502043E-002
        1076   9.9085702572502043E-002
        1077   9.9085702572502043E-002
        1078   9.9085702572502043E-002
        1079   9.9085702572502043E-002
        1080   9.9085702572502043E-002
        1081   9.9085702572502043E-002
        1082   9.9085702572502043E-002
        1083   9.9085702572502043E-002
        1084   9.9085702572502043E-002
        1085   9.9085702572502043E-002
        1086   9.9085702572502043E-002
        1087   9.9085702572502043E-002
        1088   9.9085702572502043E-002
        1089   9.9085702572502043E-002
        1090   9.9085702572502043E-002
        1091   9.9085702572502043E-002
        1092   9.9085702572502043E-002
        1093   9.9085702572502043E-002
        1094   9.9085702572502043E-002
        1095   9.9085702572502043E-002
        1096   9.9085702572502043E-002
        1097   9.9085702572502043E-002
        1098   9.9085702572502043E-002
        1099   9.9085702572502043E-002
        1100   9.9085702572502043E-002
        1101   9.9085702572502043E-002
        1102   9.9085702572502043E-002
        1103   9.9085702572502043E-002
        1104   9.9085702572502043E-002
        1105   9.9085702572502043E-002
        1106   9.9085702572502043E-002
        1107   9.9085702572502043E-002
        1108   9.9085702572502043E-002
        1109   9.9085702572502043E-002
        1110   9.9085702572502043E-002
        1111   9.9085702572502043E-002
        1112   9.9085702572502043E-002
        1113   9.9085702572502043E-002
        1114   9.9085702572502043E-002
        1115   9.9085702572502043E-002
        1116   9.9085702572502043E-002
        1117   9.9085702572502043E-002
        1118   9.9085702572502043E-002
        1119   9.9085702572502043E-002
        1120   9.9085702572502043E-002
        1121   9.9085702572502043E-002
        1122   9.9085702572502043E-002
        1123   9.9085702572502043E-002
        1124   9.9085702572502043E-002
        1125   9.9085702572502043E-002
        1126   9.9085702572502043E-002
        1127   9.9085702572502043E-002
        1128   9.9085702572502043E-002
        1129   9.9085702572502043E-002
        1130   9.9085702572502043E-002
        1131   9.9085702572502043E-002
        1132   9.9085702572502043E-002
        1133   9.9085702572502043E-002
        1134   9.9085702572502043E-002
        1135   9.9085702572502043E-002
        1136   9.9085702572502043E-002
        1137   9.9085702572502043E-002
        1138   9.9085702572502043E-002
        1139   9.9085702572502043E-002
        1140   9.9085702572502043E-002
        1141   9.9085702572502043E-002
        1142   9.9085702572502043E-002
        1143   9.9085702572502043E-002
        1144   9.9085702572502043E-002
        1145   9.9085702572502043E-002
        1146   9.9085702572502043E-002
        1147   9.9085702572502043E-002
        1148   9.9085702572502043E-002
        1149   9.9085702572502043E-002
        1150   9.9085702572502043E-002
        1151   9.9085702572502043E-002
        1152   9.9085702572502043E-002
        1153   9.9085702572502043E-002
        1154   9.9085702572502043E-002
        1155   9.9085702572502043E-002
        1156   9.9085702572502043E-002
        1157   9.9085702572502043E-002
        1158   9.9085702572502043E-002
        1159   9.9085702572502043E-002
        1160   9.9085702572502043E-002
        1161   9.9085702572502043E-002
        1162   9.9085702572502043E-002
        1163   9.9085702572502043E-002
        1164   9.9085702572502043E-002
        1165   9.9085702572502043E-002
        1166   9.9085702572502043E-002
        1167   9.9085702572502043E-002
        1168   9.9085702572502043E-002
        1169   9.9085702572502043E-002
        1170   9.9085702572502043E-002
        1171   9.9085702572502043E-002
        1172   9.9085702572502043E-002
        1173   9.9085702572502043E-002
        1174   9.9085702572502043E-002
        1175   9.9085702572502043E-002
        1176   9.9085702572502043E-002
        1177   9.9085702572502043E-002
        1178   9.9085702572502043E-002
        1179   9.9085702572502043E-002
        1180   9.9085702572502043E-002
        1181   9.9085702572502043E-002
        1182   9.9085702572502043E-002
        1183   9.9085702572502043E-002
        1184   9.9085702572502043E-002
        1185   9.9085702572502043E-002
        1186   9.9085702572502043E-002
        1187   9.9085702572502043E-002
        1188   9.9085702572502043E-002
        1189   9.9085702572502043E-002
        1190   9.9085702572502043E-002
        1191   9.9085702572502043E-002
        1192   3.9665431434567466E-002
        1193   3.9665431434567466E-002
        1194   1.9832715717283733E-002
        1195   1.9832715717283733E-002
        1196   1.9832715717283733E-002
        1197   1.9832715717283733E-002
        1198   1.9832715717283733E-002
        1199   1.9832715717283733E-002
        1200   1.9832715717283733E-002
        1201   1.9832715717283733E-002
        1202   1.9832715717283733E-002
        1203   1.9832715717283733E-002
        1204   1.9832715717283733E-002
        1205   1.9832715717283733E-002
        1206   1.9832715717283733E-002
        1207   1.9832715717283733E-002
        1208   1.9832715717283733E-002
        1209   1.9832715717283733E-002
        1210   1.9832715717283733E-002
        1211   1.9832715717283733E-002
        1212   1.9832715717283733E-002
        1213   1.9832715717283733E-002
        1214   1.9832715717283733E-002
        1215   1.9832715717283733E-002
        1216   1.9832715717283733E-002
        1217   1.9832715717283733E-002
        1218   1.9832715717283733E-002
        1219   1.9832715717283733E-002
        1220   1.9832715717283733E-002
        1221   1.9832715717283733E-002
        1222   1.9832715717283733E-002
        1223   1.9832715717283733E-002
        1224   1.9832715717283733E-002
        1225   1.9832715717283733E-002
        1226   1.9832715717283733E-002
        1227   1.9832715717283733E-002
        1228   1.9832715717283733E-002
        1229   1.9832715717283733E-002
        1230   1.9832715717283733E-002
        1231   1.9832715717283733E-002
        1232   1.9832715717283733E-002
        1233   1.9832715717283733E-002
        1234   1.9832715717283733E-002
        1235   1.9832715717283733E-002
        1236   1.9832715717283733E-002
        1237   1.9832715717283733E-002
        1238   1.9832715717283733E-002
        1239   1.9832715717283733E-002
        1240   1.9832715717283733E-002
        1241   1.9832715717283733E-002
        1242   1.9832715717283733E-002
        1243   1.9832715717283733E-002
        1244   1.9832715717283733E-002
        1245   1.9832715717283733E-002
        1246   1.9832715717283733E-002
        1247   1.9832715717283733E-002
        1248   1.9832715717283733E-002
        1249   1.9832715717283733E-002
        1250   1.9832715717283733E-002
        1251   1.9832715717283733E-002
        1252   1.9832715717283733E-002
        1253   1.9832715717283733E-002
        1254   1.9832715717283733E-002
        1255   1.9832715717283733E-002
        1256   1.9832715717283733E-002
        1257   1.9832715717283733E-002
        1258   1.9832715717283733E-002
        1259   1.9832715717283733E-002
        1260   1.9832715717283733E-002
        1261   1.9832715717283733E-002
        1262   1.9832715717283733E-002
        1263   1.9832715717283733E-002
        1264   1.9832715717283733E-002
        1265   1.9832715717283733E-002
        1266   1.9832715717283733E-002
        1267   1.9832715717283733E-002
        1268   1.9832715717283733E-002
        1269   1.9832715717283733E-002
        1270   1.9832715717283733E-002
        1271   1.9832715717283733E-002
        1272   1.9832715717283733E-002
        1273   1.9832715717283733E-002
        1274   1.9832715717283733E-002
        1275   1.9832715717283733E-002
        1276   1.9832715717283733E-002
        1277   1.9832715717283733E-002
        1278   1.9832715717283733E-002
        1279   1.9832715717283733E-002
        1280   1.9832715717283733E-002
        1281   1.9832715717283733E-002
        1282   1.9832715717283733E-002
        1283   1.9832715717283733E-002
        1284   1.9832715717283733E-002
        1285   1.9832715717283733E-002
        1286   1.9832715717283733E-002
        1287   1.9832715717283733E-002
        1288   1.9832715717283733E-002
        1289   1.9832715717283733E-002
        1290   1.9832715717283733E-002
        1291   1.9832715717283733E-002
        1292   1.9832715717283733E-002
        1293   1.9832715717283733E-002
        1294   1.9832715717283733E-002
        1295   1.9832715717283733E-002
        1296   1.9832715717283733E-002
        1297   1.9832715717283733E-002
        1298   1.9832715717283733E-002
        1299   1.9832715717283733E-002
        1300   1.9832715717283733E-002
        1301   1.9832715717283733E-002
        1302   1.9832715717283733E-002
        1303   1.9832715717283733E-002
        1304   1.9832715717283733E-002
        1305   1.9832715717283733E-002
        1306   1.9832715717283733E-002
        1307   1.9832715717283733E-002
        1308   1.9832715717283733E-002
        1309   1.9832715717283733E-002
        1310   1.9832715717283733E-002
        1311   1.9832715717283733E-002
        1312   1.9832715717283733E-002
        1313   1.9832715717283733E-002
        1314   1.9832715717283733E-002
        1315   1.9832715717283733E-002
        1316   1.9832715717283733E-002
        1317   1.9832715717283733E-002
        1318   1.9832715717283733E-002
        1319   1.9832715717283733E-002
        1320   1.9832715717283733E-002
        1321   1.9832715717283733E-002
        1322   1.9832715717283733E-002
        1323   1.9832715717283733E-002
        1324   1.9832715717283733E-002
        1325   1.9832715717283733E-002
        1326   1.9832715717283733E-002
        1327   1.9832715717283733E-002
        1328   1.9832715717283733E-002
        1329   1.9832715717283733E-002
        1330   1.9832715717283733E-002
        1331   1.9832715717283733E-002
        1332   1.9832715717283733E-002
        1333   1.9832715717283733E-002
        1334   1.9832715717283733E-002
        1335   1.9832715717283733E-002
        1336   1.9832715717283733E-002
        1337   1.9832715717283733E-002
        1338   1.9832715717283733E-002
        1339   1.9832715717283733E-002
        1340   1.9832715717283733E-002
        1341   1.9832715717283733E-002
        1342   1.9832715717283733E-002
        1343   1.9832715717283733E-002
        1344   1.9832715717283733E-002
        1345   1.9832715717283733E-002
        1346   1.9832715717283733E-002
        1347   1.9832715717283733E-002
        1348   1.9832715717283733E-002
        1349   1.9832715717283733E-002
        1350   1.9832715717283733E-002
        1351   1.9832715717283733E-002
        1352   1.9832715717283733E-002
        1353   1.9832715717283733E-002
        1354   1.9832715717283733E-002
        1355   1.9832715717283733E-002
        1356   1.9832715717283733E-002
        1357   1.9832715717283733E-002
        1358   1.9832715717283733E-002
        1359   1.9832715717283733E-002
        1360   1.9832715717283733E-002
        1361   1.9832715717283733E-002
        1362   1.9832715717283733E-002
        1363   1.9832715717283733E-002
        1364   1.9832715717283733E-002
        1365   1.9832715717283733E-002
        1366   1.9832715717283733E-002
        1367   1.9832715717283733E-002
        1368   1.9832715717283733E-002
        1369   1.9832715717283733E-002
        1370   1.9832715717283733E-002
        1371   1.9832715717283733E-002
        1372   1.9832715717283733E-002
        1373   1.9832715717283733E-002
        1374   1.9832715717283733E-002
        1375   1.9832715717283733E-002
        1376   1.9832715717283733E-002
        1377   1.9832715717283733E-002
        1378   1.9832715717283733E-002
        1379   1.9832715717283733E-002
        1380   1.9832715717283733E-002
        1381   1.9832715717283733E-002
        1382   1.9832715717283733E-002
        1383   1.9832715717283733E-002
        1384   1.9832715717283733E-002
        1385   1.9832715717283733E-002
        1386   1.9832715717283733E-002
        1387   1.9832715717283733E-002
        1388   1.9832715717283733E-002
        1389   1.9832715717283733E-002
        1390   1.9832715717283733E-002
        1391   1.9832715717283733E-002
        1392   1.9832715717283733E-002
        1393   1.9832715717283733E-002
        1394   1.9832715717283733E-002
        1395   1.9832715717283733E-002
        1396   1.9832715717283733E-002
        1397   1.9832715717283733E-002
        1398   1.9832715717283733E-002
        1399   1.9832715717283733E-002
        1400   1.9832715717283733E-002
        1401   1.9832715717283733E-002
        1402   1.9832715717283733E-002
        1403   1.9832715717283733E-002
        1404   1.9832715717283733E-002
        1405   1.9832715717283733E-002
        1406   1.9832715717283733E-002
        1407   1.9832715717283733E-002
        1408   1.9832715717283733E-002
        1409   1.9832715717283733E-002
        1410   1.9832715717283733E-002
        1411   1.9832715717283733E-002
        1412   1.9832715717283733E-002
        1413   1.9832715717283733E-002
        1414   1.9832715717283733E-002
        1415   1.9832715717283733E-002
        1416   1.9832715717283733E-002
        1417   1.9832715717283733E-002
        1418   1.9832715717283733E-002
        1419   1.9832715717283733E-002
        1420   1.9832715717283733E-002
        1421   1.9832715717283733E-002
        1422   1.9832715717283733E-002
        1423   1.9832715717283733E-002
        1424   1.9832715717283733E-002
        1425   1.9832715717283733E-002
        1426   1.9832715717283733E-002
        1427   1.9832715717283733E-002
        1428   1.9832715717283733E-002
        1429   1.9832715717283733E-002
        1430   1.9832715717283733E-002
        1431   1.9832715717283733E-002
        1432   1.9832715717283733E-002
        1433   1.9832715717283733E-002
        1434   1.9832715717283733E-002
        1435   1.9832715717283733E-002
        1436   1.9832715717283733E-002
        1437   1.9832715717283733E-002
        1438   1.9832715717283733E-002
        1439   1.9832715717283733E-002
        1440   1.9832715717283733E-002
        1441   1.9832715717283733E-002
        1442   1.9832715717283733E-002
        1443   1.9832715717283733E-002
        1444   1.9832715717283733E-002
        1445   1.9832715717283733E-002
        1446   1.9832715717283733E-002
        1447   1.9832715717283733E-002
        1448   1.9832715717283733E-002
        1449   1.9832715717283733E-002
        1450   1.9832715717283733E-002
        1451   1.9832715717283733E-002
        1452   1.9832715717283733E-002
        1453   1.9832715717283733E-002
        1454   1.9832715717283733E-002
        1455   1.9832715717283733E-002
        1456   1.9832715717283733E-002
        1457   1.9832715717283733E-002
        1458   1.9832715717283733E-002
        1459   1.9832715717283733E-002
        1460   1.9832715717283733E-002
        1461   1.9832715717283733E-002
        1462   1.9832715717283733E-002
        1463   1.9832715717283733E-002
        1464   1.9832715717283733E-002
        1465   1.9832715717283733E-002
        1466   1.9832715717283733E-002
        1467   1.9832715717283733E-002
        1468   1.9832715717283733E-002
        1469   1.9832715717283733E-002
        1470   1.9832715717283733E-002
        1471   1.9832715717283733E-002
        1472   1.9832715717283733E-002
        1473   1.9832715717283733E-002
        1474   1.9832715717283733E-002
        1475   1.9832715717283733E-002
        1476   1.9832715717283733E-002
        1477   1.9832715717283733E-002
        1478   1.9832715717283733E-002
        1479   1.9832715717283733E-002
        1480   1.9832715717283733E-002
        1481   1.9832715717283733E-002
        1482   1.9832715717283733E-002
        1483   1.9832715717283733E-002
        1484   1.9832715717283733E-002
        1485   1.9832715717283733E-002
        1486   1.9832715717283733E-002
        1487   1.9832715717283733E-002
        1488   1.9832715717283733E-002
        1489   1.9832715717283733E-002
        1490   1.9832715717283733E-002
        1491   1.9832715717283733E-002
        1492   1.9832715717283733E-002
        1493   1.9832715717283733E-002
        1494   1.9832715717283733E-002
        1495   1.9832715717283733E-002
        1496   1.9832715717283733E-002
        1497   1.9832715717283733E-002
        1498   1.9832715717283733E-002
        1499   1.9832715717283733E-002
        1500   1.9832715717283733E-002
        1501   1.9832715717283733E-002
        1502   1.9832715717283733E-002
        1503   1.9832715717283733E-002
        1504   1.9832715717283733E-002
        1505   1.9832715717283733E-002
        1506   1.9832715717283733E-002
        1507   1.9832715717283733E-002
        1508   1.9832715717283733E-002
        1509   1.9832715717283733E-002
        1510   1.9832715717283733E-002
        1511   1.9832715717283733E-002
        1512   1.9832715717283733E-002
        1513   1.9832715717283733E-002
        1514   1.9832715717283733E-002
        1515   1.9832715717283733E-002
        1516   1.9832715717283733E-002
        1517   1.9832715717283733E-002
        1518   1.9832715717283733E-002
        1519   1.9832715717283733E-002
        1520   1.9832715717283733E-002
        1521   1.9832715717283733E-002
        1522   1.9832715717283733E-002
        1523   1.9832715717283733E-002
        1524   1.9832715717283733E-002
        1525   1.9832715717283733E-002
        1526   1.9832715717283733E-002
        1527   1.9832715717283733E-002
        1528   1.9832715717283733E-002
        1529   1.9832715717283733E-002
        1530   1.9832715717283733E-002
        1531   1.9832715717283733E-002
        1532   1.9832715717283733E-002
        1533   1.9832715717283733E-002
        1534   1.9832715717283733E-002
        1535   1.9832715717283733E-002
        1536   1.9832715717283733E-002
        1537   1.9832715717283733E-002
        1538   1.9832715717283733E-002
        1539   1.9832715717283733E-002
        1540   1.9832715717283733E-002
        1541   1.9832715717283733E-002
        1542   1.9832715717283733E-002
        1543   1.9832715717283733E-002
        1544   1.9832715717283733E-002
        1545   1.9832715717283733E-002
        1546   1.9832715717283733E-002
        1547   1.9832715717283733E-002
        1548   1.9832715717283733E-002
        1549   1.9832715717283733E-002
        1550   1.9832715717283733E-002
        1551   1.9832715717283733E-002
        1552   1.9832715717283733E-002
        1553   1.9832715717283733E-002
        1554   1.9832715717283733E-002
        1555   1.9832715717283733E-002
        1556   1.9832715717283733E-002
        1557   1.9832715717283733E-002
        1558   1.9832715717283733E-002
        1559   1.9832715717283733E-002
        1560   1.9832715717283733E-002
        1561   1.9832715717283733E-002
        1562   1.9832715717283733E-002
        1563   1.9832715717283733E-002
        1564   1.9832715717283733E-002
        1565   1.9832715717283733E-002
        1566   1.9832715717283733E-002
        1567   1.9832715717283733E-002
        1568   1.9832715717283733E-002
        1569   1.9832715717283733E-002
        1570   1.9832715717283733E-002
        1571   1.9832715717283733E-002
        1572   1.9832715717283733E-002
        1573   1.9832715717283733E-002
        1574   1.9832715717283733E-002
        1575   1.9832715717283733E-002
        1576   1.9832715717283733E-002
        1577   1.9832715717283733E-002
        1578   1.9832715717283733E-002
        1579   1.9832715717283733E-002
        1580   1.9832715717283733E-002
        1581   1.9832715717283733E-002
        1582   1.9832715717283733E-002
        1583   1.9832715717283733E-002
        1584   1.9832715717283733E-002
        1585   1.9832715717283733E-002
        1586   1.9832715717283733E-002
        1587   1.9832715717283733E-002
        1588   1.9832715717283733E-002
        1589   1.9832715717283733E-002
        1590   1.9832715717283733E-002
        1591   1.9832715717283733E-002
        1592   1.9832715717283733E-002
        1593   1.9832715717283733E-002
        1594   1.9832715717283733E-002
        1595   1.9832715717283733E-002
        1596   1.9832715717283733E-002
        1597   1.9832715717283733E-002
        1598   1.9832715717283733E-002
        1599   1.9832715717283733E-002
        1600   1.9832715717283733E-002
        1601   1.9832715717283733E-002
        1602   1.9832715717283733E-002
        1603   1.9832715717283733E-002
        1604   1.9832715717283733E-002
        1605   1.9832715717283733E-002
        1606   1.9832715717283733E-002
        1607   1.9832715717283733E-002
        1608   1.9832715717283733E-002
        1609   1.9832715717283733E-002
        1610   1.9832715717283733E-002
        1611   1.9832715717283733E-002
        1612   1.9832715717283733E-002
        1613   1.9832715717283733E-002
        1614   1.9832715717283733E-002
        1615   1.9832715717283733E-002
        1616   1.9832715717283733E-002
        1617   1.9832715717283733E-002
        1618   1.9832715717283733E-002
        1619   1.9832715717283733E-002
        1620   1.9832715717283733E-002
        1621   1.9832715717283733E-002
        1622   1.9832715717283733E-002
        1623   1.9832715717283733E-002
        1624   1.9832715717283733E-002
        1625   1.9832715717283733E-002
        1626   1.9832715717283733E-002
        1627   1.9832715717283733E-002
        1628   1.9832715717283733E-002
        1629   1.9832715717283733E-002
        1630   1.9832715717283733E-002
        1631   1.9832715717283733E-002
        1632   1.9832715717283733E-002
        1633   1.9832715717283733E-002
        1634   1.9832715717283733E-002
        1635   1.9832715717283733E-002
        1636   1.9832715717283733E-002
        1637   1.9832715717283733E-002
        1638   1.9832715717283733E-002
        1639   1.9832715717283733E-002
        1640   1.9832715717283733E-002
        1641   1.9832715717283733E-002
        1642   1.9832715717283733E-002
        1643   1.9832715717283733E-002
        1644   1.9832715717283733E-002
        1645   1.9832715717283733E-002
        1646   1.9832715717283733E-002
        1647   1.9832715717283733E-002
        1648   1.9832715717283733E-002
        1649   1.9832715717283733E-002
        1650   1.9832715717283733E-002
        1651   1.9832715717283733E-002
        1652   1.9832715717283733E-002
        1653   1.9832715717283733E-002
        1654   1.9832715717283733E-002
        1655   1.9832715717283733E-002
        1656   1.9832715717283733E-002
        1657   1.9832715717283733E-002
        1658   1.9832715717283733E-002
        1659   1.9832715717283733E-002
        1660   1.9832715717283733E-002
        1661   1.9832715717283733E-002
        1662   1.9832715717283733E-002
        1663   1.9832715717283733E-002
        1664   1.9832715717283733E-002
        1665   1.9832715717283733E-002
        1666   1.9832715717283733E-002
        1667   1.9832715717283733E-002
        1668   1.9832715717283733E-002
        1669   1.9832715717283733E-002
        1670   1.9832715717283733E-002
        1671   1.9832715717283733E-002
        1672   1.9832715717283733E-002
        1673   1.9832715717283733E-002
        1674   1.9832715717283733E-002
        1675   1.9832715717283733E-002
        1676   1.9832715717283733E-002
        1677   1.9832715717283733E-002
        1678   1.9832715717283733E-002
        1679   1.9832715717283733E-002
        1680   1.9832715717283733E-002
        1681   1.9832715717283733E-002
        1682   1.9832715717283733E-002
        1683   1.9832715717283733E-002
        1684   1.9832715717283733E-002
        1685   1.9832715717283733E-002
        1686   1.9832715717283733E-002
        1687   1.9832715717283733E-002
        1688   1.9832715717283733E-002
        1689   1.9832715717283733E-002
        1690   1.9832715717283733E-002
        1691   1.9832715717283733E-002
        1692   1.9832715717283733E-002
        1693   1.9832715717283733E-002
        1694   1.9832715717283733E-002
        1695   1.9832715717283733E-002
        1696   1.9832715717283733E-002
        1697   1.9832715717283733E-002
        1698   1.9832715717283733E-002
        1699   1.9832715717283733E-002
        1700   1.9832715717283733E-002
        1701   1.9832715717283733E-002
        1702   1.9832715717283733E-002
        1703   1.9832715717283733E-002
        1704   1.9832715717283733E-002
        1705   1.9832715717283733E-002
        1706   1.9832715717283733E-002
        1707   1.9832715717283733E-002
        1708   1.9832715717283733E-002
        1709   1.9832715717283733E-002
        1710   1.9832715717283733E-002
        1711   1.9832715717283733E-002
        1712   1.9832715717283733E-002
        1713   1.9832715717283733E-002
        1714   1.9832715717283733E-002
        1715   1.9832715717283733E-002
        1716   1.9832715717283733E-002
        1717   1.9832715717283733E-002
        1718   1.9832715717283733E-002
        1719   1.9832715717283733E-002
        1720   1.9832715717283733E-002
        1721   1.9832715717283733E-002
        1722   1.9832715717283733E-002
        1723   1.9832715717283733E-002
        1724   1.9832715717283733E-002
        1725   1.9832715717283733E-002
        1726   1.9832715717283733E-002
        1727   1.9832715717283733E-002
        1728   1.9832715717283733E-002
        1729   1.9832715717283733E-002
        1730   1.9832715717283733E-002
        1731   1.9832715717283733E-002
        1732   1.9832715717283733E-002
        1733   1.9832715717283733E-002
        1734   1.9832715717283733E-002
        1735   1.9832715717283733E-002
        1736   1.9832715717283733E-002
        1737   1.9832715717283733E-002
        1738   1.9832715717283733E-002
        1739   1.9832715717283733E-002
        1740   1.9832715717283733E-002
        1741   1.9832715717283733E-002
        1742   1.9832715717283733E-002
        1743   1.9832715717283733E-002
        1744   1.9832715717283733E-002
        1745   1.9832715717283733E-002
        1746   1.9832715717283733E-002
        1747   1.9832715717283733E-002
        1748   1.9832715717283733E-002
        1749   1.9832715717283733E-002
        1750   1.9832715717283733E-002
        1751   1.9832715717283733E-002
        1752   1.9832715717283733E-002
        1753   1.9832715717283733E-002
        1754   1.9832715717283733E-002
        1755   1.9832715717283733E-002
        1756   1.9832715717283733E-002
        1757   1.9832715717283733E-002
        1758   1.9832715717283733E-002
        1759   1.9832715717283733E-002
        1760   1.9832715717283733E-002
        1761   1.9832715717283733E-002
        1762   1.9832715717283733E-002
        1763   1.9832715717283733E-002
        1764   1.9832715717283733E-002
        1765   1.9832715717283733E-002
        1766   1.9832715717283733E-002
        1767   1.9832715717283733E-002
        1768   1.9832715717283733E-002
        1769   1.9832715717283733E-002
        1770   1.9832715717283733E-002
        1771   1.9832715717283733E-002
        1772   1.9832715717283733E-002
        1773   1.9832715717283733E-002
        1774   1.9832715717283733E-002
        1775   1.9832715717283733E-002
        1776   1.9832715717283733E-002
        1777   1.9832715717283733E-002
        1778   1.9832715717283733E-002
        1779   1.9832715717283733E-002
        1780   1.9832715717283733E-002
        1781   1.9832715717283733E-002
        1782   1.9832715717283733E-002
        1783   1.9832715717283733E-002
        1784   1.9832715717283733E-002
        1785   1.9832715717283733E-002
        1786   1.9832715717283733E-002
        1787   1.9832715717283733E-002
        1788   1.9832715717283733E-002
        1789   1.9832715717283733E-002
        1790   1.9832715717283733E-002
        1791   1.9832715717283733E-002
        1792   1.9832715717283733E-002
        1793   1.9832715717283733E-002
        1794   1.9832715717283733E-002
        1795   1.9832715717283733E-002
        1796   1.9832715717283733E-002
        1797   1.9832715717283733E-002
        1798   1.9832715717283733E-002
        1799   1.9832715717283733E-002
        1800   1.9832715717283733E-002
        1801   1.9832715717283733E-002
        1802   1.9832715717283733E-002
        1803   1.9832715717283733E-002
        1804   1.9832715717283733E-002
        1805   1.9832715717283733E-002
        1806   1.9832715717283733E-002
        1807   1.9832715717283733E-002
        1808   1.9832715717283733E-002
        1809   1.9832715717283733E-002
        1810   1.9832715717283733E-002
        1811   1.9832715717283733E-002
        1812   1.9832715717283733E-002
        1813   1.9832715717283733E-002
        1814   1.9832715717283733E-002
        1815   1.9832715717283733E-002
        1816   1.9832715717283733E-002
        1817   1.9832715717283733E-002
        1818   1.9832715717283733E-002
        1819   1.9832715717283733E-002
        1820   1.9832715717283733E-002
        1821   1.9832715717283733E-002
        1822   1.9832715717283733E-002
        1823   1.9832715717283733E-002
        1824   1.9832715717283733E-002
        1825   1.9832715717283733E-002
        1826   1.9832715717283733E-002
        1827   1.9832715717283733E-002
        1828   1.9832715717283733E-002
        1829   1.9832715717283733E-002
        1830   1.9832715717283733E-002
        1831   1.9832715717283733E-002
        1832   1.9832715717283733E-002
        1833   1.9832715717283733E-002
        1834   1.9832715717283733E-002
        1835   1.9832715717283733E-002
        1836   1.9832715717283733E-002
        1837   1.9832715717283733E-002
        1838   1.9832715717283733E-002
        1839   1.9832715717283733E-002
        1840   1.9832715717283733E-002
        1841   1.9832715717283733E-002
        1842   1.9832715717283733E-002
        1843   1.9832715717283733E-002
        1844   1.9832715717283733E-002
        1845   1.9832715717283733E-002
        1846   1.9832715717283733E-002
        1847   1.9832715717283733E-002
        1848   1.9832715717283733E-002
        1849   1.9832715717283733E-002
        1850   1.9832715717283733E-002
        1851   1.9832715717283733E-002
        1852   1.9832715717283733E-002
        1853   1.9832715717283733E-002
        1854   1.9832715717283733E-002
        1855   1.9832715717283733E-002
        1856   1.9832715717283733E-002
        1857   1.9832715717283733E-002
        1858   1.9832715717283733E-002
        1859   1.9832715717283733E-002
        1860   1.9832715717283733E-002
        1861   1.9832715717283733E-002
        1862   1.9832715717283733E-002
        1863   1.9832715717283733E-002
        1864   1.9832715717283733E-002
        1865   1.9832715717283733E-002
        1866   1.9832715717283733E-002
        1867   1.9832715717283733E-002
        1868   1.9832715717283733E-002
        1869   1.9832715717283733E-002
        1870   1.9832715717283733E-002
        1871   1.9832715717283733E-002
        1872   1.9832715717283733E-002
        1873   1.9832715717283733E-002
        1874   1.9832715717283733E-002
        1875   1.9832715717283733E-002
        1876   1.9832715717283733E-002
        1877   1.9832715717283733E-002
        1878   1.9832715717283733E-002
        1879   1.9832715717283733E-002
        1880   1.9832715717283733E-002
        1881   1.9832715717283733E-002
        1882   1.9832715717283733E-002
        1883   1.9832715717283733E-002
        1884   1.9832715717283733E-002
        1885   1.9832715717283733E-002
        1886   1.9832715717283733E-002
        1887   1.9832715717283733E-002
        1888   1.9832715717283733E-002
        1889   1.9832715717283733E-002
        1890   1.9832715717283733E-002
        1891   1.9832715717283733E-002
        1892   1.9832715717283733E-002
        1893   1.9832715717283733E-002
        1894   1.9832715717283733E-002
        1895   1.9832715717283733E-002
        1896   1.9832715717283733E-002
        1897   1.9832715717283733E-002
        1898   1.9832715717283733E-002
        1899   1.9832715717283733E-002
        1900   1.9832715717283733E-002
        1901   1.9832715717283733E-002
        1902   1.9832715717283733E-002
        1903   1.9832715717283733E-002
        1904   1.9832715717283733E-002
        1905   1.9832715717283733E-002
        1906   1.9832715717283733E-002
        1907   1.9832715717283733E-002
        1908   1.9832715717283733E-002
        1909   1.9832715717283733E-002
        1910   1.9832715717283733E-002
        1911   1.9832715717283733E-002
        1912   1.9832715717283733E-002
        1913   1.9832715717283733E-002
        1914   1.9832715717283733E-002
        1915   1.9832715717283733E-002
        1916   1.9832715717283733E-002
        1917   1.9832715717283733E-002
        1918   1.9832715717283733E-002
        1919   1.9832715717283733E-002
        1920   1.9832715717283733E-002
        1921   1.9832715717283733E-002
        1922   1.9832715717283733E-002
        1923   1.9832715717283733E-002
        1924   1.9832715717283733E-002
        1925   1.9832715717283733E-002
        1926   1.9832715717283733E-002
        1927   1.9832715717283733E-002
        1928   1.9832715717283733E-002
        1929   1.9832715717283733E-002
        1930   1.9832715717283733E-002
        1931   1.9832715717283733E-002
        1932   1.9832715717283733E-002
        1933   1.9832715717283733E-002
        1934   1.9832715717283733E-002
        1935   1.9832715717283733E-002
        1936   1.9832715717283733E-002
        1937   1.9832715717283733E-002
        1938   1.9832715717283733E-002
        1939   1.9832715717283733E-002
        1940   1.9832715717283733E-002
        1941   1.9832715717283733E-002
        1942   1.9832715717283733E-002
        1943   1.9832715717283733E-002
        1944   1.9832715717283733E-002
        1945   1.9832715717283733E-002
        1946   1.9832715717283733E-002
        1947   1.9832715717283733E-002
        1948   1.9832715717283733E-002
        1949   1.9832715717283733E-002
        1950   1.9832715717283733E-002
        1951   1.9832715717283733E-002
        1952   1.9832715717283733E-002
        1953   1.9832715717283733E-002
        1954   1.9832715717283733E-002
        1955   1.9832715717283733E-002
        1956   1.9832715717283733E-002
        1957   1.9832715717283733E-002
        1958   1.9832715717283733E-002
        1959   1.9832715717283733E-002
        1960   1.9832715717283733E-002
        1961   1.9832715717283733E-002
        1962   1.9832715717283733E-002
        1963   1.9832715717283733E-002
        1964   1.9832715717283733E-002
        1965   1.9832715717283733E-002
        1966   1.9832715717283733E-002
        1967   1.9832715717283733E-002
        1968   1.9832715717283733E-002
        1969   1.9832715717283733E-002
        1970   1.9832715717283733E-002
        1971   1.9832715717283733E-002
        1972   1.9832715717283733E-002
        1973   1.9832715717283733E-002
        1974   1.9832715717283733E-002
        1975   1.9832715717283733E-002
        1976   1.9832715717283733E-002
        1977   1.9832715717283733E-002
        1978   1.9832715717283733E-002
        1979   1.9832715717283733E-002
        1980   1.9832715717283733E-002
        1981   1.9832715717283733E-002
        1982   1.9832715717283733E-002
        1983   1.9832715717283733E-002
        1984   1.9832715717283733E-002
        1985   1.9832715717283733E-002
        1986   1.9832715717283733E-002
        1987   1.9832715717283733E-002
        1988   1.9832715717283733E-002
        1989   1.9832715717283733E-002
        1990   1.9832715717283733E-002
        1991   1.9832715717283733E-002
        1992   1.9832715717283733E-002
        1993   1.9832715717283733E-002
        1994   1.9832715717283733E-002
        1995   1.9832715717283733E-002
        1996   1.9832715717283733E-002
        1997   1.9832715717283733E-002
        1998   1.9832715717283733E-002
        1999   1.9832715717283733E-002
        2000   1.9832715717283733E-002
        2001   1.9832715717283733E-002
        2002   1.9832715717283733E-002
        2003   1.9832715717283733E-002
        2004   1.9832715717283733E-002
        2005   1.9832715717283733E-002
        2006   1.9832715717283733E-002
        2007   1.9832715717283733E-002
        2008   1.9832715717283733E-002
        2009   1.9832715717283733E-002
        2010   1.9832715717283733E-002
        2011   1.9832715717283733E-002
        2012   1.9832715717283733E-002
        2013   1.9832715717283733E-002
        2014   1.9832715717283733E-002
        2015   1.9832715717283733E-002
        2016   1.9832715717283733E-002
        2017   1.9832715717283733E-002
        2018   1.9832715717283733E-002
        2019   1.9832715717283733E-002
        2020   1.9832715717283733E-002
        2021   1.9832715717283733E-002
        2022   1.9832715717283733E-002
        2023   1.9832715717283733E-002
        2024   1.9832715717283733E-002
        2025   1.9832715717283733E-002
        2026   1.9832715717283733E-002
        2027   1.9832715717283733E-002
        2028   1.9832715717283733E-002
        2029   1.9832715717283733E-002
        2030   1.9832715717283733E-002
        2031   1.9832715717283733E-002
        2032   1.9832715717283733E-002
        2033   1.9832715717283733E-002
        2034   1.9832715717283733E-002
        2035   1.9832715717283733E-002
        2036   1.9832715717283733E-002
        2037   1.9832715717283733E-002
        2038   1.9832715717283733E-002
        2039   1.9832715717283733E-002
        2040   1.9832715717283733E-002
        2041   1.9832715717283733E-002
        2042   1.9832715717283733E-002
        2043   1.9832715717283733E-002
        2044   1.9832715717283733E-002
        2045   1.9832715717283733E-002
        2046   1.9832715717283733E-002
        2047   1.9832715717283733E-002
        2048   1.9832715717283733E-002
        2049   1.9832715717283733E-002
        2050   1.9832715717283733E-002
        2051   1.9832715717283733E-002
        2052   1.9832715717283733E-002
        2053   1.9832715717283733E-002
        2054   1.9832715717283733E-002
        2055   1.9832715717283733E-002
        2056   1.9832715717283733E-002
        2057   1.9832715717283733E-002
        2058   1.9832715717283733E-002
        2059   1.9832715717283733E-002
        2060   1.9832715717283733E-002
        2061   1.9832715717283733E-002
        2062   1.9832715717283733E-002
        2063   1.9832715717283733E-002
        2064   1.9832715717283733E-002
        2065   1.9832715717283733E-002
        2066   1.9832715717283733E-002
        2067   1.9832715717283733E-002
        2068   1.9832715717283733E-002
        2069   1.9832715717283733E-002
        2070   1.9832715717283733E-002
        2071   1.9832715717283733E-002
        2072   1.9832715717283733E-002
        2073   1.9832715717283733E-002
        2074   1.9832715717283733E-002
        2075   1.9832715717283733E-002
        2076   1.9832715717283733E-002
        2077   1.9832715717283733E-002
        2078   1.9832715717283733E-002
        2079   1.9832715717283733E-002
        2080   1.9832715717283733E-002
        2081   1.9832715717283733E-002
        2082   1.9832715717283733E-002
        2083   1.9832715717283733E-002
        2084   1.9832715717283733E-002
        2085   1.9832715717283733E-002
        2086   1.9832715717283733E-002
        2087   1.9832715717283733E-002
        2088   1.9832715717283733E-002
        2089   1.9832715717283733E-002
        2090   1.9832715717283733E-002
        2091   1.9832715717283733E-002
        2092   1.9832715717283733E-002
        2093   1.9832715717283733E-002
        2094   1.9832715717283733E-002
        2095   1.9832715717283733E-002
        2096   1.9832715717283733E-002
        2097   1.9832715717283733E-002
        2098   1.9832715717283733E-002
        2099   1.9832715717283733E-002
        2100   1.9832715717283733E-002
        2101   1.9832715717283733E-002
        2102   1.9832715717283733E-002
        2103   1.9832715717283733E-002
        2104   1.9832715717283733E-002
        2105   1.9832715717283733E-002
        2106   1.9832715717283733E-002
        2107   1.9832715717283733E-002
        2108   1.9832715717283733E-002
        2109   1.9832715717283733E-002
        2110   1.9832715717283733E-002
        2111   1.9832715717283733E-002
        2112   1.9832715717283733E-002
        2113   1.9832715717283733E-002
        2114   1.9832715717283733E-002
        2115   1.9832715717283733E-002
        2116   1.9832715717283733E-002
        2117   1.9832715717283733E-002
        2118   1.9832715717283733E-002
        2119   1.9832715717283733E-002
        2120   1.9832715717283733E-002
        2121   1.9832715717283733E-002
        2122   1.9832715717283733E-002
        2123   1.9832715717283733E-002
        2124   1.9832715717283733E-002
        2125   1.9832715717283733E-002
        2126   1.9832715717283733E-002
        2127   1.9832715717283733E-002
        2128   1.9832715717283733E-002
        2129   1.9832715717283733E-002
        2130   1.9832715717283733E-002
        2131   1.9832715717283733E-002
        2132   1.9832715717283733E-002
        2133   1.9832715717283733E-002
        2134   1.9832715717283733E-002
        2135   1.9832715717283733E-002
        2136   1.9832715717283733E-002
        2137   1.9832715717283733E-002
        2138   1.9832715717283733E-002
        2139   1.9832715717283733E-002
        2140   1.9832715717283733E-002
        2141   1.9832715717283733E-002
        2142   1.9832715717283733E-002
        2143   1.9832715717283733E-002
        2144   1.9832715717283733E-002
        2145   1.9832715717283733E-002
        2146   1.9832715717283733E-002
        2147   1.9832715717283733E-002
        2148   1.9832715717283733E-002
        2149   1.9832715717283733E-002
        2150   1.9832715717283733E-002
        2151   1.9832715717283733E-002
        2152   1.9832715717283733E-002
        2153   1.9832715717283733E-002
        2154   1.9832715717283733E-002
        2155   1.9832715717283733E-002
        2156   1.9832715717283733E-002
        2157   1.9832715717283733E-002
        2158   1.9832715717283733E-002
        2159   1.9832715717283733E-002
        2160   1.9832715717283733E-002
        2161   1.9832715717283733E-002
        2162   1.9832715717283733E-002
        2163   1.9832715717283733E-002
        2164   1.9832715717283733E-002
        2165   1.9832715717283733E-002
        2166   1.9832715717283733E-002
        2167   1.9832715717283733E-002
        2168   1.9832715717283733E-002
        2169   1.9832715717283733E-002
        2170   1.9832715717283733E-002
        2171   1.9832715717283733E-002
        2172   1.9832715717283733E-002
        2173   1.9832715717283733E-002
        2174   1.9832715717283733E-002
        2175   1.9832715717283733E-002
        2176   1.9832715717283733E-002
        2177   1.9832715717283733E-002
        2178   1.9832715717283733E-002
        2179   1.9832715717283733E-002
        2180   1.9832715717283733E-002
        2181   1.9832715717283733E-002
        2182   1.9832715717283733E-002
        2183   1.9832715717283733E-002
        2184   1.9832715717283733E-002
        2185   1.9832715717283733E-002
        2186   1.9832715717283733E-002
        2187   1.9832715717283733E-002
        2188   1.9832715717283733E-002
        2189   1.9832715717283733E-002
        2190   1.9832715717283733E-002
        2191   1.9832715717283733E-002
        2192   1.9832715717283733E-002
        2193   1.9832715717283733E-002
        2194   1.9832715717283733E-002
        2195   1.9832715717283733E-002
        2196   1.9832715717283733E-002
        2197   1.9832715717283733E-002
        2198   1.9832715717283733E-002
        2199   1.9832715717283733E-002
        2200   1.9832715717283733E-002
        2201   1.9832715717283733E-002
        2202   1.9832715717283733E-002
        2203   1.9832715717283733E-002
        2204   1.9832715717283733E-002
        2205   1.9832715717283733E-002
        2206   1.9832715717283733E-002
        2207   1.9832715717283733E-002
        2208   1.9832715717283733E-002
        2209   1.9832715717283733E-002
        2210   1.9832715717283733E-002
        2211   1.9832715717283733E-002
        2212   1.9832715717283733E-002
        2213   1.9832715717283733E-002
        2214   1.9832715717283733E-002
        2215   1.9832715717283733E-002
        2216   1.9832715717283733E-002
        2217   1.9832715717283733E-002
        2218   1.9832715717283733E-002
        2219   1.9832715717283733E-002
        2220   1.9832715717283733E-002
        2221   1.9832715717283733E-002
        2222   1.9832715717283733E-002
        2223   1.9832715717283733E-002
        2224   1.9832715717283733E-002
        2225   1.9832715717283733E-002
        2226   1.9832715717283733E-002
        2227   1.9832715717283733E-002
        2228   1.9832715717283733E-002
        2229   1.9832715717283733E-002
        2230   1.9832715717283733E-002
        2231   1.9832715717283733E-002
        2232   1.9832715717283733E-002
        2233   1.9832715717283733E-002
        2234   1.9832715717283733E-002
        2235   1.9832715717283733E-002
        2236   1.9832715717283733E-002
        2237   1.9832715717283733E-002
        2238   1.9832715717283733E-002
        2239   1.9832715717283733E-002
        2240   1.9832715717283733E-002
        2241   1.9832715717283733E-002
        2242   1.9832715717283733E-002
        2243   1.9832715717283733E-002
        2244   1.9832715717283733E-002
        2245   1.9832715717283733E-002
        2246   1.9832715717283733E-002
        2247   1.9832715717283733E-002
        2248   1.9832715717283733E-002
        2249   1.9832715717283733E-002
        2250   1.9832715717283733E-002
        2251   1.9832715717283733E-002
        2252   1.9832715717283733E-002
        2253   1.9832715717283733E-002
        2254   1.9832715717283733E-002
        2255   1.9832715717283733E-002
        2256   1.9832715717283733E-002
        2257   1.9832715717283733E-002
        2258   1.9832715717283733E-002
        2259   1.9832715717283733E-002
        2260   1.9832715717283733E-002
        2261   1.9832715717283733E-002
        2262   1.9832715717283733E-002
        2263   1.9832715717283733E-002
        2264   1.9832715717283733E-002
        2265   1.9832715717283733E-002
        2266   1.9832715717283733E-002
        2267   1.9832715717283733E-002
        2268   1.9832715717283733E-002
        2269   1.9832715717283733E-002
        2270   1.9832715717283733E-002
        2271   1.9832715717283733E-002
        2272   1.9832715717283733E-002
        2273   1.9832715717283733E-002
        2274   1.9832715717283733E-002
        2275   1.9832715717283733E-002
        2276   1.9832715717283733E-002
        2277   1.9832715717283733E-002
        2278   1.9832715717283733E-002
        2279   1.9832715717283733E-002
        2280   1.9832715717283733E-002
        2281   1.9832715717283733E-002
        2282   1.9832715717283733E-002
        2283   1.9832715717283733E-002
        2284   1.9832715717283733E-002
        2285   1.9832715717283733E-002
        2286   1.9832715717283733E-002
        2287   1.9832715717283733E-002
        2288   1.9832715717283733E-002
        2289   1.9832715717283733E-002
        2290   1.9832715717283733E-002
        2291   1.9832715717283733E-002
        2292   1.9832715717283733E-002
        2293   1.9832715717283733E-002
        2294   1.9832715717283733E-002
        2295   1.9832715717283733E-002
        2296   1.9832715717283733E-002
        2297   1.9832715717283733E-002
        2298   1.9832715717283733E-002
        2299   1.9832715717283733E-002
        2300   1.9832715717283733E-002
        2301   1.9832715717283733E-002
        2302   1.9832715717283733E-002
        2303   1.9832715717283733E-002
        2304   1.9832715717283733E-002
        2305   1.9832715717283733E-002
        2306   1.9832715717283733E-002
        2307   1.9832715717283733E-002
        2308   1.9832715717283733E-002
        2309   1.9832715717283733E-002
        2310   1.9832715717283733E-002
        2311   1.9832715717283733E-002
        2312   1.9832715717283733E-002
        2313   1.9832715717283733E-002
        2314   1.9832715717283733E-002
        2315   1.9832715717283733E-002
        2316   1.9832715717283733E-002
        2317   1.9832715717283733E-002
        2318   1.9832715717283733E-002
        2319   1.9832715717283733E-002
        2320   1.9832715717283733E-002
        2321   1.9832715717283733E-002
        2322   1.9832715717283733E-002
        2323   1.9832715717283733E-002
        2324   1.9832715717283733E-002
        2325   1.9832715717283733E-002
        2326   1.9832715717283733E-002
        2327   1.9832715717283733E-002
        2328   1.9832715717283733E-002
        2329   1.9832715717283733E-002
        2330   1.9832715717283733E-002
        2331   1.9832715717283733E-002
        2332   1.9832715717283733E-002
        2333   1.9832715717283733E-002
        2334   1.9832715717283733E-002
        2335   1.9832715717283733E-002
        2336   1.9832715717283733E-002
        2337   1.9832715717283733E-002
        2338   1.9832715717283733E-002
        2339   1.9832715717283733E-002
        2340   1.9832715717283733E-002
        2341   1.9832715717283733E-002
        2342   1.9832715717283733E-002
        2343   1.9832715717283733E-002
        2344   1.9832715717283733E-002
        2345   1.9832715717283733E-002
        2346   1.9832715717283733E-002
        2347   1.9832715717283733E-002
        2348   1.9832715717283733E-002
        2349   1.9832715717283733E-002
        2350   1.9832715717283733E-002
        2351   1.9832715717283733E-002
        2352   1.9832715717283733E-002
        2353   1.9832715717283733E-002
        2354   1.9832715717283733E-002
        2355   1.9832715717283733E-002
        2356   1.9832715717283733E-002
        2357   1.9832715717283733E-002
        2358   1.9832715717283733E-002
        2359   1.9832715717283733E-002
        2360   1.9832715717283733E-002
        2361   1.9832715717283733E-002
        2362   1.9832715717283733E-002
        2363   1.9832715717283733E-002
        2364   1.9832715717283733E-002
        2365   1.9832715717283733E-002
        2366   1.9832715717283733E-002
        2367   1.9832715717283733E-002
        2368   1.9832715717283733E-002
        2369   1.9832715717283733E-002
        2370   1.9832715717283733E-002
        2371   1.9832715717283733E-002
        2372   1.9832715717283733E-002
        2373   1.9832715717283733E-002
        2374   1.9832715717283733E-002
        2375   1.9832715717283733E-002
        2376   1.9832715717283733E-002
        2377   1.9832715717283733E-002
        2378   1.9832715717283733E-002
        2379   1.9832715717283733E-002
        2380   1.9832715717283733E-002
        2381   1.9832715717283733E-002
        2382   1.9832715717283733E-002
        2383   1.9832715717283733E-002
        2384   1.9832715717283733E-002
        2385   1.9832715717283733E-002
        2386   0.0000000000000000     
