           1   17.395961304364427     
           2   16.295938332463152     
           3   12.320442225466735     
           4   6.0755984449642035     
           5   2.1416035298311655     
           6   2.1416035298311655     
           7   2.1416035298311655     
           8   2.1416035298311655     
           9   2.1416035298311655     
          10   2.1416035298311655     
          11   1.3550213755689100     
          12   1.3550213755689100     
          13   1.3550213755689100     
          14   1.3550213755689100     
          15   1.3550213755689100     
          16   1.3550213755689100     
          17   1.3550213755689100     
          18   1.3550213755689100     
          19   1.3550213755689100     
          20   1.3550213755689100     
          21   1.3550213755689100     
          22   1.3550213755689100     
          23   1.3550213755689100     
          24   1.3550213755689100     
          25   1.3550213755689100     
          26   1.3550213755689100     
          27   1.3550213755689100     
          28   1.3550213755689100     
          29   1.3550213755689100     
          30   1.3550213755689100     
          31   1.3550213755689100     
          32   1.3550213755689100     
          33   1.3550213755689100     
          34   1.3550213755689100     
          35   1.3550213755689100     
          36   1.3550213755689100     
          37   1.3550213755689100     
          38   1.3550213755689100     
          39  0.80770322576215037     
          40  0.80770322576215037     
          41  0.49379588142680397     
          42  0.49379588142680397     
          43  0.49379588142680397     
          44  0.49379588142680397     
          45  0.49379588142680397     
          46  0.49379588142680397     
          47  0.49379588142680397     
          48  0.49379588142680397     
          49  0.49379588142680397     
          50  0.49379588142680397     
          51  0.49379588142680397     
          52  0.49379588142680397     
          53  0.49379588142680397     
          54  0.49379588142680397     
          55  0.49379588142680397     
          56  0.49379588142680397     
          57  0.49379588142680397     
          58  0.49379588142680397     
          59  0.49379588142680397     
          60  0.49379588142680397     
          61  0.49379588142680397     
          62  0.49379588142680397     
          63  0.49379588142680397     
          64  0.49379588142680397     
          65  0.49379588142680397     
          66  0.49379588142680397     
          67  0.49379588142680397     
          68  0.49379588142680397     
          69  0.49379588142680397     
          70  0.49379588142680397     
          71  0.49379588142680397     
          72  0.49379588142680397     
          73  0.49379588142680397     
          74  0.49379588142680397     
          75  0.49379588142680397     
          76  0.49379588142680397     
          77  0.49379588142680397     
          78  0.49379588142680397     
          79  0.49379588142680397     
          80  0.49379588142680397     
          81  0.49379588142680397     
          82  0.49379588142680397     
          83  0.49379588142680397     
          84  0.49379588142680397     
          85  0.49379588142680397     
          86  0.49379588142680397     
          87  0.49379588142680397     
          88  0.49379588142680397     
          89  0.49379588142680397     
          90  0.49379588142680397     
          91  0.49379588142680397     
          92  0.49379588142680397     
          93  0.49379588142680397     
          94  0.49379588142680397     
          95  0.49379588142680397     
          96  0.49379588142680397     
          97  0.49379588142680397     
          98  0.49379588142680397     
          99  0.49379588142680397     
         100  0.49379588142680397     
         101  0.49379588142680397     
         102  0.49379588142680397     
         103  0.49379588142680397     
         104  0.49379588142680397     
         105  0.49379588142680397     
         106  0.49379588142680397     
         107  0.49379588142680397     
         108  0.49379588142680397     
         109  0.49379588142680397     
         110  0.49379588142680397     
         111  0.49379588142680397     
         112  0.49379588142680397     
         113  0.49379588142680397     
         114  0.49379588142680397     
         115  0.49379588142680397     
         116  0.49379588142680397     
         117  0.49379588142680397     
         118  0.49379588142680397     
         119  0.49379588142680397     
         120  0.49379588142680397     
         121  0.49379588142680397     
         122  0.49379588142680397     
         123  0.49379588142680397     
         124  0.49379588142680397     
         125  0.49379588142680397     
         126  0.49379588142680397     
         127  0.49379588142680397     
         128  0.49379588142680397     
         129  0.49379588142680397     
         130  0.49379588142680397     
         131  0.49379588142680397     
         132  0.49379588142680397     
         133  0.49379588142680397     
         134  0.49379588142680397     
         135  0.49379588142680397     
         136  0.49379588142680397     
         137  0.49379588142680397     
         138  0.49379588142680397     
         139  0.49379588142680397     
         140  0.49379588142680397     
         141  0.49379588142680397     
         142  0.49379588142680397     
         143  0.49379588142680397     
         144  0.49379588142680397     
         145  0.49379588142680397     
         146  0.49379588142680397     
         147  0.49379588142680397     
         148  0.49379588142680397     
         149  0.49379588142680397     
         150  0.49379588142680397     
         151  0.49379588142680397     
         152  0.49379588142680397     
         153  0.49379588142680397     
         154  0.49379588142680397     
         155  0.49379588142680397     
         156  0.49379588142680397     
         157  0.49379588142680397     
         158  0.49379588142680397     
         159  0.49379588142680397     
         160  0.49379588142680397     
         161  0.49379588142680397     
         162  0.49379588142680397     
         163  0.49379588142680397     
         164  0.49379588142680397     
         165  0.49379588142680397     
         166  0.49379588142680397     
         167  0.49379588142680397     
         168  0.49379588142680397     
         169  0.49379588142680397     
         170  0.49379588142680397     
         171  0.49379588142680397     
         172  0.49379588142680397     
         173  0.49379588142680397     
         174  0.49379588142680397     
         175  0.49379588142680397     
         176  0.49379588142680397     
         177  0.49379588142680397     
         178  0.49379588142680397     
         179  0.49379588142680397     
         180  0.49379588142680397     
         181  0.49379588142680397     
         182  0.49379588142680397     
         183  0.49379588142680397     
         184  0.49379588142680397     
         185  0.49379588142680397     
         186  0.49379588142680397     
         187  0.49379588142680397     
         188  0.49379588142680397     
         189  0.49379588142680397     
         190  0.49379588142680397     
         191  0.49379588142680397     
         192  0.49379588142680397     
         193  0.49379588142680397     
         194  0.49379588142680397     
         195  0.49379588142680397     
         196  0.49379588142680397     
         197  0.49379588142680397     
         198  0.49379588142680397     
         199  0.49379588142680397     
         200  0.49379588142680397     
         201  0.49379588142680397     
         202  0.49379588142680397     
         203  0.49379588142680397     
         204  0.49379588142680397     
         205  0.49379588142680397     
         206  0.49379588142680397     
         207  0.49379588142680397     
         208  0.49379588142680397     
         209  0.49379588142680397     
         210  0.49379588142680397     
         211  0.49379588142680397     
         212  0.49379588142680397     
         213  0.49379588142680397     
         214  0.49379588142680397     
         215  0.49379588142680397     
         216  0.49379588142680397     
         217  0.49379588142680397     
         218  0.49379588142680397     
         219  0.49379588142680397     
         220  0.49379588142680397     
         221  0.49379588142680397     
         222  0.49379588142680397     
         223  0.49379588142680397     
         224  0.49379588142680397     
         225  0.49379588142680397     
         226  0.49379588142680397     
         227  0.49379588142680397     
         228  0.49379588142680397     
         229  0.49379588142680397     
         230  0.49379588142680397     
         231  0.49379588142680397     
         232  0.49379588142680397     
         233  0.49379588142680397     
         234  0.49379588142680397     
         235  0.49379588142680397     
         236  0.49379588142680397     
         237  0.49379588142680397     
         238  0.49379588142680397     
         239  0.49379588142680397     
         240  0.49379588142680397     
         241  0.49379588142680397     
         242  0.49379588142680397     
         243  0.49379588142680397     
         244  0.49379588142680397     
         245  0.49379588142680397     
         246  0.49379588142680397     
         247  0.49379588142680397     
         248  0.49379588142680397     
         249  0.49379588142680397     
         250  0.49379588142680397     
         251  0.49379588142680397     
         252  0.49379588142680397     
         253  0.49379588142680397     
         254  0.49379588142680397     
         255  0.49379588142680397     
         256  0.49379588142680397     
         257  0.49379588142680397     
         258  0.49379588142680397     
         259  0.49379588142680397     
         260  0.25728047956833322     
         261  0.17802749271311491     
         262  0.17802749271311491     
         263  0.17802749271311491     
         264  0.17802749271311491     
         265  0.17802749271311491     
         266  0.17802749271311491     
         267  0.17802749271311491     
         268  0.17802749271311491     
         269  0.17802749271311491     
         270  0.17802749271311491     
         271  0.17802749271311491     
         272  0.17802749271311491     
         273  0.17802749271311491     
         274  0.17802749271311491     
         275  0.17802749271311491     
         276  0.17802749271311491     
         277  0.17802749271311491     
         278  0.17802749271311491     
         279  0.17802749271311491     
         280  0.17802749271311491     
         281  0.17802749271311491     
         282  0.17802749271311491     
         283  0.17802749271311491     
         284  0.17802749271311491     
         285  0.17802749271311491     
         286  0.17802749271311491     
         287  0.17802749271311491     
         288  0.17802749271311491     
         289  0.17802749271311491     
         290  0.17802749271311491     
         291  0.17802749271311491     
         292  0.17802749271311491     
         293  0.17802749271311491     
         294  0.17802749271311491     
         295  0.17802749271311491     
         296  0.17802749271311491     
         297  0.17802749271311491     
         298  0.17802749271311491     
         299  0.17802749271311491     
         300  0.17802749271311491     
         301  0.17802749271311491     
         302  0.17802749271311491     
         303  0.17802749271311491     
         304  0.17802749271311491     
         305  0.17802749271311491     
         306  0.17802749271311491     
         307  0.17802749271311491     
         308  0.17802749271311491     
         309  0.17802749271311491     
         310  0.17802749271311491     
         311  0.17802749271311491     
         312  0.17802749271311491     
         313   1.9832715717283733E-002
         314   1.9832715717283733E-002
         315   1.9832715717283733E-002
         316   1.9832715717283733E-002
         317   1.9832715717283733E-002
         318   1.9832715717283733E-002
         319   1.9832715717283733E-002
         320   1.9832715717283733E-002
         321   1.9832715717283733E-002
         322   1.9832715717283733E-002
         323   1.9832715717283733E-002
         324   1.9832715717283733E-002
         325   1.9832715717283733E-002
         326   1.9832715717283733E-002
         327   1.9832715717283733E-002
         328   1.9832715717283733E-002
         329   1.9832715717283733E-002
         330   1.9832715717283733E-002
         331   1.9832715717283733E-002
         332   1.9832715717283733E-002
         333   1.9832715717283733E-002
         334   1.9832715717283733E-002
         335   1.9832715717283733E-002
         336   1.9832715717283733E-002
         337   1.9832715717283733E-002
         338   1.9832715717283733E-002
         339   1.9832715717283733E-002
         340   1.9832715717283733E-002
         341   1.9832715717283733E-002
         342   1.9832715717283733E-002
         343   1.9832715717283733E-002
         344   1.9832715717283733E-002
         345   1.9832715717283733E-002
         346   1.9832715717283733E-002
         347   1.9832715717283733E-002
         348   1.9832715717283733E-002
         349   1.9832715717283733E-002
         350   1.9832715717283733E-002
         351   1.9832715717283733E-002
         352   1.9832715717283733E-002
         353   1.9832715717283733E-002
         354   1.9832715717283733E-002
         355   1.9832715717283733E-002
         356   1.9832715717283733E-002
         357   1.9832715717283733E-002
         358   1.9832715717283733E-002
         359   1.9832715717283733E-002
         360   1.9832715717283733E-002
         361   1.9832715717283733E-002
         362   1.9832715717283733E-002
         363   1.9832715717283733E-002
         364   1.9832715717283733E-002
         365   1.9832715717283733E-002
         366   1.9832715717283733E-002
         367   1.9832715717283733E-002
         368   1.9832715717283733E-002
         369   1.9832715717283733E-002
         370   1.9832715717283733E-002
         371   1.9832715717283733E-002
         372   1.9832715717283733E-002
         373   1.9832715717283733E-002
         374   0.0000000000000000     
