           1   8.4800000000000153E-002
           2   8.4800000000000153E-002
           3   8.4800000000000153E-002
           4   8.4800000000000153E-002
           5   8.4800000000000153E-002
           6   8.4800000000000153E-002
           7   8.4800000000000153E-002
           8   8.4800000000000153E-002
           9   8.4800000000000153E-002
          10   8.4800000000000153E-002
          11   8.4800000000000153E-002
          12   8.4800000000000153E-002
          13   2.6500000000000062E-002
          14   2.6500000000000062E-002
          15   2.6500000000000062E-002
          16   2.6500000000000062E-002
          17   2.6500000000000062E-002
          18   2.6500000000000062E-002
          19   2.6500000000000062E-002
          20   2.6500000000000062E-002
          21   2.6500000000000062E-002
          22   2.6000000000000065E-002
          23   2.6000000000000065E-002
          24   2.6000000000000065E-002
          25   2.6000000000000065E-002
          26   2.6000000000000065E-002
          27   2.6000000000000065E-002
          28   2.6000000000000065E-002
          29   2.6000000000000065E-002
          30   2.6000000000000065E-002
          31   2.6000000000000065E-002
          32   2.6000000000000065E-002
          33   2.6000000000000065E-002
          34   2.6000000000000065E-002
          35   2.6000000000000065E-002
          36   2.6000000000000065E-002
          37   2.6000000000000065E-002
          38   2.6000000000000065E-002
          39   2.6000000000000065E-002
          40   2.6000000000000065E-002
          41   2.6000000000000065E-002
          42   2.6000000000000065E-002
          43   2.6000000000000065E-002
          44   2.6000000000000065E-002
          45   2.6000000000000065E-002
          46   2.6000000000000065E-002
          47   2.6000000000000065E-002
          48   2.5600000000000046E-002
          49   2.5600000000000046E-002
          50   2.5600000000000046E-002
          51   2.5600000000000046E-002
          52   1.6900000000000009E-002
          53   1.6900000000000009E-002
          54   1.6900000000000009E-002
          55   1.6900000000000009E-002
          56   1.6900000000000009E-002
          57   1.5300000000000041E-002
          58   1.5300000000000041E-002
          59   1.5300000000000041E-002
          60   1.5300000000000041E-002
          61   1.5300000000000041E-002
          62   1.5300000000000041E-002
          63   1.5300000000000041E-002
          64   1.5300000000000041E-002
          65   1.5300000000000041E-002
          66   1.5300000000000041E-002
          67   1.5300000000000041E-002
          68   1.5300000000000041E-002
          69   1.5300000000000041E-002
          70   1.5300000000000041E-002
          71   1.5300000000000041E-002
          72   1.5300000000000041E-002
          73   1.5300000000000041E-002
          74   1.5300000000000041E-002
          75   1.5300000000000041E-002
          76   1.5300000000000041E-002
          77   1.5300000000000041E-002
          78   1.5300000000000041E-002
          79   1.5300000000000041E-002
          80   1.5300000000000041E-002
          81   1.5300000000000041E-002
          82   1.5300000000000041E-002
          83   1.5300000000000041E-002
          84   1.5300000000000041E-002
          85   1.5300000000000041E-002
          86   1.5300000000000041E-002
          87   1.5300000000000041E-002
          88   1.5300000000000041E-002
          89   1.5300000000000041E-002
          90   1.5300000000000041E-002
          91   1.5300000000000041E-002
          92   1.5300000000000041E-002
          93   1.5300000000000041E-002
          94   1.5300000000000041E-002
          95   1.5300000000000041E-002
          96   1.5300000000000041E-002
          97   1.5300000000000041E-002
          98   1.5300000000000041E-002
          99   1.5300000000000041E-002
         100   1.5300000000000041E-002
         101   1.5300000000000041E-002
         102   1.5300000000000041E-002
         103   1.5300000000000041E-002
         104   1.5300000000000041E-002
         105   1.5300000000000041E-002
         106   1.5300000000000041E-002
         107   1.5300000000000041E-002
         108   1.5300000000000041E-002
         109   1.5300000000000041E-002
         110   1.5300000000000041E-002
         111   1.5300000000000041E-002
         112   1.5300000000000041E-002
         113   1.5300000000000041E-002
         114   1.5300000000000041E-002
         115   1.5300000000000041E-002
         116   1.5300000000000041E-002
         117   1.5300000000000041E-002
         118   1.5300000000000041E-002
         119   1.5300000000000041E-002
         120   1.5300000000000041E-002
         121   1.5300000000000041E-002
         122   1.5300000000000041E-002
         123   1.5300000000000041E-002
         124   1.5300000000000041E-002
         125   1.5300000000000041E-002
         126   1.5300000000000041E-002
         127   1.5300000000000041E-002
         128   1.5300000000000041E-002
         129   1.5300000000000041E-002
         130   1.5300000000000041E-002
         131   1.5300000000000041E-002
         132   1.5300000000000041E-002
         133   1.5300000000000041E-002
         134   1.5300000000000041E-002
         135   1.5300000000000041E-002
         136   1.5300000000000041E-002
         137   1.5300000000000041E-002
         138   1.5300000000000041E-002
         139   1.5300000000000041E-002
         140   1.5300000000000041E-002
         141   1.5300000000000041E-002
         142   1.5300000000000041E-002
         143   1.5300000000000041E-002
         144   1.5300000000000041E-002
         145   1.5300000000000041E-002
         146   1.5300000000000041E-002
         147   1.5300000000000041E-002
         148   1.5300000000000041E-002
         149   1.5300000000000041E-002
         150   1.5300000000000041E-002
         151   1.5300000000000041E-002
         152   1.5300000000000041E-002
         153   1.5300000000000041E-002
         154   1.5300000000000041E-002
         155   1.5300000000000041E-002
         156   1.5300000000000041E-002
         157   1.5300000000000041E-002
         158   1.5300000000000041E-002
         159   1.5300000000000041E-002
         160   1.5300000000000041E-002
         161   1.5300000000000041E-002
         162   1.5300000000000041E-002
         163   1.5300000000000041E-002
         164   1.5300000000000041E-002
         165   1.5300000000000041E-002
         166   1.5300000000000041E-002
         167   1.5300000000000041E-002
         168   1.5300000000000041E-002
         169   1.5300000000000041E-002
         170   1.5300000000000041E-002
         171   1.5300000000000041E-002
         172   1.5300000000000041E-002
         173   1.5300000000000041E-002
         174   1.5300000000000041E-002
         175   1.5300000000000041E-002
         176   1.5300000000000041E-002
         177   1.5300000000000041E-002
         178   1.5300000000000041E-002
         179   1.5300000000000041E-002
         180   1.5300000000000041E-002
         181   1.5300000000000041E-002
         182   1.5300000000000041E-002
         183   1.5300000000000041E-002
         184   1.5300000000000041E-002
         185   1.5300000000000041E-002
         186   1.5300000000000041E-002
         187   1.5300000000000041E-002
         188   1.5300000000000041E-002
         189   1.5300000000000041E-002
         190   1.5300000000000041E-002
         191   1.5300000000000041E-002
         192   1.5300000000000041E-002
         193   1.5300000000000041E-002
         194   1.5300000000000041E-002
         195   1.5300000000000041E-002
         196   1.5300000000000041E-002
         197   1.5300000000000041E-002
         198   1.5300000000000041E-002
         199   1.5300000000000041E-002
         200   1.5300000000000041E-002
         201   1.5300000000000041E-002
         202   1.5300000000000041E-002
         203   1.5300000000000041E-002
         204   1.5300000000000041E-002
         205   1.5300000000000041E-002
         206   1.5300000000000041E-002
         207   1.5300000000000041E-002
         208   1.5300000000000041E-002
         209   1.5300000000000041E-002
         210   1.5300000000000041E-002
         211   1.5300000000000041E-002
         212   1.5300000000000041E-002
         213   1.5300000000000041E-002
         214   1.5300000000000041E-002
         215   1.5300000000000041E-002
         216   1.5300000000000041E-002
         217   1.5300000000000041E-002
         218   1.5300000000000041E-002
         219   1.5300000000000041E-002
         220   1.5300000000000041E-002
         221   1.5300000000000041E-002
         222   1.5300000000000041E-002
         223   1.5300000000000041E-002
         224   1.5300000000000041E-002
         225   1.5300000000000041E-002
         226   1.5300000000000041E-002
         227   1.5300000000000041E-002
         228   1.5300000000000041E-002
         229   1.5300000000000041E-002
         230   1.5300000000000041E-002
         231   1.5300000000000041E-002
         232   1.5300000000000041E-002
         233   1.5300000000000041E-002
         234   1.5300000000000041E-002
         235   1.5300000000000041E-002
         236   1.5300000000000041E-002
         237   1.5300000000000041E-002
         238   1.5300000000000041E-002
         239   1.5300000000000041E-002
         240   1.5300000000000041E-002
         241   1.5300000000000041E-002
         242   1.5300000000000041E-002
         243   1.5300000000000041E-002
         244   1.5300000000000041E-002
         245   1.5300000000000041E-002
         246   1.5300000000000041E-002
         247   1.5300000000000041E-002
         248   1.5300000000000041E-002
         249   1.5300000000000041E-002
         250   1.5300000000000041E-002
         251   1.5300000000000041E-002
         252   1.5300000000000041E-002
         253   1.5300000000000041E-002
         254   1.5300000000000041E-002
         255   1.5300000000000041E-002
         256   1.5300000000000041E-002
         257   1.5300000000000041E-002
         258   1.5300000000000041E-002
         259   1.5300000000000041E-002
         260   1.5300000000000041E-002
         261   1.5300000000000041E-002
         262   1.5300000000000041E-002
         263   1.5300000000000041E-002
         264   1.5300000000000041E-002
         265   1.5300000000000041E-002
         266   1.5300000000000041E-002
         267   1.5300000000000041E-002
         268   1.5300000000000041E-002
         269   1.5300000000000041E-002
         270   1.5300000000000041E-002
         271   1.5300000000000041E-002
         272   1.5300000000000041E-002
         273   1.5300000000000041E-002
         274   1.5300000000000041E-002
         275   1.5300000000000041E-002
         276   1.5300000000000041E-002
         277   1.5300000000000041E-002
         278   1.5300000000000041E-002
         279   1.5300000000000041E-002
         280   1.5300000000000041E-002
         281   1.5300000000000041E-002
         282   1.5300000000000041E-002
         283   1.5300000000000041E-002
         284   1.5300000000000041E-002
         285   1.5300000000000041E-002
         286   1.5300000000000041E-002
         287   1.5300000000000041E-002
         288   1.5300000000000041E-002
         289   1.5300000000000041E-002
         290   1.5300000000000041E-002
         291   1.5300000000000041E-002
         292   1.5300000000000041E-002
         293   1.5300000000000041E-002
         294   1.5300000000000041E-002
         295   1.5300000000000041E-002
         296   1.5300000000000041E-002
         297   1.5300000000000041E-002
         298   1.5300000000000041E-002
         299   1.5300000000000041E-002
         300   1.5300000000000041E-002
         301   1.5300000000000041E-002
         302   1.5300000000000041E-002
         303   1.5300000000000041E-002
         304   1.5300000000000041E-002
         305   1.5300000000000041E-002
         306   1.5300000000000041E-002
         307   1.5300000000000041E-002
         308   1.5300000000000041E-002
         309   1.5300000000000041E-002
         310   1.5300000000000041E-002
         311   1.5300000000000041E-002
         312   1.5300000000000041E-002
         313   1.5300000000000041E-002
         314   1.5300000000000041E-002
         315   1.5300000000000041E-002
         316   1.5300000000000041E-002
         317   1.3000000000000086E-002
         318   1.3000000000000086E-002
         319   1.3000000000000086E-002
         320   1.3000000000000086E-002
         321   1.3000000000000086E-002
         322   1.3000000000000086E-002
         323   1.3000000000000086E-002
         324   1.3000000000000086E-002
         325   1.3000000000000086E-002
         326   1.3000000000000086E-002
         327   1.3000000000000086E-002
         328   1.3000000000000086E-002
         329   1.3000000000000086E-002
         330   1.3000000000000086E-002
         331   1.3000000000000086E-002
         332   1.3000000000000086E-002
         333   1.3000000000000086E-002
         334   1.3000000000000086E-002
         335   1.3000000000000086E-002
         336   1.3000000000000086E-002
         337   1.3000000000000086E-002
         338   1.3000000000000086E-002
         339   1.3000000000000086E-002
         340   1.3000000000000086E-002
         341   1.3000000000000086E-002
         342   1.3000000000000086E-002
         343   1.3000000000000086E-002
         344   1.3000000000000086E-002
         345   1.3000000000000086E-002
         346   1.3000000000000086E-002
         347   1.3000000000000086E-002
         348   1.3000000000000086E-002
         349   1.3000000000000086E-002
         350   1.3000000000000086E-002
         351   1.3000000000000086E-002
         352   1.3000000000000086E-002
         353   1.3000000000000086E-002
         354   1.3000000000000086E-002
         355   1.3000000000000086E-002
         356   1.3000000000000086E-002
         357   1.3000000000000086E-002
         358   1.3000000000000086E-002
         359   1.3000000000000086E-002
         360   1.3000000000000086E-002
         361   1.3000000000000086E-002
         362   1.3000000000000086E-002
         363   1.3000000000000086E-002
         364   1.3000000000000086E-002
         365   1.3000000000000086E-002
         366   1.3000000000000086E-002
         367   1.3000000000000086E-002
         368   1.3000000000000086E-002
         369   1.3000000000000086E-002
         370   1.3000000000000086E-002
         371   1.3000000000000086E-002
         372   1.3000000000000086E-002
         373   1.3000000000000086E-002
         374   1.3000000000000086E-002
         375   1.3000000000000086E-002
         376   1.3000000000000086E-002
         377   1.3000000000000086E-002
         378   1.3000000000000086E-002
         379   1.3000000000000086E-002
         380   1.3000000000000086E-002
         381   1.3000000000000086E-002
         382   1.3000000000000086E-002
         383   1.3000000000000086E-002
         384   1.3000000000000086E-002
         385   1.3000000000000086E-002
         386   1.3000000000000086E-002
         387   1.3000000000000086E-002
         388   1.3000000000000086E-002
         389   1.3000000000000086E-002
         390   1.3000000000000086E-002
         391   1.3000000000000086E-002
         392   1.3000000000000086E-002
         393   1.3000000000000086E-002
         394   1.3000000000000086E-002
         395   1.3000000000000086E-002
         396   1.3000000000000086E-002
         397   1.3000000000000086E-002
         398   1.3000000000000086E-002
         399   1.3000000000000086E-002
         400   1.3000000000000086E-002
         401   1.3000000000000086E-002
         402   1.3000000000000086E-002
         403   1.3000000000000086E-002
         404   1.3000000000000086E-002
         405   1.3000000000000086E-002
         406   1.3000000000000086E-002
         407   1.3000000000000086E-002
         408   1.3000000000000086E-002
         409   1.3000000000000086E-002
         410   1.3000000000000086E-002
         411   1.3000000000000086E-002
         412   1.3000000000000086E-002
         413   1.3000000000000086E-002
         414   1.3000000000000086E-002
         415   1.3000000000000086E-002
         416   1.3000000000000086E-002
         417   1.3000000000000086E-002
         418   1.3000000000000086E-002
         419   1.3000000000000086E-002
         420   1.3000000000000086E-002
         421   1.3000000000000086E-002
         422   1.3000000000000086E-002
         423   1.3000000000000086E-002
         424   1.3000000000000086E-002
         425   1.3000000000000086E-002
         426   1.3000000000000086E-002
         427   1.3000000000000086E-002
         428   1.3000000000000086E-002
         429   1.3000000000000086E-002
         430   1.3000000000000086E-002
         431   1.3000000000000086E-002
         432   1.3000000000000086E-002
         433   1.3000000000000086E-002
         434   1.3000000000000086E-002
         435   1.3000000000000086E-002
         436   1.3000000000000086E-002
         437   1.3000000000000086E-002
         438   1.3000000000000086E-002
         439   1.3000000000000086E-002
         440   1.3000000000000086E-002
         441   1.3000000000000086E-002
         442   1.3000000000000086E-002
         443   1.3000000000000086E-002
         444   1.3000000000000086E-002
         445   1.3000000000000086E-002
         446   1.3000000000000086E-002
         447   1.3000000000000086E-002
         448   1.3000000000000086E-002
         449   1.3000000000000086E-002
         450   1.3000000000000086E-002
         451   1.3000000000000086E-002
         452   1.3000000000000086E-002
         453   1.3000000000000086E-002
         454   1.3000000000000086E-002
         455   1.3000000000000086E-002
         456   1.3000000000000086E-002
         457   1.3000000000000086E-002
         458   1.3000000000000086E-002
         459   1.3000000000000086E-002
         460   1.3000000000000086E-002
         461   1.3000000000000086E-002
         462   1.3000000000000086E-002
         463   1.3000000000000086E-002
         464   1.3000000000000086E-002
         465   1.3000000000000086E-002
         466   1.3000000000000086E-002
         467   1.3000000000000086E-002
         468   1.3000000000000086E-002
         469   1.3000000000000086E-002
         470   1.3000000000000086E-002
         471   1.3000000000000086E-002
         472   1.3000000000000086E-002
         473   1.3000000000000086E-002
         474   1.3000000000000086E-002
         475   1.3000000000000086E-002
         476   1.3000000000000086E-002
         477   1.3000000000000086E-002
         478   1.3000000000000086E-002
         479   1.3000000000000086E-002
         480   1.3000000000000086E-002
         481   1.3000000000000086E-002
         482   1.3000000000000086E-002
         483   1.3000000000000086E-002
         484   1.3000000000000086E-002
         485   1.3000000000000086E-002
         486   1.3000000000000086E-002
         487   1.3000000000000086E-002
         488   1.3000000000000086E-002
         489   1.3000000000000086E-002
         490   1.3000000000000086E-002
         491   1.3000000000000086E-002
         492   1.3000000000000086E-002
         493   1.3000000000000086E-002
         494   1.3000000000000086E-002
         495   1.3000000000000086E-002
         496   1.3000000000000086E-002
         497   1.3000000000000086E-002
         498   1.3000000000000086E-002
         499   1.3000000000000086E-002
         500   1.3000000000000086E-002
         501   1.3000000000000086E-002
         502   1.3000000000000086E-002
         503   1.3000000000000086E-002
         504   1.3000000000000086E-002
         505   1.3000000000000086E-002
         506   1.3000000000000086E-002
         507   1.3000000000000086E-002
         508   1.3000000000000086E-002
         509   1.3000000000000086E-002
         510   1.3000000000000086E-002
         511   1.3000000000000086E-002
         512   1.3000000000000086E-002
         513   1.3000000000000086E-002
         514   1.3000000000000086E-002
         515   1.3000000000000086E-002
         516   1.3000000000000086E-002
         517   1.3000000000000086E-002
         518   1.3000000000000086E-002
         519   1.3000000000000086E-002
         520   1.3000000000000086E-002
         521   1.3000000000000086E-002
         522   1.3000000000000086E-002
         523   1.3000000000000086E-002
         524   1.3000000000000086E-002
         525   1.3000000000000086E-002
         526   1.3000000000000086E-002
         527   1.3000000000000086E-002
         528   1.3000000000000086E-002
         529   1.3000000000000086E-002
         530   1.3000000000000086E-002
         531   1.3000000000000086E-002
         532   1.3000000000000086E-002
         533   1.3000000000000086E-002
         534   1.3000000000000086E-002
         535   1.3000000000000086E-002
         536   1.3000000000000086E-002
         537   1.3000000000000086E-002
         538   1.3000000000000086E-002
         539   1.3000000000000086E-002
         540   1.3000000000000086E-002
         541   1.3000000000000086E-002
         542   1.3000000000000086E-002
         543   1.3000000000000086E-002
         544   1.3000000000000086E-002
         545   1.3000000000000086E-002
         546   1.3000000000000086E-002
         547   1.3000000000000086E-002
         548   1.3000000000000086E-002
         549   1.3000000000000086E-002
         550   1.3000000000000086E-002
         551   1.3000000000000086E-002
         552   1.3000000000000086E-002
         553   1.3000000000000086E-002
         554   1.3000000000000086E-002
         555   1.3000000000000086E-002
         556   1.3000000000000086E-002
         557   1.3000000000000086E-002
         558   1.3000000000000086E-002
         559   1.3000000000000086E-002
         560   1.3000000000000086E-002
         561   1.3000000000000086E-002
         562   1.3000000000000086E-002
         563   1.3000000000000086E-002
         564   1.3000000000000086E-002
         565   1.3000000000000086E-002
         566   1.3000000000000086E-002
         567   1.3000000000000086E-002
         568   1.3000000000000086E-002
         569   1.3000000000000086E-002
         570   1.3000000000000086E-002
         571   1.3000000000000086E-002
         572   1.3000000000000086E-002
         573   1.3000000000000086E-002
         574   1.3000000000000086E-002
         575   1.3000000000000086E-002
         576   1.3000000000000086E-002
         577   1.3000000000000086E-002
         578   1.3000000000000086E-002
         579   1.3000000000000086E-002
         580   1.3000000000000086E-002
         581   1.3000000000000086E-002
         582   1.3000000000000086E-002
         583   1.3000000000000086E-002
         584   1.3000000000000086E-002
         585   1.3000000000000086E-002
         586   1.3000000000000086E-002
         587   1.3000000000000086E-002
         588   1.3000000000000086E-002
         589   1.3000000000000086E-002
         590   1.3000000000000086E-002
         591   1.3000000000000086E-002
         592   1.3000000000000086E-002
         593   1.3000000000000086E-002
         594   1.3000000000000086E-002
         595   1.3000000000000086E-002
         596   1.3000000000000086E-002
         597   1.3000000000000086E-002
         598   1.3000000000000086E-002
         599   1.3000000000000086E-002
         600   1.3000000000000086E-002
         601   1.3000000000000086E-002
         602   1.3000000000000086E-002
         603   1.3000000000000086E-002
         604   1.3000000000000086E-002
         605   1.3000000000000086E-002
         606   1.3000000000000086E-002
         607   1.3000000000000086E-002
         608   1.3000000000000086E-002
         609   1.3000000000000086E-002
         610   1.3000000000000086E-002
         611   1.3000000000000086E-002
         612   1.3000000000000086E-002
         613   1.3000000000000086E-002
         614   1.3000000000000086E-002
         615   1.3000000000000086E-002
         616   1.3000000000000086E-002
         617   1.3000000000000086E-002
         618   1.3000000000000086E-002
         619   1.3000000000000086E-002
         620   1.3000000000000086E-002
         621   1.3000000000000086E-002
         622   1.3000000000000086E-002
         623   1.3000000000000086E-002
         624   1.3000000000000086E-002
         625   1.3000000000000086E-002
         626   1.3000000000000086E-002
         627   1.3000000000000086E-002
         628   1.3000000000000086E-002
         629   1.3000000000000086E-002
         630   1.3000000000000086E-002
         631   1.3000000000000086E-002
         632   1.3000000000000086E-002
         633   1.3000000000000086E-002
         634   1.3000000000000086E-002
         635   1.3000000000000086E-002
         636   1.3000000000000086E-002
         637   1.3000000000000086E-002
         638   1.3000000000000086E-002
         639   1.3000000000000086E-002
         640   1.3000000000000086E-002
         641   1.3000000000000086E-002
         642   1.3000000000000086E-002
         643   1.3000000000000086E-002
         644   1.3000000000000086E-002
         645   1.3000000000000086E-002
         646   1.3000000000000086E-002
         647   1.3000000000000086E-002
         648   1.3000000000000086E-002
         649   1.3000000000000086E-002
         650   1.3000000000000086E-002
         651   1.3000000000000086E-002
         652   1.3000000000000086E-002
         653   1.3000000000000086E-002
         654   1.3000000000000086E-002
         655   1.3000000000000086E-002
         656   1.3000000000000086E-002
         657   1.3000000000000086E-002
         658   1.3000000000000086E-002
         659   1.3000000000000086E-002
         660   1.3000000000000086E-002
         661   1.3000000000000086E-002
         662   1.3000000000000086E-002
         663   1.3000000000000086E-002
         664   1.3000000000000086E-002
         665   1.3000000000000086E-002
         666   1.3000000000000086E-002
         667   1.3000000000000086E-002
         668   1.3000000000000086E-002
         669   1.3000000000000086E-002
         670   1.3000000000000086E-002
         671   1.3000000000000086E-002
         672   1.3000000000000086E-002
         673   1.3000000000000086E-002
         674   1.3000000000000086E-002
         675   1.3000000000000086E-002
         676   1.3000000000000086E-002
         677   1.3000000000000086E-002
         678   1.3000000000000086E-002
         679   1.3000000000000086E-002
         680   1.3000000000000086E-002
         681   1.3000000000000086E-002
         682   1.3000000000000086E-002
         683   1.3000000000000086E-002
         684   1.3000000000000086E-002
         685   1.3000000000000086E-002
         686   1.3000000000000086E-002
         687   1.3000000000000086E-002
         688   1.3000000000000086E-002
         689   1.3000000000000086E-002
         690   1.3000000000000086E-002
         691   1.3000000000000086E-002
         692   1.3000000000000086E-002
         693   1.3000000000000086E-002
         694   1.3000000000000086E-002
         695   1.3000000000000086E-002
         696   1.3000000000000086E-002
         697   1.3000000000000086E-002
         698   1.3000000000000086E-002
         699   1.3000000000000086E-002
         700   1.3000000000000086E-002
         701   1.3000000000000086E-002
         702   1.3000000000000086E-002
         703   1.3000000000000086E-002
         704   1.3000000000000086E-002
         705   1.3000000000000086E-002
         706   1.3000000000000086E-002
         707   1.3000000000000086E-002
         708   1.3000000000000086E-002
         709   1.3000000000000086E-002
         710   1.3000000000000086E-002
         711   1.3000000000000086E-002
         712   1.3000000000000086E-002
         713   1.3000000000000086E-002
         714   1.3000000000000086E-002
         715   1.3000000000000086E-002
         716   1.3000000000000086E-002
         717   1.3000000000000086E-002
         718   1.3000000000000086E-002
         719   1.3000000000000086E-002
         720   1.3000000000000086E-002
         721   1.3000000000000086E-002
         722   1.3000000000000086E-002
         723   1.3000000000000086E-002
         724   1.3000000000000086E-002
         725   1.3000000000000086E-002
         726   1.3000000000000086E-002
         727   1.3000000000000086E-002
         728   1.3000000000000086E-002
         729   1.3000000000000086E-002
         730   1.3000000000000086E-002
         731   1.3000000000000086E-002
         732   1.3000000000000086E-002
         733   1.3000000000000086E-002
         734   1.3000000000000086E-002
         735   1.3000000000000086E-002
         736   1.3000000000000086E-002
         737   1.3000000000000086E-002
         738   1.3000000000000086E-002
         739   1.3000000000000086E-002
         740   1.3000000000000086E-002
         741   1.3000000000000086E-002
         742   1.3000000000000086E-002
         743   1.3000000000000086E-002
         744   1.3000000000000086E-002
         745   1.3000000000000086E-002
         746   1.3000000000000086E-002
         747   1.3000000000000086E-002
         748   1.3000000000000086E-002
         749   1.3000000000000086E-002
         750   1.3000000000000086E-002
         751   1.3000000000000086E-002
         752   1.3000000000000086E-002
         753   1.3000000000000086E-002
         754   1.3000000000000086E-002
         755   1.3000000000000086E-002
         756   1.3000000000000086E-002
         757   1.3000000000000086E-002
         758   1.3000000000000086E-002
         759   1.3000000000000086E-002
         760   1.3000000000000086E-002
         761   1.3000000000000086E-002
         762   1.3000000000000086E-002
         763   1.3000000000000086E-002
         764   1.3000000000000086E-002
         765   1.3000000000000086E-002
         766   1.3000000000000086E-002
         767   1.3000000000000086E-002
         768   1.3000000000000086E-002
         769   1.3000000000000086E-002
         770   1.3000000000000086E-002
         771   1.3000000000000086E-002
         772   1.3000000000000086E-002
         773   1.3000000000000086E-002
         774   1.3000000000000086E-002
         775   1.3000000000000086E-002
         776   1.3000000000000086E-002
         777   1.3000000000000086E-002
         778   1.3000000000000086E-002
         779   1.3000000000000086E-002
         780   1.3000000000000086E-002
         781   1.3000000000000086E-002
         782   1.3000000000000086E-002
         783   1.3000000000000086E-002
         784   1.3000000000000086E-002
         785   1.3000000000000086E-002
         786   1.3000000000000086E-002
         787   1.3000000000000086E-002
         788   1.3000000000000086E-002
         789   1.3000000000000086E-002
         790   1.3000000000000086E-002
         791   1.3000000000000086E-002
         792   1.3000000000000086E-002
         793   1.3000000000000086E-002
         794   1.3000000000000086E-002
         795   1.3000000000000086E-002
         796   1.3000000000000086E-002
         797   1.3000000000000086E-002
         798   1.3000000000000086E-002
         799   1.3000000000000086E-002
         800   1.3000000000000086E-002
         801   1.3000000000000086E-002
         802   1.3000000000000086E-002
         803   1.3000000000000086E-002
         804   1.3000000000000086E-002
         805   1.3000000000000086E-002
         806   1.3000000000000086E-002
         807   1.3000000000000086E-002
         808   1.3000000000000086E-002
         809   1.3000000000000086E-002
         810   1.3000000000000086E-002
         811   1.3000000000000086E-002
         812   1.3000000000000086E-002
         813   1.3000000000000086E-002
         814   1.3000000000000086E-002
         815   1.3000000000000086E-002
         816   1.3000000000000086E-002
         817   1.3000000000000086E-002
         818   1.3000000000000086E-002
         819   1.3000000000000086E-002
         820   1.3000000000000086E-002
         821   1.3000000000000086E-002
         822   1.3000000000000086E-002
         823   1.3000000000000086E-002
         824   1.3000000000000086E-002
         825   1.3000000000000086E-002
         826   1.3000000000000086E-002
         827   1.3000000000000086E-002
         828   1.3000000000000086E-002
         829   1.3000000000000086E-002
         830   1.3000000000000086E-002
         831   1.3000000000000086E-002
         832   1.3000000000000086E-002
         833   1.3000000000000086E-002
         834   1.3000000000000086E-002
         835   1.3000000000000086E-002
         836   1.3000000000000086E-002
         837   1.3000000000000086E-002
         838   1.3000000000000086E-002
         839   1.3000000000000086E-002
         840   1.3000000000000086E-002
         841   1.3000000000000086E-002
         842   1.3000000000000086E-002
         843   1.3000000000000086E-002
         844   1.3000000000000086E-002
         845   1.3000000000000086E-002
         846   1.3000000000000086E-002
         847   1.3000000000000086E-002
         848   1.3000000000000086E-002
         849   1.3000000000000086E-002
         850   1.3000000000000086E-002
         851   1.3000000000000086E-002
         852   1.3000000000000086E-002
         853   1.3000000000000086E-002
         854   1.3000000000000086E-002
         855   1.3000000000000086E-002
         856   1.3000000000000086E-002
         857   1.3000000000000086E-002
         858   1.3000000000000086E-002
         859   1.3000000000000086E-002
         860   1.3000000000000086E-002
         861   1.3000000000000086E-002
         862   1.3000000000000086E-002
         863   1.3000000000000086E-002
         864   1.3000000000000086E-002
         865   1.3000000000000086E-002
         866   1.3000000000000086E-002
         867   1.3000000000000086E-002
         868   1.3000000000000086E-002
         869   1.3000000000000086E-002
         870   1.3000000000000086E-002
         871   1.3000000000000086E-002
         872   1.3000000000000086E-002
         873   1.3000000000000086E-002
         874   1.3000000000000086E-002
         875   1.3000000000000086E-002
         876   1.3000000000000086E-002
         877   1.3000000000000086E-002
         878   1.3000000000000086E-002
         879   1.3000000000000086E-002
         880   1.3000000000000086E-002
         881   1.3000000000000086E-002
         882   1.3000000000000086E-002
         883   1.3000000000000086E-002
         884   1.3000000000000086E-002
         885   1.3000000000000086E-002
         886   1.3000000000000086E-002
         887   1.3000000000000086E-002
         888   1.3000000000000086E-002
         889   1.3000000000000086E-002
         890   1.3000000000000086E-002
         891   1.3000000000000086E-002
         892   1.3000000000000086E-002
         893   1.3000000000000086E-002
         894   1.3000000000000086E-002
         895   1.3000000000000086E-002
         896   1.3000000000000086E-002
         897   1.3000000000000086E-002
         898   1.3000000000000086E-002
         899   1.3000000000000086E-002
         900   1.3000000000000086E-002
         901   1.3000000000000086E-002
         902   1.3000000000000086E-002
         903   1.3000000000000086E-002
         904   1.3000000000000086E-002
         905   1.3000000000000086E-002
         906   1.3000000000000086E-002
         907   1.3000000000000086E-002
         908   1.3000000000000086E-002
         909   1.3000000000000086E-002
         910   1.3000000000000086E-002
         911   1.3000000000000086E-002
         912   1.3000000000000086E-002
         913   1.3000000000000086E-002
         914   1.3000000000000086E-002
         915   1.3000000000000086E-002
         916   1.3000000000000086E-002
         917   1.3000000000000086E-002
         918   1.3000000000000086E-002
         919   1.3000000000000086E-002
         920   1.3000000000000086E-002
         921   1.3000000000000086E-002
         922   1.3000000000000086E-002
         923   1.3000000000000086E-002
         924   1.3000000000000086E-002
         925   1.3000000000000086E-002
         926   1.3000000000000086E-002
         927   4.0000000000001845E-004
