           1  0.59940000000000004     
           2  0.24250000000000022     
           3  0.22129999999999977     
           4  0.22129999999999977     
           5  0.22129999999999977     
           6  0.22129999999999977     
           7  0.14900000000000016     
           8  0.14900000000000016     
           9   3.6499999999999880E-002
          10   3.6499999999999880E-002
          11   3.6499999999999880E-002
          12   3.6499999999999880E-002
          13   3.6499999999999880E-002
          14   3.6499999999999880E-002
          15   3.6499999999999880E-002
          16   3.6499999999999880E-002
          17   3.6499999999999880E-002
          18   3.6499999999999880E-002
          19   3.6499999999999880E-002
          20   3.6499999999999880E-002
          21   3.6499999999999880E-002
          22   3.6499999999999880E-002
          23   3.6499999999999880E-002
          24   3.6499999999999880E-002
          25   3.6499999999999880E-002
          26   3.6499999999999880E-002
          27   3.6499999999999880E-002
          28   3.6499999999999880E-002
          29   3.6499999999999880E-002
          30   3.6499999999999880E-002
          31   3.6499999999999880E-002
          32   3.6499999999999880E-002
          33   3.6499999999999880E-002
          34   3.6499999999999880E-002
          35   3.6499999999999880E-002
          36   3.6499999999999880E-002
          37   3.6499999999999880E-002
          38   3.6499999999999880E-002
          39   3.6499999999999880E-002
          40   3.6499999999999880E-002
          41   3.4600000000000179E-002
          42   3.4600000000000179E-002
          43   3.4600000000000179E-002
          44   3.4600000000000179E-002
          45   3.4600000000000179E-002
          46   3.4600000000000179E-002
          47   3.4600000000000179E-002
          48   3.4600000000000179E-002
          49   3.4600000000000179E-002
          50   3.4600000000000179E-002
          51   3.4600000000000179E-002
          52   3.4600000000000179E-002
          53   3.4600000000000179E-002
          54   3.4600000000000179E-002
          55   3.4600000000000179E-002
          56   3.4600000000000179E-002
          57   3.4600000000000179E-002
          58   3.4600000000000179E-002
          59   3.4600000000000179E-002
          60   3.4600000000000179E-002
          61   3.4600000000000179E-002
          62   2.8900000000000120E-002
          63   2.8900000000000120E-002
          64   2.8900000000000120E-002
          65   2.8900000000000120E-002
          66   2.8900000000000120E-002
          67   2.8900000000000120E-002
          68   2.8900000000000120E-002
          69   2.8900000000000120E-002
          70   2.8900000000000120E-002
          71   2.8900000000000120E-002
          72   2.8900000000000120E-002
          73   2.8900000000000120E-002
          74   2.8900000000000120E-002
          75   2.8900000000000120E-002
          76   2.8900000000000120E-002
          77   2.8900000000000120E-002
          78   2.8900000000000120E-002
          79   2.8900000000000120E-002
          80   2.8900000000000120E-002
          81   2.8900000000000120E-002
          82   2.8900000000000120E-002
          83   2.8900000000000120E-002
          84   2.8900000000000120E-002
          85   2.8900000000000120E-002
          86   2.8900000000000120E-002
          87   2.8900000000000120E-002
          88   2.8900000000000120E-002
          89   2.8900000000000120E-002
          90   2.8900000000000120E-002
          91   2.8900000000000120E-002
          92   2.8900000000000120E-002
          93   2.8900000000000120E-002
          94   2.8900000000000120E-002
          95   2.8900000000000120E-002
          96   2.8900000000000120E-002
          97   2.8900000000000120E-002
          98   2.8900000000000120E-002
          99   2.8900000000000120E-002
         100   2.8900000000000120E-002
         101   2.8900000000000120E-002
         102   2.8900000000000120E-002
         103   2.4200000000000142E-002
         104   2.4200000000000142E-002
         105   2.4200000000000142E-002
         106   2.4200000000000142E-002
         107   2.4200000000000142E-002
         108   2.4200000000000142E-002
         109   2.4200000000000142E-002
         110   2.4200000000000142E-002
         111   2.4200000000000142E-002
         112   2.4200000000000142E-002
         113   2.4200000000000142E-002
         114   2.4200000000000142E-002
         115   2.4200000000000142E-002
         116   2.4200000000000142E-002
         117   2.4200000000000142E-002
         118   2.4200000000000142E-002
         119   2.4200000000000142E-002
         120   2.4200000000000142E-002
         121   2.4200000000000142E-002
         122   2.4200000000000142E-002
         123   2.4200000000000142E-002
         124   2.4200000000000142E-002
         125   2.4200000000000142E-002
         126   2.4200000000000142E-002
         127   2.4200000000000142E-002
         128   2.4200000000000142E-002
         129   2.4200000000000142E-002
         130   2.4200000000000142E-002
         131   2.4200000000000142E-002
         132   2.4200000000000142E-002
         133   2.4200000000000142E-002
         134   2.4200000000000142E-002
         135   2.4200000000000142E-002
         136   2.4200000000000142E-002
         137   2.4200000000000142E-002
         138   2.4200000000000142E-002
         139   2.4200000000000142E-002
         140   2.4200000000000142E-002
         141   2.4200000000000142E-002
         142   2.4200000000000142E-002
         143   2.4200000000000142E-002
         144   2.4200000000000142E-002
         145   2.4200000000000142E-002
         146   2.4200000000000142E-002
         147   2.4200000000000142E-002
         148   2.4200000000000142E-002
         149   2.4200000000000142E-002
         150   2.4200000000000142E-002
         151   2.4200000000000142E-002
         152   2.4200000000000142E-002
         153   2.4200000000000142E-002
         154   2.4200000000000142E-002
         155   2.4200000000000142E-002
         156   2.4200000000000142E-002
         157   2.4200000000000142E-002
         158   2.4200000000000142E-002
         159   2.4200000000000142E-002
         160   2.4200000000000142E-002
         161   2.4200000000000142E-002
         162   2.4200000000000142E-002
         163   2.4200000000000142E-002
         164   2.4200000000000142E-002
         165   2.4200000000000142E-002
         166   2.4200000000000142E-002
         167   2.4200000000000142E-002
         168   2.4200000000000142E-002
         169   2.4200000000000142E-002
         170   2.4200000000000142E-002
         171   2.4200000000000142E-002
         172   2.4200000000000142E-002
         173   2.4200000000000142E-002
         174   2.4200000000000142E-002
         175   2.4200000000000142E-002
         176   2.4200000000000142E-002
         177   2.4200000000000142E-002
         178   2.4200000000000142E-002
         179   2.4200000000000142E-002
         180   2.4200000000000142E-002
         181   2.4200000000000142E-002
         182   2.4200000000000142E-002
         183   2.4200000000000142E-002
         184   2.4200000000000142E-002
         185   2.4200000000000142E-002
         186   2.4200000000000142E-002
         187   2.4200000000000142E-002
         188   2.4200000000000142E-002
         189   2.4200000000000142E-002
         190   2.4200000000000142E-002
         191   2.4200000000000142E-002
         192   2.4200000000000142E-002
         193   2.4200000000000142E-002
         194   2.4200000000000142E-002
         195   2.4200000000000142E-002
         196   2.4200000000000142E-002
         197   2.4200000000000142E-002
         198   2.4200000000000142E-002
         199   2.4200000000000142E-002
         200   2.4200000000000142E-002
         201   2.4200000000000142E-002
         202   2.4200000000000142E-002
         203   2.4200000000000142E-002
         204   2.4200000000000142E-002
         205   2.4200000000000142E-002
         206   2.4200000000000142E-002
         207   2.4200000000000142E-002
         208   2.4200000000000142E-002
         209   2.4200000000000142E-002
         210   2.4200000000000142E-002
         211   2.4200000000000142E-002
         212   2.4200000000000142E-002
         213   2.4200000000000142E-002
         214   2.4200000000000142E-002
         215   2.4200000000000142E-002
         216   2.4200000000000142E-002
         217   2.4200000000000142E-002
         218   2.4200000000000142E-002
         219   2.4200000000000142E-002
         220   2.4200000000000142E-002
         221   2.4200000000000142E-002
         222   2.4200000000000142E-002
         223   2.4200000000000142E-002
         224   2.4200000000000142E-002
         225   2.4200000000000142E-002
         226   2.4200000000000142E-002
         227   2.4200000000000142E-002
         228   2.4200000000000142E-002
         229   2.4200000000000142E-002
         230   2.4200000000000142E-002
         231   2.4200000000000142E-002
         232   2.4200000000000142E-002
         233   2.4200000000000142E-002
         234   2.4200000000000142E-002
         235   2.4200000000000142E-002
         236   2.4200000000000142E-002
         237   2.4200000000000142E-002
         238   2.4200000000000142E-002
         239   2.4200000000000142E-002
         240   2.4200000000000142E-002
         241   2.4200000000000142E-002
         242   2.4200000000000142E-002
         243   2.4200000000000142E-002
         244   2.4200000000000142E-002
         245   2.4200000000000142E-002
         246   2.4200000000000142E-002
         247   2.4200000000000142E-002
         248   2.4200000000000142E-002
         249   2.4200000000000142E-002
         250   2.4200000000000142E-002
         251   2.4200000000000142E-002
         252   2.4200000000000142E-002
         253   2.4200000000000142E-002
         254   2.4200000000000142E-002
         255   2.4200000000000142E-002
         256   2.4200000000000142E-002
         257   2.4200000000000142E-002
         258   2.4200000000000142E-002
         259   2.4200000000000142E-002
         260   2.4200000000000142E-002
         261   2.4200000000000142E-002
         262   2.4200000000000142E-002
         263   2.4200000000000142E-002
         264   2.4200000000000142E-002
         265   2.4200000000000142E-002
         266   2.4200000000000142E-002
         267   2.4200000000000142E-002
         268   2.4200000000000142E-002
         269   2.4200000000000142E-002
         270   2.4200000000000142E-002
         271   2.4200000000000142E-002
         272   2.4200000000000142E-002
         273   2.4200000000000142E-002
         274   2.4200000000000142E-002
         275   2.4200000000000142E-002
         276   2.4200000000000142E-002
         277   2.4200000000000142E-002
         278   2.4200000000000142E-002
         279   2.4200000000000142E-002
         280   2.4200000000000142E-002
         281   2.4200000000000142E-002
         282   2.4200000000000142E-002
         283   2.4200000000000142E-002
         284   2.4200000000000142E-002
         285   2.4200000000000142E-002
         286   2.4200000000000142E-002
         287   2.4200000000000142E-002
         288   2.4200000000000142E-002
         289   2.4200000000000142E-002
         290   2.4200000000000142E-002
         291   2.4200000000000142E-002
         292   2.4200000000000142E-002
         293   2.4200000000000142E-002
         294   2.4200000000000142E-002
         295   2.4200000000000142E-002
         296   2.4200000000000142E-002
         297   2.4200000000000142E-002
         298   2.4200000000000142E-002
         299   2.4200000000000142E-002
         300   2.4200000000000142E-002
         301   2.4200000000000142E-002
         302   2.4200000000000142E-002
         303   2.4200000000000142E-002
         304   2.4200000000000142E-002
         305   2.4200000000000142E-002
         306   2.4200000000000142E-002
         307   2.4200000000000142E-002
         308   2.4200000000000142E-002
         309   2.4200000000000142E-002
         310   2.4200000000000142E-002
         311   2.4200000000000142E-002
         312   2.4200000000000142E-002
         313   2.4200000000000142E-002
         314   2.4200000000000142E-002
         315   2.4200000000000142E-002
         316   2.4200000000000142E-002
         317   2.4200000000000142E-002
         318   2.4200000000000142E-002
         319   2.4200000000000142E-002
         320   2.4200000000000142E-002
         321   2.4200000000000142E-002
         322   2.4200000000000142E-002
         323   2.4200000000000142E-002
         324   2.4200000000000142E-002
         325   2.4200000000000142E-002
         326   2.4200000000000142E-002
         327   2.4200000000000142E-002
         328   2.4200000000000142E-002
         329   2.4200000000000142E-002
         330   2.4200000000000142E-002
         331   2.4200000000000142E-002
         332   2.4200000000000142E-002
         333   2.4200000000000142E-002
         334   2.4200000000000142E-002
         335   2.4200000000000142E-002
         336   2.4200000000000142E-002
         337   2.4200000000000142E-002
         338   2.4200000000000142E-002
         339   2.4200000000000142E-002
         340   2.4200000000000142E-002
         341   2.4200000000000142E-002
         342   2.4200000000000142E-002
         343   2.4200000000000142E-002
         344   2.4200000000000142E-002
         345   2.4200000000000142E-002
         346   2.4200000000000142E-002
         347   2.4200000000000142E-002
         348   2.4200000000000142E-002
         349   2.4200000000000142E-002
         350   2.4200000000000142E-002
         351   2.4200000000000142E-002
         352   2.4200000000000142E-002
         353   2.4200000000000142E-002
         354   2.4200000000000142E-002
         355   2.4200000000000142E-002
         356   2.4200000000000142E-002
         357   2.4200000000000142E-002
         358   2.4200000000000142E-002
         359   2.4200000000000142E-002
         360   2.4200000000000142E-002
         361   2.4200000000000142E-002
         362   2.4200000000000142E-002
         363   2.4200000000000142E-002
         364   2.4200000000000142E-002
         365   2.4200000000000142E-002
         366   2.4200000000000142E-002
         367   2.4200000000000142E-002
         368   2.4200000000000142E-002
         369   2.4200000000000142E-002
         370   2.4200000000000142E-002
         371   2.4200000000000142E-002
         372   2.4200000000000142E-002
         373   2.4200000000000142E-002
         374   2.4200000000000142E-002
         375   2.4200000000000142E-002
         376   2.4200000000000142E-002
         377   2.4200000000000142E-002
         378   2.4200000000000142E-002
         379   2.4200000000000142E-002
         380   2.4200000000000142E-002
         381   2.4200000000000142E-002
         382   2.4200000000000142E-002
         383   2.4200000000000142E-002
         384   2.4200000000000142E-002
         385   2.4200000000000142E-002
         386   2.4200000000000142E-002
         387   2.4200000000000142E-002
         388   2.4200000000000142E-002
         389   2.4200000000000142E-002
         390   2.4200000000000142E-002
         391   2.4200000000000142E-002
         392   2.4200000000000142E-002
         393   2.4200000000000142E-002
         394   2.4200000000000142E-002
         395   2.4200000000000142E-002
         396   2.4200000000000142E-002
         397   2.4200000000000142E-002
         398   2.4200000000000142E-002
         399   2.4200000000000142E-002
         400   2.4200000000000142E-002
         401   2.4200000000000142E-002
         402   2.4200000000000142E-002
         403   2.4200000000000142E-002
         404   2.4200000000000142E-002
         405   2.4200000000000142E-002
         406   2.4200000000000142E-002
         407   2.4200000000000142E-002
         408   2.4200000000000142E-002
         409   2.4200000000000142E-002
         410   2.4200000000000142E-002
         411   2.4200000000000142E-002
         412   2.4200000000000142E-002
         413   2.4200000000000142E-002
         414   2.4200000000000142E-002
         415   2.4200000000000142E-002
         416   2.4200000000000142E-002
         417   2.4200000000000142E-002
         418   2.4200000000000142E-002
         419   2.4200000000000142E-002
         420   2.4200000000000142E-002
         421   2.4200000000000142E-002
         422   2.4200000000000142E-002
         423   2.4200000000000142E-002
         424   2.4200000000000142E-002
         425   2.4200000000000142E-002
         426   2.4200000000000142E-002
         427   2.4200000000000142E-002
         428   2.4200000000000142E-002
         429   2.4200000000000142E-002
         430   2.4200000000000142E-002
         431   2.4200000000000142E-002
         432   2.4200000000000142E-002
         433   2.4200000000000142E-002
         434   2.4200000000000142E-002
         435   2.4200000000000142E-002
         436   2.4200000000000142E-002
         437   2.4200000000000142E-002
         438   2.4200000000000142E-002
         439   2.4200000000000142E-002
         440   2.4200000000000142E-002
         441   2.4200000000000142E-002
         442   2.4200000000000142E-002
         443   2.4200000000000142E-002
         444   2.4200000000000142E-002
         445   2.4200000000000142E-002
         446   2.4200000000000142E-002
         447   2.4200000000000142E-002
         448   2.4200000000000142E-002
         449   2.4200000000000142E-002
         450   2.4200000000000142E-002
         451   2.4200000000000142E-002
         452   2.4200000000000142E-002
         453   2.4200000000000142E-002
         454   2.4200000000000142E-002
         455   2.4200000000000142E-002
         456   2.4200000000000142E-002
         457   2.4200000000000142E-002
         458   2.4200000000000142E-002
         459   2.4200000000000142E-002
         460   2.4200000000000142E-002
         461   2.4200000000000142E-002
         462   2.4200000000000142E-002
         463   2.4200000000000142E-002
         464   2.4200000000000142E-002
         465   2.4200000000000142E-002
         466   2.4200000000000142E-002
         467   2.4200000000000142E-002
         468   2.4200000000000142E-002
         469   2.4200000000000142E-002
         470   2.4200000000000142E-002
         471   2.4200000000000142E-002
         472   2.4200000000000142E-002
         473   2.4200000000000142E-002
         474   2.4200000000000142E-002
         475   2.4200000000000142E-002
         476   2.4200000000000142E-002
         477   2.4200000000000142E-002
         478   2.4200000000000142E-002
         479   2.4200000000000142E-002
         480   2.4200000000000142E-002
         481   2.4200000000000142E-002
         482   2.4200000000000142E-002
         483   2.4200000000000142E-002
         484   2.4200000000000142E-002
         485   2.4200000000000142E-002
         486   2.4200000000000142E-002
         487   2.4200000000000142E-002
         488   2.4200000000000142E-002
         489   2.4200000000000142E-002
         490   2.4200000000000142E-002
         491   2.4200000000000142E-002
         492   2.4200000000000142E-002
         493   2.4200000000000142E-002
         494   2.4200000000000142E-002
         495   2.4200000000000142E-002
         496   2.4200000000000142E-002
         497   2.4200000000000142E-002
         498   2.4200000000000142E-002
         499   2.4200000000000142E-002
         500   2.4200000000000142E-002
         501   2.4200000000000142E-002
         502   2.4200000000000142E-002
         503   2.4200000000000142E-002
         504   2.4200000000000142E-002
         505   2.4200000000000142E-002
         506   2.4200000000000142E-002
         507   2.4200000000000142E-002
         508   2.4200000000000142E-002
         509   2.4200000000000142E-002
         510   2.4200000000000142E-002
         511   2.4200000000000142E-002
         512   2.4200000000000142E-002
         513   2.4200000000000142E-002
         514   2.4200000000000142E-002
         515   2.4200000000000142E-002
         516   2.4200000000000142E-002
         517   2.4200000000000142E-002
         518   2.4200000000000142E-002
         519   2.4200000000000142E-002
         520   2.4200000000000142E-002
         521   2.4200000000000142E-002
         522   2.4200000000000142E-002
         523   2.4200000000000142E-002
         524   2.4200000000000142E-002
         525   2.4200000000000142E-002
         526   2.4200000000000142E-002
         527   2.4200000000000142E-002
         528   2.4200000000000142E-002
         529   2.4200000000000142E-002
         530   2.4200000000000142E-002
         531   2.4200000000000142E-002
         532   2.4200000000000142E-002
         533   2.4200000000000142E-002
         534   2.4200000000000142E-002
         535   2.4200000000000142E-002
         536   2.4200000000000142E-002
         537   2.4200000000000142E-002
         538   2.4200000000000142E-002
         539   2.4200000000000142E-002
         540   2.4200000000000142E-002
         541   2.4200000000000142E-002
         542   2.4200000000000142E-002
         543   2.4200000000000142E-002
         544   2.4200000000000142E-002
         545   2.4200000000000142E-002
         546   2.4200000000000142E-002
         547   2.4200000000000142E-002
         548   2.4200000000000142E-002
         549   2.4200000000000142E-002
         550   2.4200000000000142E-002
         551   2.4200000000000142E-002
         552   2.4200000000000142E-002
         553   2.4200000000000142E-002
         554   2.4200000000000142E-002
         555   2.4200000000000142E-002
         556   2.4200000000000142E-002
         557   2.4200000000000142E-002
         558   2.4200000000000142E-002
         559   2.4200000000000142E-002
         560   2.4200000000000142E-002
         561   2.4200000000000142E-002
         562   2.4200000000000142E-002
         563   2.4200000000000142E-002
         564   2.4200000000000142E-002
         565   2.4200000000000142E-002
         566   2.4200000000000142E-002
         567   2.4200000000000142E-002
         568   2.4200000000000142E-002
         569   2.4200000000000142E-002
         570   2.4200000000000142E-002
         571   2.4200000000000142E-002
         572   2.4200000000000142E-002
         573   2.4200000000000142E-002
         574   2.4200000000000142E-002
         575   2.4200000000000142E-002
         576   2.4200000000000142E-002
         577   2.4200000000000142E-002
         578   2.4200000000000142E-002
         579   2.4200000000000142E-002
         580   2.4200000000000142E-002
         581   2.4200000000000142E-002
         582   2.4200000000000142E-002
         583   2.4200000000000142E-002
         584   2.4200000000000142E-002
         585   2.4200000000000142E-002
         586   2.4200000000000142E-002
         587   2.4200000000000142E-002
         588   2.4200000000000142E-002
         589   2.4200000000000142E-002
         590   2.4200000000000142E-002
         591   2.4200000000000142E-002
         592   2.4200000000000142E-002
         593   2.4200000000000142E-002
         594   2.4200000000000142E-002
         595   2.4200000000000142E-002
         596   2.4200000000000142E-002
         597   2.4200000000000142E-002
         598   2.4200000000000142E-002
         599   2.4200000000000142E-002
         600   2.4200000000000142E-002
         601   2.4200000000000142E-002
         602   2.4200000000000142E-002
         603   2.4200000000000142E-002
         604   2.4200000000000142E-002
         605   2.4200000000000142E-002
         606   2.4200000000000142E-002
         607   2.4200000000000142E-002
         608   2.4200000000000142E-002
         609   2.4200000000000142E-002
         610   2.4200000000000142E-002
         611   2.4200000000000142E-002
         612   2.4200000000000142E-002
         613   2.4200000000000142E-002
         614   2.4200000000000142E-002
         615   2.4200000000000142E-002
         616   2.4200000000000142E-002
         617   2.4200000000000142E-002
         618   2.4200000000000142E-002
         619   2.4200000000000142E-002
         620   2.4200000000000142E-002
         621   2.4200000000000142E-002
         622   2.4200000000000142E-002
         623   2.4200000000000142E-002
         624   2.4200000000000142E-002
         625   2.4200000000000142E-002
         626   2.4200000000000142E-002
         627   2.4200000000000142E-002
         628   2.4200000000000142E-002
         629   2.4200000000000142E-002
         630   2.4200000000000142E-002
         631   2.4200000000000142E-002
         632   2.4200000000000142E-002
         633   2.4200000000000142E-002
         634   2.4200000000000142E-002
         635   2.4200000000000142E-002
         636   2.4200000000000142E-002
         637   2.4200000000000142E-002
         638   2.4200000000000142E-002
         639   2.4200000000000142E-002
         640   2.4200000000000142E-002
         641   2.4200000000000142E-002
         642   2.4200000000000142E-002
         643   2.4200000000000142E-002
         644   2.4200000000000142E-002
         645   2.4200000000000142E-002
         646   2.4200000000000142E-002
         647   2.4200000000000142E-002
         648   2.4200000000000142E-002
         649   2.4200000000000142E-002
         650   2.4200000000000142E-002
         651   2.4200000000000142E-002
         652   2.4200000000000142E-002
         653   2.4200000000000142E-002
         654   2.4200000000000142E-002
         655   2.4200000000000142E-002
         656   2.4200000000000142E-002
         657   2.4200000000000142E-002
         658   2.4200000000000142E-002
         659   2.4200000000000142E-002
         660   2.4200000000000142E-002
         661   2.4200000000000142E-002
         662   2.4200000000000142E-002
         663   2.4200000000000142E-002
         664   2.4200000000000142E-002
         665   2.4200000000000142E-002
         666   2.4200000000000142E-002
         667   2.4200000000000142E-002
         668   2.4200000000000142E-002
         669   2.4200000000000142E-002
         670   2.4200000000000142E-002
         671   2.4200000000000142E-002
         672   2.4200000000000142E-002
         673   2.4200000000000142E-002
         674   2.4200000000000142E-002
         675   2.4200000000000142E-002
         676   2.4200000000000142E-002
         677   2.4200000000000142E-002
         678   2.4200000000000142E-002
         679   2.4200000000000142E-002
         680   2.4200000000000142E-002
         681   2.4200000000000142E-002
         682   2.4200000000000142E-002
         683   2.4200000000000142E-002
         684   2.4200000000000142E-002
         685   2.4200000000000142E-002
         686   2.4200000000000142E-002
         687   2.4200000000000142E-002
         688   2.4200000000000142E-002
         689   2.4200000000000142E-002
         690   2.4200000000000142E-002
         691   2.4200000000000142E-002
         692   2.4200000000000142E-002
         693   2.4200000000000142E-002
         694   2.4200000000000142E-002
         695   2.4200000000000142E-002
         696   2.4200000000000142E-002
         697   2.4200000000000142E-002
         698   2.4200000000000142E-002
         699   2.4200000000000142E-002
         700   2.4200000000000142E-002
         701   2.4200000000000142E-002
         702   2.4200000000000142E-002
         703   2.4200000000000142E-002
         704   2.4200000000000142E-002
         705   2.4200000000000142E-002
         706   2.4200000000000142E-002
         707   2.4200000000000142E-002
         708   2.4200000000000142E-002
         709   2.4200000000000142E-002
         710   2.4200000000000142E-002
         711   2.4200000000000142E-002
         712   2.4200000000000142E-002
         713   2.4200000000000142E-002
         714   2.4200000000000142E-002
         715   2.4200000000000142E-002
         716   2.4200000000000142E-002
         717   2.4200000000000142E-002
         718   2.4200000000000142E-002
         719   2.4200000000000142E-002
         720   2.4200000000000142E-002
         721   2.4200000000000142E-002
         722   2.4200000000000142E-002
         723   2.4200000000000142E-002
         724   2.4200000000000142E-002
         725   2.4200000000000142E-002
         726   2.4200000000000142E-002
         727   2.4200000000000142E-002
         728   2.4200000000000142E-002
         729   2.4200000000000142E-002
         730   2.4200000000000142E-002
         731   2.4200000000000142E-002
         732   1.4500000000000022E-002
         733   1.4500000000000022E-002
         734   1.4500000000000022E-002
         735   1.4500000000000022E-002
         736   1.4500000000000022E-002
         737   1.4500000000000022E-002
         738   1.4500000000000022E-002
         739   1.4500000000000022E-002
         740   1.4500000000000022E-002
         741   1.4500000000000022E-002
         742   1.4500000000000022E-002
         743   1.4500000000000022E-002
         744   1.4500000000000022E-002
         745   1.4500000000000022E-002
         746   1.4500000000000022E-002
         747   1.4500000000000022E-002
         748   1.4500000000000022E-002
         749   1.4500000000000022E-002
         750   1.4500000000000022E-002
         751   1.4500000000000022E-002
         752   1.4500000000000022E-002
         753   1.4500000000000022E-002
         754   1.4500000000000022E-002
         755   1.4500000000000022E-002
         756   1.4500000000000022E-002
         757   1.4500000000000022E-002
         758   1.4500000000000022E-002
         759   1.4500000000000022E-002
         760   1.4500000000000022E-002
         761   1.4500000000000022E-002
         762   1.4500000000000022E-002
         763   1.4500000000000022E-002
         764   1.4500000000000022E-002
         765   1.4500000000000022E-002
         766   1.4500000000000022E-002
         767   1.4500000000000022E-002
         768   1.4500000000000022E-002
         769   1.4500000000000022E-002
         770   1.4500000000000022E-002
         771   1.4500000000000022E-002
         772   1.4500000000000022E-002
         773   1.4500000000000022E-002
         774   1.4500000000000022E-002
         775   1.4500000000000022E-002
         776   1.4500000000000022E-002
         777   1.4500000000000022E-002
         778   1.4500000000000022E-002
         779   1.4500000000000022E-002
         780   1.4500000000000022E-002
         781   1.4500000000000022E-002
         782   1.4500000000000022E-002
         783   1.4500000000000022E-002
         784   1.4500000000000022E-002
         785   1.4500000000000022E-002
         786   1.4500000000000022E-002
         787   1.4500000000000022E-002
         788   1.4500000000000022E-002
         789   1.4500000000000022E-002
         790   1.4500000000000022E-002
         791   1.4500000000000022E-002
         792   1.4500000000000022E-002
         793   1.4500000000000022E-002
         794   1.4500000000000022E-002
         795   1.4500000000000022E-002
         796   1.4500000000000022E-002
         797   1.4500000000000022E-002
         798   1.4500000000000022E-002
         799   1.4500000000000022E-002
         800   1.4500000000000022E-002
         801   1.4500000000000022E-002
         802   1.4500000000000022E-002
         803   1.4500000000000022E-002
         804   1.4500000000000022E-002
         805   1.4500000000000022E-002
         806   1.4500000000000022E-002
         807   1.4500000000000022E-002
         808   1.4500000000000022E-002
         809   1.4500000000000022E-002
         810   1.4500000000000022E-002
         811   1.4500000000000022E-002
         812   1.4500000000000022E-002
         813   1.4500000000000022E-002
         814   1.4500000000000022E-002
         815   1.4500000000000022E-002
         816   1.4500000000000022E-002
         817   1.4500000000000022E-002
         818   1.4500000000000022E-002
         819   1.4500000000000022E-002
         820   1.4500000000000022E-002
         821   1.4500000000000022E-002
         822   1.4500000000000022E-002
         823   1.4500000000000022E-002
         824   1.4500000000000022E-002
         825   1.4500000000000022E-002
         826   1.4500000000000022E-002
         827   1.4500000000000022E-002
         828   1.4500000000000022E-002
         829   1.4500000000000022E-002
         830   1.4500000000000022E-002
         831   1.4500000000000022E-002
         832   1.4500000000000022E-002
         833   1.4500000000000022E-002
         834   1.4500000000000022E-002
         835   1.4500000000000022E-002
         836   1.4500000000000022E-002
         837   1.4500000000000022E-002
         838   1.4500000000000022E-002
         839   1.4500000000000022E-002
         840   1.4500000000000022E-002
         841   1.4500000000000022E-002
         842   1.4500000000000022E-002
         843   1.4500000000000022E-002
         844   1.4500000000000022E-002
         845   1.4500000000000022E-002
         846   1.4500000000000022E-002
         847   1.4500000000000022E-002
         848   1.4500000000000022E-002
         849   1.4500000000000022E-002
         850   1.4500000000000022E-002
         851   1.4500000000000022E-002
         852   1.4500000000000022E-002
         853   1.4500000000000022E-002
         854   1.4500000000000022E-002
         855   1.4500000000000022E-002
         856   1.4500000000000022E-002
         857   1.4500000000000022E-002
         858   1.4500000000000022E-002
         859   1.4500000000000022E-002
         860   1.4500000000000022E-002
         861   1.4500000000000022E-002
         862   1.4500000000000022E-002
         863   1.4500000000000022E-002
         864   1.4500000000000022E-002
         865   1.4500000000000022E-002
         866   1.4500000000000022E-002
         867   1.4500000000000022E-002
         868   1.4500000000000022E-002
         869   1.4500000000000022E-002
         870   1.4500000000000022E-002
         871   1.4500000000000022E-002
         872   1.4500000000000022E-002
         873   1.4500000000000022E-002
         874   1.4500000000000022E-002
         875   1.4500000000000022E-002
         876   1.4500000000000022E-002
         877   1.4500000000000022E-002
         878   1.4500000000000022E-002
         879   1.4500000000000022E-002
         880   1.4500000000000022E-002
         881   1.4500000000000022E-002
         882   1.4500000000000022E-002
         883   1.4500000000000022E-002
         884   1.4500000000000022E-002
         885   1.4500000000000022E-002
         886   1.4500000000000022E-002
         887   1.4500000000000022E-002
         888   1.4500000000000022E-002
         889   1.4500000000000022E-002
         890   1.4500000000000022E-002
         891   1.4500000000000022E-002
         892   1.4500000000000022E-002
         893   1.4500000000000022E-002
         894   1.4500000000000022E-002
         895   1.4500000000000022E-002
         896   1.4500000000000022E-002
         897   1.4500000000000022E-002
         898   1.4500000000000022E-002
         899   1.4500000000000022E-002
         900   1.4500000000000022E-002
         901   1.4500000000000022E-002
         902   1.4500000000000022E-002
         903   1.4500000000000022E-002
         904   1.4500000000000022E-002
         905   1.4500000000000022E-002
         906   1.4500000000000022E-002
         907   1.4500000000000022E-002
         908   1.4500000000000022E-002
         909   1.4500000000000022E-002
         910   1.4500000000000022E-002
         911   1.4500000000000022E-002
         912   1.4500000000000022E-002
         913   1.4500000000000022E-002
         914   1.4500000000000022E-002
         915   1.4500000000000022E-002
         916   1.4500000000000022E-002
         917   1.4500000000000022E-002
         918   1.4500000000000022E-002
         919   1.4500000000000022E-002
         920   1.4500000000000022E-002
         921   1.4500000000000022E-002
         922   1.4500000000000022E-002
         923   1.4500000000000022E-002
         924   1.4500000000000022E-002
         925   1.4500000000000022E-002
         926   1.4500000000000022E-002
         927   1.4500000000000022E-002
         928   1.4500000000000022E-002
         929   1.4500000000000022E-002
         930   1.4500000000000022E-002
         931   1.4500000000000022E-002
         932   1.4500000000000022E-002
         933   1.4500000000000022E-002
         934   1.4500000000000022E-002
         935   1.4500000000000022E-002
         936   1.4500000000000022E-002
         937   1.4500000000000022E-002
         938   1.4500000000000022E-002
         939   1.4500000000000022E-002
         940   1.4500000000000022E-002
         941   1.4500000000000022E-002
         942   1.4500000000000022E-002
         943   1.4500000000000022E-002
         944   1.4500000000000022E-002
         945   1.4500000000000022E-002
         946   1.4500000000000022E-002
         947   1.4500000000000022E-002
         948   1.4500000000000022E-002
         949   1.4500000000000022E-002
         950   1.4500000000000022E-002
         951   1.4500000000000022E-002
         952   1.4500000000000022E-002
         953   1.4500000000000022E-002
         954   1.4500000000000022E-002
         955   1.4500000000000022E-002
         956   1.4500000000000022E-002
         957   1.4500000000000022E-002
         958   1.4500000000000022E-002
         959   1.4500000000000022E-002
         960   1.4500000000000022E-002
         961   1.4500000000000022E-002
         962   1.4500000000000022E-002
         963   1.4500000000000022E-002
         964   1.4500000000000022E-002
         965   1.4500000000000022E-002
         966   1.4500000000000022E-002
         967   1.4500000000000022E-002
         968   1.4500000000000022E-002
         969   1.4500000000000022E-002
         970   1.4500000000000022E-002
         971   1.4500000000000022E-002
         972   1.4500000000000022E-002
         973   1.4500000000000022E-002
         974   1.4500000000000022E-002
         975   1.4500000000000022E-002
         976   1.4500000000000022E-002
         977   1.4500000000000022E-002
         978   1.4500000000000022E-002
         979   1.4500000000000022E-002
         980   1.4500000000000022E-002
         981   1.4500000000000022E-002
         982   1.4500000000000022E-002
         983   1.4500000000000022E-002
         984   1.4500000000000022E-002
         985   1.4500000000000022E-002
         986   1.4500000000000022E-002
         987   1.4500000000000022E-002
         988   1.4500000000000022E-002
         989   1.4500000000000022E-002
         990   1.4500000000000022E-002
         991   1.4500000000000022E-002
         992   1.4500000000000022E-002
         993   1.4500000000000022E-002
         994   1.4500000000000022E-002
         995   1.4500000000000022E-002
         996   1.4500000000000022E-002
         997   1.4500000000000022E-002
         998   1.4500000000000022E-002
         999   1.4500000000000022E-002
        1000   1.4500000000000022E-002
        1001   1.4500000000000022E-002
        1002   1.4500000000000022E-002
        1003   1.4500000000000022E-002
        1004   1.4500000000000022E-002
        1005   1.4500000000000022E-002
        1006   1.4500000000000022E-002
        1007   1.4500000000000022E-002
        1008   1.4500000000000022E-002
        1009   1.4500000000000022E-002
        1010   1.4500000000000022E-002
        1011   1.4500000000000022E-002
        1012   1.4500000000000022E-002
        1013   1.4500000000000022E-002
        1014   1.4500000000000022E-002
        1015   1.4500000000000022E-002
        1016   1.4500000000000022E-002
        1017   1.4500000000000022E-002
        1018   1.4500000000000022E-002
        1019   1.4500000000000022E-002
        1020   1.4500000000000022E-002
        1021   1.4500000000000022E-002
        1022   1.4500000000000022E-002
        1023   1.4500000000000022E-002
        1024   1.4500000000000022E-002
        1025   1.4500000000000022E-002
        1026   1.4500000000000022E-002
        1027   1.4500000000000022E-002
        1028   1.4500000000000022E-002
        1029   1.4500000000000022E-002
        1030   1.4500000000000022E-002
        1031   1.4500000000000022E-002
        1032   1.4500000000000022E-002
        1033   1.4500000000000022E-002
        1034   1.4500000000000022E-002
        1035   1.4500000000000022E-002
        1036   1.4500000000000022E-002
        1037   1.4500000000000022E-002
        1038   1.4500000000000022E-002
        1039   1.4500000000000022E-002
        1040   1.4500000000000022E-002
        1041   1.4500000000000022E-002
        1042   1.4500000000000022E-002
        1043   1.4500000000000022E-002
        1044   1.4500000000000022E-002
        1045   1.4500000000000022E-002
        1046   1.4500000000000022E-002
        1047   1.4500000000000022E-002
        1048   1.4500000000000022E-002
        1049   1.4500000000000022E-002
        1050   1.4500000000000022E-002
        1051   1.4500000000000022E-002
        1052   1.4500000000000022E-002
        1053   1.4500000000000022E-002
        1054   1.4500000000000022E-002
        1055   1.4500000000000022E-002
        1056   1.4500000000000022E-002
        1057   1.4500000000000022E-002
        1058   1.4500000000000022E-002
        1059   1.4500000000000022E-002
        1060   1.4500000000000022E-002
        1061   1.4500000000000022E-002
        1062   1.4500000000000022E-002
        1063   1.4500000000000022E-002
        1064   1.4500000000000022E-002
        1065   1.4500000000000022E-002
        1066   1.4500000000000022E-002
        1067   1.4500000000000022E-002
        1068   1.4500000000000022E-002
        1069   1.4500000000000022E-002
        1070   1.4500000000000022E-002
        1071   1.4500000000000022E-002
        1072   1.4500000000000022E-002
        1073   1.4500000000000022E-002
        1074   1.4500000000000022E-002
        1075   1.4500000000000022E-002
        1076   1.4500000000000022E-002
        1077   1.4500000000000022E-002
        1078   1.4500000000000022E-002
        1079   1.4500000000000022E-002
        1080   1.4500000000000022E-002
        1081   1.4500000000000022E-002
        1082   1.4500000000000022E-002
        1083   1.4500000000000022E-002
        1084   1.4500000000000022E-002
        1085   1.4500000000000022E-002
        1086   1.4500000000000022E-002
        1087   1.4500000000000022E-002
        1088   1.4500000000000022E-002
        1089   1.4500000000000022E-002
        1090   1.4500000000000022E-002
        1091   1.4500000000000022E-002
        1092   1.4500000000000022E-002
        1093   1.4500000000000022E-002
        1094   1.4500000000000022E-002
        1095   1.4500000000000022E-002
        1096   1.4500000000000022E-002
        1097   1.4500000000000022E-002
        1098   1.4500000000000022E-002
        1099   1.4500000000000022E-002
        1100   1.4500000000000022E-002
        1101   1.4500000000000022E-002
        1102   1.4500000000000022E-002
        1103   1.4500000000000022E-002
        1104   1.4500000000000022E-002
        1105   1.4500000000000022E-002
        1106   1.4500000000000022E-002
        1107   1.4500000000000022E-002
        1108   1.4500000000000022E-002
        1109   1.4500000000000022E-002
        1110   1.4500000000000022E-002
        1111   1.4500000000000022E-002
        1112   1.4500000000000022E-002
        1113   1.4500000000000022E-002
        1114   1.4500000000000022E-002
        1115   1.4500000000000022E-002
        1116   1.4500000000000022E-002
        1117   1.4500000000000022E-002
        1118   1.4500000000000022E-002
        1119   1.4500000000000022E-002
        1120   1.4500000000000022E-002
        1121   1.4500000000000022E-002
        1122   1.4500000000000022E-002
        1123   1.4500000000000022E-002
        1124   1.4500000000000022E-002
        1125   1.4500000000000022E-002
        1126   1.4500000000000022E-002
        1127   1.4500000000000022E-002
        1128   1.4500000000000022E-002
        1129   1.4500000000000022E-002
        1130   1.4500000000000022E-002
        1131   1.4500000000000022E-002
        1132   1.4500000000000022E-002
        1133   1.4500000000000022E-002
        1134   1.4500000000000022E-002
        1135   1.4500000000000022E-002
        1136   1.4500000000000022E-002
        1137   1.4500000000000022E-002
        1138   1.4500000000000022E-002
        1139   1.4500000000000022E-002
        1140   1.4500000000000022E-002
        1141   1.4500000000000022E-002
        1142   1.4500000000000022E-002
        1143   1.4500000000000022E-002
        1144   1.4500000000000022E-002
        1145   1.4500000000000022E-002
        1146   1.4500000000000022E-002
        1147   1.4500000000000022E-002
        1148   1.4500000000000022E-002
        1149   1.4500000000000022E-002
        1150   1.4500000000000022E-002
        1151   1.4500000000000022E-002
        1152   1.4500000000000022E-002
        1153   1.4500000000000022E-002
        1154   1.4500000000000022E-002
        1155   1.4500000000000022E-002
        1156   1.4500000000000022E-002
        1157   1.4500000000000022E-002
        1158   1.4500000000000022E-002
        1159   1.4500000000000022E-002
        1160   1.4500000000000022E-002
        1161   1.4500000000000022E-002
        1162   1.4500000000000022E-002
        1163   1.4500000000000022E-002
        1164   1.4500000000000022E-002
        1165   1.4500000000000022E-002
        1166   1.4500000000000022E-002
        1167   1.4500000000000022E-002
        1168   1.4500000000000022E-002
        1169   1.4500000000000022E-002
        1170   1.4500000000000022E-002
        1171   1.4500000000000022E-002
        1172   1.4500000000000022E-002
        1173   1.4500000000000022E-002
        1174   1.4500000000000022E-002
        1175   1.4500000000000022E-002
        1176   1.4500000000000022E-002
        1177   1.4500000000000022E-002
        1178   1.4500000000000022E-002
        1179   1.4500000000000022E-002
        1180   1.4500000000000022E-002
        1181   1.4500000000000022E-002
        1182   1.4500000000000022E-002
        1183   1.4500000000000022E-002
        1184   1.4500000000000022E-002
        1185   1.4500000000000022E-002
        1186   1.4500000000000022E-002
        1187   1.4500000000000022E-002
        1188   1.4500000000000022E-002
        1189   1.4500000000000022E-002
        1190   1.4500000000000022E-002
        1191   1.4500000000000022E-002
        1192   1.4500000000000022E-002
        1193   1.4500000000000022E-002
        1194   1.4500000000000022E-002
        1195   1.4500000000000022E-002
        1196   1.4500000000000022E-002
        1197   1.4500000000000022E-002
        1198   1.4500000000000022E-002
        1199   1.4500000000000022E-002
        1200   1.4500000000000022E-002
        1201   1.4500000000000022E-002
        1202   1.4500000000000022E-002
        1203   1.4500000000000022E-002
        1204   1.4500000000000022E-002
        1205   1.4500000000000022E-002
        1206   1.4500000000000022E-002
        1207   1.4500000000000022E-002
        1208   1.4500000000000022E-002
        1209   1.4500000000000022E-002
        1210   1.4500000000000022E-002
        1211   1.4500000000000022E-002
        1212   1.4500000000000022E-002
        1213   1.4500000000000022E-002
        1214   1.4500000000000022E-002
        1215   1.4500000000000022E-002
        1216   1.4500000000000022E-002
        1217   1.4500000000000022E-002
        1218   1.4500000000000022E-002
        1219   1.4500000000000022E-002
        1220   1.4500000000000022E-002
        1221   1.4500000000000022E-002
        1222   1.4500000000000022E-002
        1223   1.4500000000000022E-002
        1224   1.4500000000000022E-002
        1225   1.4500000000000022E-002
        1226   1.4500000000000022E-002
        1227   1.4500000000000022E-002
        1228   1.4500000000000022E-002
        1229   1.4500000000000022E-002
        1230   1.4500000000000022E-002
        1231   1.4500000000000022E-002
        1232   1.4500000000000022E-002
        1233   1.4500000000000022E-002
        1234   1.4500000000000022E-002
        1235   1.4500000000000022E-002
        1236   1.4500000000000022E-002
        1237   1.4500000000000022E-002
        1238   1.4500000000000022E-002
        1239   1.4500000000000022E-002
        1240   1.4500000000000022E-002
        1241   1.4500000000000022E-002
        1242   1.4500000000000022E-002
        1243   1.4500000000000022E-002
        1244   1.4500000000000022E-002
        1245   1.4500000000000022E-002
        1246   1.4500000000000022E-002
        1247   1.4500000000000022E-002
        1248   1.4500000000000022E-002
        1249   1.4500000000000022E-002
        1250   1.4500000000000022E-002
        1251   1.4500000000000022E-002
        1252   1.4500000000000022E-002
        1253   1.4500000000000022E-002
        1254   1.4500000000000022E-002
        1255   1.4500000000000022E-002
        1256   1.4500000000000022E-002
        1257   1.4500000000000022E-002
        1258   1.4500000000000022E-002
        1259   1.4500000000000022E-002
        1260   1.4500000000000022E-002
        1261   1.4500000000000022E-002
        1262   1.4500000000000022E-002
        1263   1.4500000000000022E-002
        1264   1.4500000000000022E-002
        1265   1.4500000000000022E-002
        1266   1.4500000000000022E-002
        1267   1.4500000000000022E-002
        1268   1.4500000000000022E-002
        1269   1.4500000000000022E-002
        1270   1.4500000000000022E-002
        1271   1.4500000000000022E-002
        1272   1.4500000000000022E-002
        1273   1.4500000000000022E-002
        1274   1.4500000000000022E-002
        1275   1.4500000000000022E-002
        1276   1.4500000000000022E-002
        1277   1.4500000000000022E-002
        1278   1.4500000000000022E-002
        1279   1.4500000000000022E-002
        1280   1.4500000000000022E-002
        1281   1.4500000000000022E-002
        1282   1.4500000000000022E-002
        1283   1.4500000000000022E-002
        1284   1.4500000000000022E-002
        1285   1.4500000000000022E-002
        1286   1.4500000000000022E-002
        1287   1.4500000000000022E-002
        1288   1.4500000000000022E-002
        1289   1.4500000000000022E-002
        1290   1.4500000000000022E-002
        1291   1.4500000000000022E-002
        1292   1.4500000000000022E-002
        1293   1.4500000000000022E-002
        1294   1.4500000000000022E-002
        1295   1.4500000000000022E-002
        1296   1.4500000000000022E-002
        1297   1.4500000000000022E-002
        1298   1.4500000000000022E-002
        1299   1.4500000000000022E-002
        1300   1.4500000000000022E-002
        1301   1.4500000000000022E-002
        1302   1.4500000000000022E-002
        1303   1.4500000000000022E-002
        1304   1.4500000000000022E-002
        1305   1.4500000000000022E-002
        1306   1.4500000000000022E-002
        1307   1.4500000000000022E-002
        1308   1.4500000000000022E-002
        1309   1.4500000000000022E-002
        1310   1.4500000000000022E-002
        1311   1.4500000000000022E-002
        1312   1.4500000000000022E-002
        1313   1.4500000000000022E-002
        1314   1.4500000000000022E-002
        1315   1.4500000000000022E-002
        1316   1.4500000000000022E-002
        1317   1.4500000000000022E-002
        1318   1.4500000000000022E-002
        1319   1.4500000000000022E-002
        1320   1.4500000000000022E-002
        1321   1.4500000000000022E-002
        1322   1.4500000000000022E-002
        1323   1.4500000000000022E-002
        1324   1.4500000000000022E-002
        1325   1.4500000000000022E-002
        1326   1.4500000000000022E-002
        1327   1.4500000000000022E-002
        1328   1.4500000000000022E-002
        1329   1.4500000000000022E-002
        1330   1.4500000000000022E-002
        1331   1.4500000000000022E-002
        1332   1.4500000000000022E-002
        1333   1.4500000000000022E-002
        1334   1.4500000000000022E-002
        1335   1.4500000000000022E-002
        1336   1.4500000000000022E-002
        1337   1.4500000000000022E-002
        1338   1.4500000000000022E-002
        1339   1.4500000000000022E-002
        1340   1.4500000000000022E-002
        1341   1.4500000000000022E-002
        1342   1.4500000000000022E-002
        1343   1.4500000000000022E-002
        1344   1.4500000000000022E-002
        1345   1.4500000000000022E-002
        1346   1.4500000000000022E-002
        1347   1.4500000000000022E-002
        1348   1.4500000000000022E-002
        1349   1.4500000000000022E-002
        1350   1.4500000000000022E-002
        1351   1.4500000000000022E-002
        1352   1.4500000000000022E-002
        1353   1.4500000000000022E-002
        1354   1.4500000000000022E-002
        1355   1.4500000000000022E-002
        1356   1.4500000000000022E-002
        1357   1.4500000000000022E-002
        1358   1.4500000000000022E-002
        1359   1.4500000000000022E-002
        1360   1.4500000000000022E-002
        1361   1.4500000000000022E-002
        1362   1.4500000000000022E-002
        1363   1.4500000000000022E-002
        1364   1.4500000000000022E-002
        1365   1.4500000000000022E-002
        1366   1.4500000000000022E-002
        1367   1.4500000000000022E-002
        1368   1.4500000000000022E-002
        1369   1.4500000000000022E-002
        1370   1.4500000000000022E-002
        1371   1.4500000000000022E-002
        1372   1.4500000000000022E-002
        1373   1.4500000000000022E-002
        1374   1.4500000000000022E-002
        1375   1.4500000000000022E-002
        1376   1.4500000000000022E-002
        1377   1.2800000000000023E-002
        1378   9.9999999999999638E-003
