           1   11.161450220319638     
           2   5.3991015882750570     
           3   3.6466663991227337     
           4   3.6466663991227337     
           5   3.6466663991227337     
           6   3.6466663991227337     
           7   3.6466663991227337     
           8   3.6466663991227337     
           9   3.6466663991227337     
          10   3.6466663991227337     
          11   3.6466663991227337     
          12   3.6466663991227337     
          13   3.6466663991227337     
          14   3.6466663991227337     
          15   3.6466663991227337     
          16   3.6466663991227337     
          17   3.6466663991227337     
          18   3.6466663991227337     
          19   3.6466663991227337     
          20   3.6466663991227337     
          21   3.6466663991227337     
          22   3.6466663991227337     
          23   3.6466663991227337     
          24   3.6466663991227337     
          25   3.6466663991227337     
          26   3.6466663991227337     
          27   3.6466663991227337     
          28   3.6466663991227337     
          29   3.6466663991227337     
          30   3.6466663991227337     
          31   3.6466663991227337     
          32   3.6466663991227337     
          33   3.6466663991227337     
          34   3.6466663991227337     
          35   3.6466663991227337     
          36   3.6466663991227337     
          37   3.6466663991227337     
          38   3.6466663991227337     
          39   3.6466663991227337     
          40   3.6466663991227337     
          41   3.6466663991227337     
          42   3.6466663991227337     
          43   3.6466663991227337     
          44   3.6466663991227337     
          45   3.6466663991227337     
          46   3.6466663991227337     
          47   3.6466663991227337     
          48   3.6466663991227337     
          49   3.6466663991227337     
          50   3.6466663991227337     
          51   3.6466663991227337     
          52   3.6466663991227337     
          53   3.6466663991227337     
          54   3.6466663991227337     
          55   1.5591015882750554     
          56   1.5591015882750554     
          57   1.5591015882750554     
          58   1.5591015882750554     
          59   1.5591015882750554     
          60   1.5591015882750554     
          61   1.5591015882750554     
          62   1.5591015882750554     
          63   1.5591015882750554     
          64   1.5591015882750554     
          65   1.5591015882750554     
          66   1.5591015882750554     
          67   1.5591015882750554     
          68   1.5591015882750554     
          69   1.5591015882750554     
          70   1.5591015882750554     
          71   1.5591015882750554     
          72   1.5591015882750554     
          73   1.5591015882750554     
          74   1.5591015882750554     
          75   1.5591015882750554     
          76   1.5591015882750554     
          77   1.5591015882750554     
          78   1.5591015882750554     
          79   1.5591015882750554     
          80   1.5591015882750554     
          81   1.5591015882750554     
          82   1.5591015882750554     
          83   1.5591015882750554     
          84   1.5591015882750554     
          85   1.5591015882750554     
          86   1.5591015882750554     
          87   1.5591015882750554     
          88   1.5591015882750554     
          89   1.5591015882750554     
          90   1.5591015882750554     
          91   1.5591015882750554     
          92   1.5591015882750554     
          93   1.5591015882750554     
          94   1.5591015882750554     
          95   1.5591015882750554     
          96   1.5591015882750554     
          97   1.5591015882750554     
          98   1.5591015882750554     
          99   1.5591015882750554     
         100   1.5591015882750554     
         101   1.5591015882750554     
         102   1.5591015882750554     
         103   1.5591015882750554     
         104   1.5591015882750554     
         105   1.5591015882750554     
         106   1.5591015882750554     
         107   1.5591015882750554     
         108   1.5591015882750554     
         109   1.5591015882750554     
         110   1.5591015882750554     
         111   1.5591015882750554     
         112   1.5591015882750554     
         113   1.5591015882750554     
         114   1.5591015882750554     
         115   1.5591015882750554     
         116   1.5591015882750554     
         117   1.5591015882750554     
         118   1.5591015882750554     
         119   1.5591015882750554     
         120   1.5591015882750554     
         121   1.5591015882750554     
         122   1.5591015882750554     
         123   1.5591015882750554     
         124   1.5591015882750554     
         125   1.5591015882750554     
         126   1.5591015882750554     
         127   1.5591015882750554     
         128   1.5591015882750554     
         129   1.5591015882750554     
         130   1.5591015882750554     
         131   1.5591015882750554     
         132   1.5591015882750554     
         133   1.5591015882750554     
         134   1.5591015882750554     
         135   1.5591015882750554     
         136   1.5591015882750554     
         137   1.5591015882750554     
         138   1.5591015882750554     
         139   1.5591015882750554     
         140   1.5591015882750554     
         141   1.5591015882750554     
         142   1.5591015882750554     
         143   1.5591015882750554     
         144   1.5591015882750554     
         145   1.5591015882750554     
         146   1.5591015882750554     
         147   1.5591015882750554     
         148   1.5591015882750554     
         149   1.5591015882750554     
         150   1.5591015882750554     
         151   1.5591015882750554     
         152   1.5591015882750554     
         153   1.5591015882750554     
         154   1.5591015882750554     
         155   1.5591015882750554     
         156   1.5591015882750554     
         157   1.5591015882750554     
         158   1.5591015882750554     
         159   1.5591015882750554     
         160   1.5591015882750554     
         161   1.5591015882750554     
         162   1.5591015882750554     
         163   1.5591015882750554     
         164   1.5591015882750554     
         165   1.5591015882750554     
         166   1.5591015882750554     
         167   1.5591015882750554     
         168   1.5591015882750554     
         169   1.5591015882750554     
         170   1.5591015882750554     
         171   1.5591015882750554     
         172   1.5591015882750554     
         173   1.5591015882750554     
         174   1.5591015882750554     
         175   1.5591015882750554     
         176   1.5591015882750554     
         177   1.5591015882750554     
         178   1.5591015882750554     
         179   1.5591015882750554     
         180   1.5591015882750554     
         181   1.5591015882750554     
         182   1.5591015882750554     
         183   1.5591015882750554     
         184   1.5591015882750554     
         185   1.5591015882750554     
         186   1.5591015882750554     
         187   1.5591015882750554     
         188   1.5591015882750554     
         189   1.5591015882750554     
         190   1.5591015882750554     
         191   1.5591015882750554     
         192   1.5591015882750554     
         193   1.5591015882750554     
         194   1.5591015882750554     
         195   1.5591015882750554     
         196   1.5591015882750554     
         197   1.5591015882750554     
         198   1.5591015882750554     
         199   1.5591015882750554     
         200   1.5591015882750554     
         201   1.5591015882750554     
         202   1.5591015882750554     
         203   1.5591015882750554     
         204   1.5591015882750554     
         205   1.5591015882750554     
         206   1.5591015882750554     
         207   1.5591015882750554     
         208   1.5591015882750554     
         209   1.5591015882750554     
         210   1.5591015882750554     
         211   1.5591015882750554     
         212   1.5591015882750554     
         213   1.5591015882750554     
         214   1.5591015882750554     
         215   1.5591015882750554     
         216   1.5591015882750554     
         217   1.5591015882750554     
         218   1.5591015882750554     
         219   1.5591015882750554     
         220   1.5591015882750554     
         221   1.5591015882750554     
         222   1.5591015882750554     
         223   1.5591015882750554     
         224   1.5591015882750554     
         225   1.5591015882750554     
         226   1.5591015882750554     
         227   1.5591015882750554     
         228   1.5591015882750554     
         229   1.5591015882750554     
         230   1.5591015882750554     
         231  0.49193483704846130     
         232  0.49193483704846130     
         233  0.49193483704846130     
         234  0.49193483704846130     
         235  0.49193483704846130     
         236  0.49193483704846130     
         237  0.49193483704846130     
         238  0.49193483704846130     
         239  0.49193483704846130     
         240  0.49193483704846130     
         241  0.49193483704846130     
         242  0.49193483704846130     
         243  0.49193483704846130     
         244  0.49193483704846130     
         245  0.49193483704846130     
         246  0.49193483704846130     
         247  0.49193483704846130     
         248  0.49193483704846130     
         249  0.49193483704846130     
         250  0.49193483704846130     
         251  0.49193483704846130     
         252  0.49193483704846130     
         253  0.49193483704846130     
         254  0.49193483704846130     
         255  0.49193483704846130     
         256  0.49193483704846130     
         257  0.49193483704846130     
         258  0.49193483704846130     
         259  0.49193483704846130     
         260  0.49193483704846130     
         261  0.49193483704846130     
         262  0.49193483704846130     
         263  0.49193483704846130     
         264  0.49193483704846130     
         265  0.49193483704846130     
         266  0.49193483704846130     
         267  0.49193483704846130     
         268  0.49193483704846130     
         269  0.49193483704846130     
         270  0.49193483704846130     
         271  0.49193483704846130     
         272  0.49193483704846130     
         273  0.49193483704846130     
         274  0.49193483704846130     
         275  0.49193483704846130     
         276  0.49193483704846130     
         277  0.49193483704846130     
         278  0.49193483704846130     
         279  0.49193483704846130     
         280  0.49193483704846130     
         281  0.49193483704846130     
         282  0.49193483704846130     
         283  0.49193483704846130     
         284  0.49193483704846130     
         285  0.49193483704846130     
         286  0.49193483704846130     
         287  0.49193483704846130     
         288  0.49193483704846130     
         289  0.49193483704846130     
         290  0.49193483704846130     
         291  0.49193483704846130     
         292  0.49193483704846130     
         293  0.49193483704846130     
         294  0.49193483704846130     
         295  0.49193483704846130     
         296  0.49193483704846130     
         297  0.49193483704846130     
         298  0.49193483704846130     
         299  0.49193483704846130     
         300  0.49193483704846130     
         301  0.49193483704846130     
         302  0.49193483704846130     
         303  0.49193483704846130     
         304  0.49193483704846130     
         305  0.49193483704846130     
         306  0.49193483704846130     
         307  0.49193483704846130     
         308  0.49193483704846130     
         309  0.49193483704846130     
         310  0.49193483704846130     
         311  0.49193483704846130     
         312  0.49193483704846130     
         313  0.49193483704846130     
         314  0.49193483704846130     
         315  0.49193483704846130     
         316  0.49193483704846130     
         317  0.49193483704846130     
         318  0.49193483704846130     
         319  0.49193483704846130     
         320  0.49193483704846130     
         321  0.49193483704846130     
         322  0.49193483704846130     
         323  0.49193483704846130     
         324  0.49193483704846130     
         325  0.49193483704846130     
         326  0.49193483704846130     
         327  0.49193483704846130     
         328  0.49193483704846130     
         329  0.49193483704846130     
         330  0.49193483704846130     
         331  0.49193483704846130     
         332  0.49193483704846130     
         333  0.49193483704846130     
         334  0.49193483704846130     
         335  0.49193483704846130     
         336  0.49193483704846130     
         337  0.49193483704846130     
         338  0.49193483704846130     
         339  0.49193483704846130     
         340  0.49193483704846130     
         341  0.49193483704846130     
         342  0.49193483704846130     
         343  0.49193483704846130     
         344  0.49193483704846130     
         345  0.49193483704846130     
         346  0.49193483704846130     
         347  0.49193483704846130     
         348  0.49193483704846130     
         349  0.49193483704846130     
         350  0.49193483704846130     
         351  0.49193483704846130     
         352  0.49193483704846130     
         353  0.49193483704846130     
         354  0.49193483704846130     
         355  0.49193483704846130     
         356  0.49193483704846130     
         357  0.49193483704846130     
         358  0.49193483704846130     
         359  0.49193483704846130     
         360  0.49193483704846130     
         361  0.49193483704846130     
         362  0.49193483704846130     
         363  0.49193483704846130     
         364  0.49193483704846130     
         365  0.49193483704846130     
         366  0.49193483704846130     
         367  0.49193483704846130     
         368  0.49193483704846130     
         369  0.49193483704846130     
         370  0.49193483704846130     
         371  0.49193483704846130     
         372  0.49193483704846130     
         373  0.49193483704846130     
         374  0.49193483704846130     
         375  0.49193483704846130     
         376  0.49193483704846130     
         377  0.49193483704846130     
         378  0.49193483704846130     
         379  0.49193483704846130     
         380  0.49193483704846130     
         381  0.49193483704846130     
         382  0.49193483704846130     
         383  0.49193483704846130     
         384  0.49193483704846130     
         385  0.49193483704846130     
         386  0.49193483704846130     
         387  0.49193483704846130     
         388  0.49193483704846130     
         389  0.49193483704846130     
         390  0.49193483704846130     
         391  0.49193483704846130     
         392  0.49193483704846130     
         393  0.49193483704846130     
         394  0.49193483704846130     
         395  0.49193483704846130     
         396  0.49193483704846130     
         397  0.49193483704846130     
         398  0.49193483704846130     
         399  0.49193483704846130     
         400  0.49193483704846130     
         401  0.49193483704846130     
         402  0.49193483704846130     
         403  0.49193483704846130     
         404  0.49193483704846130     
         405  0.49193483704846130     
         406  0.49193483704846130     
         407  0.49193483704846130     
         408  0.49193483704846130     
         409  0.49193483704846130     
         410  0.49193483704846130     
         411  0.49193483704846130     
         412  0.49193483704846130     
         413  0.49193483704846130     
         414  0.49193483704846130     
         415  0.49193483704846130     
         416  0.49193483704846130     
         417  0.49193483704846130     
         418  0.49193483704846130     
         419  0.49193483704846130     
         420  0.49193483704846130     
         421  0.49193483704846130     
         422  0.49193483704846130     
         423  0.49193483704846130     
         424  0.49193483704846130     
         425  0.49193483704846130     
         426  0.49193483704846130     
         427  0.49193483704846130     
         428  0.49193483704846130     
         429  0.49193483704846130     
         430  0.49193483704846130     
         431  0.49193483704846130     
         432  0.49193483704846130     
         433  0.49193483704846130     
         434  0.49193483704846130     
         435  0.49193483704846130     
         436  0.49193483704846130     
         437  0.49193483704846130     
         438  0.49193483704846130     
         439  0.49193483704846130     
         440  0.49193483704846130     
         441  0.49193483704846130     
         442  0.49193483704846130     
         443  0.49193483704846130     
         444  0.49193483704846130     
         445  0.49193483704846130     
         446  0.49193483704846130     
         447  0.49193483704846130     
         448  0.49193483704846130     
         449  0.49193483704846130     
         450  0.49193483704846130     
         451  0.49193483704846130     
         452  0.49193483704846130     
         453  0.49193483704846130     
         454  0.49193483704846130     
         455  0.49193483704846130     
         456  0.49193483704846130     
         457  0.49193483704846130     
         458  0.49193483704846130     
         459  0.49193483704846130     
         460  0.49193483704846130     
         461  0.49193483704846130     
         462  0.49193483704846130     
         463  0.49193483704846130     
         464  0.49193483704846130     
         465  0.49193483704846130     
         466  0.49193483704846130     
         467  0.49193483704846130     
         468  0.49193483704846130     
         469  0.49193483704846130     
         470  0.49193483704846130     
         471  0.49193483704846130     
         472  0.49193483704846130     
         473  0.49193483704846130     
         474  0.49193483704846130     
         475  0.49193483704846130     
         476  0.49193483704846130     
         477  0.49193483704846130     
         478  0.49193483704846130     
         479  0.49193483704846130     
         480  0.49193483704846130     
         481  0.49193483704846130     
         482  0.49193483704846130     
         483  0.49193483704846130     
         484  0.49193483704846130     
         485  0.49193483704846130     
         486  0.49193483704846130     
         487  0.49193483704846130     
         488  0.49193483704846130     
         489  0.49193483704846130     
         490  0.49193483704846130     
         491  0.49193483704846130     
         492  0.49193483704846130     
         493  0.49193483704846130     
         494  0.49193483704846130     
         495  0.49193483704846130     
         496  0.35605498542622982     
         497  0.35605498542622982     
         498  0.33560110443097280     
         499  0.33560110443097280     
         500  0.33560110443097280     
         501  0.33560110443097280     
         502  0.19786020843039864     
         503  0.19786020843039864     
         504  0.19786020843039864     
         505  0.19786020843039864     
         506  0.19786020843039864     
         507  0.19786020843039864     
         508  0.19786020843039864     
         509  0.19786020843039864     
         510  0.19786020843039864     
         511  0.19786020843039864     
         512  0.17802749271311491     
         513  0.17802749271311491     
         514  0.17802749271311491     
         515  0.17802749271311491     
         516  0.17802749271311491     
         517  0.17802749271311491     
         518  0.17802749271311491     
         519   3.9665431434567466E-002
         520   3.9665431434567466E-002
         521   3.9665431434567466E-002
         522   3.9665431434567466E-002
         523   3.9665431434567466E-002
         524   3.9665431434567466E-002
         525   3.9665431434567466E-002
         526   3.9665431434567466E-002
         527   3.9665431434567466E-002
         528   3.9665431434567466E-002
         529   3.9665431434567466E-002
         530   1.9832715717283733E-002
         531   1.9832715717283733E-002
         532   1.9832715717283733E-002
         533   1.9832715717283733E-002
         534   1.9832715717283733E-002
         535   1.9832715717283733E-002
         536   1.9832715717283733E-002
         537   1.9832715717283733E-002
         538   1.9832715717283733E-002
         539   1.9832715717283733E-002
         540   1.9832715717283733E-002
         541   1.9832715717283733E-002
         542   1.9832715717283733E-002
         543   1.9832715717283733E-002
         544   1.9832715717283733E-002
         545   1.9832715717283733E-002
         546   1.9832715717283733E-002
         547   1.9832715717283733E-002
         548   0.0000000000000000     
