           1   6.4792668872584969     
           2   3.8427412184990040     
           3   3.8427412184990040     
           4   1.2578602084303991     
           5  0.66996232976157621     
           6  0.66996232976157621     
           7  0.66996232976157621     
           8  0.66996232976157621     
           9  0.66996232976157621     
          10  0.66996232976157621     
          11  0.17802749271311491     
          12  0.17802749271311491     
          13  0.17802749271311491     
          14  0.17802749271311491     
          15  0.17802749271311491     
          16  0.17802749271311491     
          17  0.17802749271311491     
          18  0.17802749271311491     
          19  0.17802749271311491     
          20  0.17802749271311491     
          21  0.17802749271311491     
          22  0.17802749271311491     
          23  0.17802749271311491     
          24  0.17802749271311491     
          25  0.17802749271311491     
          26  0.17802749271311491     
          27  0.17802749271311491     
          28  0.17802749271311491     
          29  0.17802749271311491     
          30  0.17802749271311491     
          31  0.17802749271311491     
          32  0.17802749271311491     
          33  0.17802749271311491     
          34  0.17802749271311491     
          35  0.17802749271311491     
          36  0.17802749271311491     
          37  0.17802749271311491     
          38  0.17802749271311491     
          39  0.17802749271311491     
          40  0.17802749271311491     
          41  0.17802749271311491     
          42  0.17802749271311491     
          43  0.17802749271311491     
          44  0.17802749271311491     
          45  0.17802749271311491     
          46  0.17802749271311491     
          47  0.17802749271311491     
          48  0.17802749271311491     
          49  0.17802749271311491     
          50  0.17802749271311491     
          51  0.17802749271311491     
          52  0.17802749271311491     
          53  0.17802749271311491     
          54  0.17802749271311491     
          55  0.17802749271311491     
          56  0.17802749271311491     
          57  0.17802749271311491     
          58  0.17802749271311491     
          59  0.17802749271311491     
          60  0.17802749271311491     
          61  0.17802749271311491     
          62  0.17802749271311491     
          63  0.17802749271311491     
          64  0.17802749271311491     
          65  0.17802749271311491     
          66  0.17802749271311491     
          67  0.17802749271311491     
          68  0.17802749271311491     
          69  0.17802749271311491     
          70  0.17802749271311491     
          71  0.17802749271311491     
          72  0.17802749271311491     
          73  0.17802749271311491     
          74  0.17802749271311491     
          75  0.17802749271311491     
          76  0.17802749271311491     
          77  0.17802749271311491     
          78  0.17802749271311491     
          79  0.17802749271311491     
          80  0.17802749271311491     
          81  0.17802749271311491     
          82  0.17802749271311491     
          83  0.17802749271311491     
          84  0.17802749271311491     
          85  0.17802749271311491     
          86  0.17802749271311491     
          87  0.17802749271311491     
          88  0.17802749271311491     
          89  0.17802749271311491     
          90  0.17802749271311491     
          91  0.17802749271311491     
          92  0.17802749271311491     
          93  0.17802749271311491     
          94  0.17802749271311491     
          95  0.17802749271311491     
          96  0.17802749271311491     
          97  0.17802749271311491     
          98  0.17802749271311491     
          99  0.17802749271311491     
         100  0.17802749271311491     
         101  0.17802749271311491     
         102  0.17802749271311491     
         103  0.17802749271311491     
         104  0.17802749271311491     
         105  0.17802749271311491     
         106  0.17802749271311491     
         107  0.17802749271311491     
         108  0.17802749271311491     
         109  0.17802749271311491     
         110  0.17802749271311491     
         111  0.17802749271311491     
         112  0.17802749271311491     
         113  0.17802749271311491     
         114  0.17802749271311491     
         115  0.17802749271311491     
         116  0.17802749271311491     
         117  0.17802749271311491     
         118  0.17802749271311491     
         119  0.17802749271311491     
         120  0.17802749271311491     
         121  0.17802749271311491     
         122  0.17802749271311491     
         123  0.17802749271311491     
         124  0.17802749271311491     
         125  0.17802749271311491     
         126  0.17802749271311491     
         127  0.17802749271311491     
         128  0.17802749271311491     
         129  0.17802749271311491     
         130  0.17802749271311491     
         131  0.17802749271311491     
         132  0.17802749271311491     
         133  0.17802749271311491     
         134  0.17802749271311491     
         135  0.17802749271311491     
         136  0.17802749271311491     
         137  0.17802749271311491     
         138  0.17802749271311491     
         139  0.17802749271311491     
         140  0.17802749271311491     
         141  0.17802749271311491     
         142  0.17802749271311491     
         143  0.17802749271311491     
         144  0.17802749271311491     
         145  0.17802749271311491     
         146  0.17802749271311491     
         147  0.17802749271311491     
         148  0.17802749271311491     
         149  0.17802749271311491     
         150  0.17802749271311491     
         151  0.17802749271311491     
         152  0.17802749271311491     
         153  0.17802749271311491     
         154  0.17802749271311491     
         155  0.17802749271311491     
         156  0.17802749271311491     
         157  0.17802749271311491     
         158  0.17802749271311491     
         159  0.17802749271311491     
         160  0.17802749271311491     
         161  0.17802749271311491     
         162  0.17802749271311491     
         163  0.17802749271311491     
         164  0.17802749271311491     
         165  0.17802749271311491     
         166  0.17802749271311491     
         167  0.17802749271311491     
         168  0.17802749271311491     
         169  0.17802749271311491     
         170  0.17802749271311491     
         171  0.17802749271311491     
         172  0.17802749271311491     
         173  0.17802749271311491     
         174  0.17802749271311491     
         175  0.17802749271311491     
         176  0.17802749271311491     
         177  0.17802749271311491     
         178  0.17802749271311491     
         179  0.17802749271311491     
         180  0.17802749271311491     
         181  0.17802749271311491     
         182  0.17802749271311491     
         183  0.17802749271311491     
         184  0.17802749271311491     
         185  0.17802749271311491     
         186  0.17802749271311491     
         187  0.17802749271311491     
         188  0.17802749271311491     
         189  0.17802749271311491     
         190  0.17802749271311491     
         191  0.17802749271311491     
         192  0.17802749271311491     
         193  0.17802749271311491     
         194  0.17802749271311491     
         195  0.17802749271311491     
         196  0.17802749271311491     
         197  0.17802749271311491     
         198  0.17802749271311491     
         199   9.9085702572502043E-002
         200   9.9085702572502043E-002
         201   9.9085702572502043E-002
         202   0.0000000000000000     
