           1   3.5213606922744818     
           2   2.4123978640535020     
           3   2.2360549854262288     
           4   2.2360549854262288     
           5   1.3919348370484617     
           6   1.3550213755689100     
           7   1.3550213755689100     
           8   1.3550213755689100     
           9   1.2556011044309745     
          10   1.2556011044309745     
          11   1.2556011044309745     
          12   1.0196654314345679     
          13   1.0196654314345679     
          14  0.97646219105709520     
          15  0.97646219105709520     
          16  0.97646219105709520     
          17  0.97646219105709520     
          18  0.97646219105709520     
          19  0.33560110443097280     
          20  0.33560110443097280     
          21  0.33560110443097280     
          22  0.33560110443097280     
          23  0.33560110443097280     
          24  0.33560110443097280     
          25  0.33560110443097280     
          26  0.33560110443097280     
          27  0.33560110443097280     
          28  0.33560110443097280     
          29  0.33560110443097280     
          30  0.33560110443097280     
          31  0.33560110443097280     
          32  0.33560110443097280     
          33  0.33560110443097280     
          34  0.33560110443097280     
          35  0.33560110443097280     
          36  0.33560110443097280     
          37  0.33560110443097280     
          38  0.33560110443097280     
          39  0.33560110443097280     
          40  0.33560110443097280     
          41  0.33560110443097280     
          42  0.33560110443097280     
          43  0.33560110443097280     
          44  0.33560110443097280     
          45  0.33560110443097280     
          46  0.33560110443097280     
          47  0.33560110443097280     
          48  0.33560110443097280     
          49  0.33560110443097280     
          50  0.33560110443097280     
          51  0.33560110443097280     
          52  0.33560110443097280     
          53  0.33560110443097280     
          54  0.33560110443097280     
          55  0.33560110443097280     
          56  0.33560110443097280     
          57  0.33560110443097280     
          58  0.33560110443097280     
          59  0.33560110443097280     
          60  0.33560110443097280     
          61  0.33560110443097280     
          62  0.33560110443097280     
          63  0.33560110443097280     
          64  0.33560110443097280     
          65  0.33560110443097280     
          66  0.33560110443097280     
          67  0.33560110443097280     
          68  0.33560110443097280     
          69  0.33560110443097280     
          70  0.33560110443097280     
          71  0.33560110443097280     
          72  0.33560110443097280     
          73  0.33560110443097280     
          74  0.33560110443097280     
          75  0.33560110443097280     
          76  0.33560110443097280     
          77  0.33560110443097280     
          78  0.33560110443097280     
          79  0.33560110443097280     
          80  0.33560110443097280     
          81  0.33560110443097280     
          82  0.33560110443097280     
          83  0.33560110443097280     
          84  0.33560110443097280     
          85  0.33560110443097280     
          86  0.33560110443097280     
          87  0.33560110443097280     
          88  0.33560110443097280     
          89  0.33560110443097280     
          90  0.33560110443097280     
          91  0.33560110443097280     
          92  0.33560110443097280     
          93  0.33560110443097280     
          94  0.33560110443097280     
          95  0.33560110443097280     
          96  0.33560110443097280     
          97  0.33560110443097280     
          98  0.33560110443097280     
          99  0.33560110443097280     
         100  0.33560110443097280     
         101  0.33560110443097280     
         102  0.33560110443097280     
         103  0.33560110443097280     
         104  0.33560110443097280     
         105  0.33560110443097280     
         106  0.33560110443097280     
         107  0.33560110443097280     
         108  0.33560110443097280     
         109  0.33560110443097280     
         110  0.33560110443097280     
         111  0.33560110443097280     
         112  0.33560110443097280     
         113  0.33560110443097280     
         114  0.33560110443097280     
         115  0.33560110443097280     
         116  0.33560110443097280     
         117  0.33560110443097280     
         118  0.33560110443097280     
         119  0.33560110443097280     
         120  0.33560110443097280     
         121  0.33560110443097280     
         122  0.33560110443097280     
         123  0.33560110443097280     
         124  0.33560110443097280     
         125  0.33560110443097280     
         126  0.33560110443097280     
         127  0.33560110443097280     
         128  0.33560110443097280     
         129  0.33560110443097280     
         130  0.33560110443097280     
         131  0.33560110443097280     
         132  0.33560110443097280     
         133  0.33560110443097280     
         134  0.33560110443097280     
         135  0.33560110443097280     
         136  0.33560110443097280     
         137  0.33560110443097280     
         138  0.33560110443097280     
         139  0.33560110443097280     
         140  0.33560110443097280     
         141  0.33560110443097280     
         142  0.33560110443097280     
         143  0.33560110443097280     
         144  0.33560110443097280     
         145  0.33560110443097280     
         146  0.33560110443097280     
         147  0.33560110443097280     
         148  0.33560110443097280     
         149  0.33560110443097280     
         150  0.33560110443097280     
         151  0.33560110443097280     
         152  0.33560110443097280     
         153  0.33560110443097280     
         154  0.33560110443097280     
         155  0.33560110443097280     
         156  0.33560110443097280     
         157  0.33560110443097280     
         158  0.33560110443097280     
         159  0.33560110443097280     
         160  0.33560110443097280     
         161  0.33560110443097280     
         162  0.33560110443097280     
         163  0.33560110443097280     
         164  0.33560110443097280     
         165  0.33560110443097280     
         166  0.33560110443097280     
         167  0.33560110443097280     
         168  0.33560110443097280     
         169  0.33560110443097280     
         170  0.33560110443097280     
         171  0.33560110443097280     
         172  0.33560110443097280     
         173  0.33560110443097280     
         174  0.33560110443097280     
         175  0.33560110443097280     
         176  0.33560110443097280     
         177  0.33560110443097280     
         178  0.33560110443097280     
         179  0.33560110443097280     
         180  0.33560110443097280     
         181  0.33560110443097280     
         182  0.33560110443097280     
         183  0.33560110443097280     
         184  0.33560110443097280     
         185  0.33560110443097280     
         186  0.33560110443097280     
         187  0.33560110443097280     
         188  0.33560110443097280     
         189  0.33560110443097280     
         190  0.33560110443097280     
         191  0.33560110443097280     
         192  0.33560110443097280     
         193  0.33560110443097280     
         194  0.33560110443097280     
         195  0.33560110443097280     
         196  0.33560110443097280     
         197  0.33560110443097280     
         198  0.33560110443097280     
         199  0.33560110443097280     
         200  0.33560110443097280     
         201  0.33560110443097280     
         202  0.33560110443097280     
         203  0.33560110443097280     
         204  0.33560110443097280     
         205  0.33560110443097280     
         206  0.33560110443097280     
         207  0.33560110443097280     
         208  0.33560110443097280     
         209  0.33560110443097280     
         210  0.33560110443097280     
         211  0.33560110443097280     
         212  0.33560110443097280     
         213  0.33560110443097280     
         214  0.33560110443097280     
         215  0.33560110443097280     
         216  0.33560110443097280     
         217  0.33560110443097280     
         218  0.33560110443097280     
         219  0.33560110443097280     
         220  0.33560110443097280     
         221  0.33560110443097280     
         222  0.33560110443097280     
         223  0.33560110443097280     
         224  0.33560110443097280     
         225  0.33560110443097280     
         226  0.33560110443097280     
         227  0.33560110443097280     
         228  0.33560110443097280     
         229  0.33560110443097280     
         230  0.33560110443097280     
         231  0.33560110443097280     
         232  0.33560110443097280     
         233  0.33560110443097280     
         234  0.33560110443097280     
         235  0.33560110443097280     
         236  0.33560110443097280     
         237  0.33560110443097280     
         238  0.33560110443097280     
         239  0.33560110443097280     
         240  0.33560110443097280     
         241  0.33560110443097280     
         242  0.33560110443097280     
         243  0.33560110443097280     
         244  0.33560110443097280     
         245  0.33560110443097280     
         246  0.33560110443097280     
         247  0.33560110443097280     
         248  0.33560110443097280     
         249  0.33560110443097280     
         250  0.33560110443097280     
         251  0.33560110443097280     
         252  0.33560110443097280     
         253  0.33560110443097280     
         254  0.33560110443097280     
         255  0.33560110443097280     
         256  0.33560110443097280     
         257  0.33560110443097280     
         258  0.33560110443097280     
         259  0.33560110443097280     
         260  0.33560110443097280     
         261  0.33560110443097280     
         262  0.33560110443097280     
         263  0.33560110443097280     
         264  0.33560110443097280     
         265  0.33560110443097280     
         266  0.33560110443097280     
         267  0.33560110443097280     
         268  0.33560110443097280     
         269  0.33560110443097280     
         270  0.33560110443097280     
         271  0.33560110443097280     
         272  0.33560110443097280     
         273  0.33560110443097280     
         274  0.33560110443097280     
         275  0.33560110443097280     
         276  0.33560110443097280     
         277  0.33560110443097280     
         278  0.33560110443097280     
         279  0.33560110443097280     
         280  0.33560110443097280     
         281  0.33560110443097280     
         282  0.33560110443097280     
         283  0.33560110443097280     
         284  0.33560110443097280     
         285  0.33560110443097280     
         286  0.33560110443097280     
         287  0.33560110443097280     
         288  0.33560110443097280     
         289  0.33560110443097280     
         290  0.33560110443097280     
         291  0.33560110443097280     
         292  0.33560110443097280     
         293  0.33560110443097280     
         294  0.33560110443097280     
         295  0.33560110443097280     
         296  0.33560110443097280     
         297  0.33560110443097280     
         298  0.33560110443097280     
         299  0.33560110443097280     
         300  0.33560110443097280     
         301  0.33560110443097280     
         302  0.33560110443097280     
         303  0.33560110443097280     
         304  0.33560110443097280     
         305  0.33560110443097280     
         306  0.33560110443097280     
         307  0.33560110443097280     
         308  0.33560110443097280     
         309  0.33560110443097280     
         310  0.33560110443097280     
         311  0.33560110443097280     
         312  0.33560110443097280     
         313  0.33560110443097280     
         314  0.33560110443097280     
         315  0.33560110443097280     
         316  0.33560110443097280     
         317  0.33560110443097280     
         318  0.33560110443097280     
         319  0.33560110443097280     
         320  0.33560110443097280     
         321  0.33560110443097280     
         322  0.33560110443097280     
         323  0.33560110443097280     
         324  0.33560110443097280     
         325  0.33560110443097280     
         326  0.33560110443097280     
         327  0.33560110443097280     
         328  0.33560110443097280     
         329  0.33560110443097280     
         330  0.33560110443097280     
         331  0.33560110443097280     
         332  0.33560110443097280     
         333  0.33560110443097280     
         334  0.33560110443097280     
         335  0.33560110443097280     
         336  0.33560110443097280     
         337  0.33560110443097280     
         338  0.33560110443097280     
         339  0.33560110443097280     
         340  0.33560110443097280     
         341  0.33560110443097280     
         342  0.33560110443097280     
         343  0.33560110443097280     
         344  0.33560110443097280     
         345  0.33560110443097280     
         346  0.33560110443097280     
         347  0.33560110443097280     
         348  0.33560110443097280     
         349  0.33560110443097280     
         350  0.33560110443097280     
         351  0.33560110443097280     
         352  0.33560110443097280     
         353  0.33560110443097280     
         354  0.33560110443097280     
         355  0.33560110443097280     
         356  0.33560110443097280     
         357  0.33560110443097280     
         358  0.33560110443097280     
         359  0.33560110443097280     
         360  0.33560110443097280     
         361  0.33560110443097280     
         362  0.33560110443097280     
         363  0.33560110443097280     
         364  0.33560110443097280     
         365  0.33560110443097280     
         366  0.33560110443097280     
         367  0.33560110443097280     
         368  0.33560110443097280     
         369  0.33560110443097280     
         370  0.33560110443097280     
         371  0.33560110443097280     
         372  0.33560110443097280     
         373  0.33560110443097280     
         374  0.33560110443097280     
         375  0.33560110443097280     
         376  0.33560110443097280     
         377  0.33560110443097280     
         378  0.33560110443097280     
         379  0.33560110443097280     
         380  0.33560110443097280     
         381  0.33560110443097280     
         382  0.33560110443097280     
         383  0.33560110443097280     
         384  0.33560110443097280     
         385  0.33560110443097280     
         386  0.33560110443097280     
         387  0.33560110443097280     
         388  0.33560110443097280     
         389  0.33560110443097280     
         390  0.33560110443097280     
         391  0.33560110443097280     
         392  0.33560110443097280     
         393  0.33560110443097280     
         394  0.33560110443097280     
         395  0.33560110443097280     
         396  0.33560110443097280     
         397  0.33560110443097280     
         398  0.33560110443097280     
         399  0.33560110443097280     
         400  0.33560110443097280     
         401  0.33560110443097280     
         402  0.33560110443097280     
         403  0.33560110443097280     
         404  0.33560110443097280     
         405  0.33560110443097280     
         406  0.33560110443097280     
         407  0.33560110443097280     
         408  0.33560110443097280     
         409  0.33560110443097280     
         410  0.33560110443097280     
         411  0.33560110443097280     
         412  0.33560110443097280     
         413  0.33560110443097280     
         414  0.33560110443097280     
         415  0.33560110443097280     
         416  0.33560110443097280     
         417  0.33560110443097280     
         418  0.33560110443097280     
         419  0.33560110443097280     
         420  0.33560110443097280     
         421  0.33560110443097280     
         422  0.33560110443097280     
         423  0.33560110443097280     
         424  0.33560110443097280     
         425  0.33560110443097280     
         426  0.33560110443097280     
         427  0.33560110443097280     
         428  0.33560110443097280     
         429  0.33560110443097280     
         430  0.33560110443097280     
         431  0.33560110443097280     
         432  0.33560110443097280     
         433  0.33560110443097280     
         434  0.33560110443097280     
         435  0.33560110443097280     
         436  0.33560110443097280     
         437  0.33560110443097280     
         438  0.33560110443097280     
         439  0.33560110443097280     
         440  0.33560110443097280     
         441  0.33560110443097280     
         442  0.33560110443097280     
         443  0.33560110443097280     
         444  0.33560110443097280     
         445  0.33560110443097280     
         446  0.33560110443097280     
         447  0.33560110443097280     
         448  0.33560110443097280     
         449  0.33560110443097280     
         450  0.33560110443097280     
         451  0.33560110443097280     
         452  0.33560110443097280     
         453  0.33560110443097280     
         454  0.33560110443097280     
         455  0.33560110443097280     
         456  0.33560110443097280     
         457  0.33560110443097280     
         458  0.33560110443097280     
         459  0.33560110443097280     
         460  0.33560110443097280     
         461  0.33560110443097280     
         462  0.33560110443097280     
         463  0.33560110443097280     
         464  0.33560110443097280     
         465  0.33560110443097280     
         466  0.33560110443097280     
         467  0.33560110443097280     
         468  0.33560110443097280     
         469  0.33560110443097280     
         470  0.33560110443097280     
         471  0.33560110443097280     
         472  0.33560110443097280     
         473  0.33560110443097280     
         474  0.33560110443097280     
         475  0.33560110443097280     
         476  0.33560110443097280     
         477  0.33560110443097280     
         478  0.33560110443097280     
         479  0.33560110443097280     
         480  0.33560110443097280     
         481  0.33560110443097280     
         482  0.33560110443097280     
         483  0.33560110443097280     
         484  0.33560110443097280     
         485  0.33560110443097280     
         486  0.33560110443097280     
         487  0.33560110443097280     
         488  0.33560110443097280     
         489  0.33560110443097280     
         490  0.33560110443097280     
         491  0.33560110443097280     
         492  0.33560110443097280     
         493  0.33560110443097280     
         494  0.33560110443097280     
         495  0.33560110443097280     
         496  0.33560110443097280     
         497  0.33560110443097280     
         498  0.33560110443097280     
         499  0.33560110443097280     
         500  0.33560110443097280     
         501  0.33560110443097280     
         502  0.33560110443097280     
         503  0.33560110443097280     
         504  0.33560110443097280     
         505  0.33560110443097280     
         506  0.33560110443097280     
         507  0.33560110443097280     
         508  0.33560110443097280     
         509  0.33560110443097280     
         510  0.33560110443097280     
         511  0.33560110443097280     
         512  0.33560110443097280     
         513  0.33560110443097280     
         514  0.33560110443097280     
         515  0.33560110443097280     
         516  0.33560110443097280     
         517  0.33560110443097280     
         518  0.33560110443097280     
         519  0.33560110443097280     
         520  0.33560110443097280     
         521  0.33560110443097280     
         522  0.33560110443097280     
         523  0.33560110443097280     
         524  0.33560110443097280     
         525  0.33560110443097280     
         526  0.33560110443097280     
         527  0.33560110443097280     
         528  0.33560110443097280     
         529  0.33560110443097280     
         530  0.33560110443097280     
         531  0.33560110443097280     
         532  0.33560110443097280     
         533  0.33560110443097280     
         534  0.33560110443097280     
         535  0.33560110443097280     
         536  0.33560110443097280     
         537  0.33560110443097280     
         538  0.33560110443097280     
         539  0.33560110443097280     
         540  0.33560110443097280     
         541  0.33560110443097280     
         542  0.33560110443097280     
         543  0.33560110443097280     
         544  0.33560110443097280     
         545  0.33560110443097280     
         546  0.33560110443097280     
         547  0.33560110443097280     
         548  0.33560110443097280     
         549  0.33560110443097280     
         550  0.33560110443097280     
         551  0.33560110443097280     
         552  0.33560110443097280     
         553  0.33560110443097280     
         554  0.33560110443097280     
         555  0.33560110443097280     
         556  0.33560110443097280     
         557  0.33560110443097280     
         558  0.33560110443097280     
         559  0.33560110443097280     
         560  0.33560110443097280     
         561  0.33560110443097280     
         562  0.33560110443097280     
         563  0.33560110443097280     
         564  0.33560110443097280     
         565  0.33560110443097280     
         566  0.33560110443097280     
         567  0.33560110443097280     
         568  0.33560110443097280     
         569  0.33560110443097280     
         570  0.33560110443097280     
         571  0.33560110443097280     
         572  0.33560110443097280     
         573  0.33560110443097280     
         574  0.33560110443097280     
         575  0.33560110443097280     
         576  0.33560110443097280     
         577  0.33560110443097280     
         578  0.33560110443097280     
         579  0.33560110443097280     
         580  0.33560110443097280     
         581  0.33560110443097280     
         582  0.33560110443097280     
         583  0.33560110443097280     
         584  0.33560110443097280     
         585  0.33560110443097280     
         586  0.33560110443097280     
         587  0.33560110443097280     
         588  0.33560110443097280     
         589  0.33560110443097280     
         590  0.33560110443097280     
         591  0.33560110443097280     
         592  0.33560110443097280     
         593  0.33560110443097280     
         594  0.33560110443097280     
         595  0.33560110443097280     
         596  0.33560110443097280     
         597  0.33560110443097280     
         598  0.33560110443097280     
         599  0.33560110443097280     
         600  0.33560110443097280     
         601  0.33560110443097280     
         602  0.33560110443097280     
         603  0.33560110443097280     
         604  0.33560110443097280     
         605  0.33560110443097280     
         606  0.33560110443097280     
         607  0.33560110443097280     
         608  0.33560110443097280     
         609  0.33560110443097280     
         610  0.33560110443097280     
         611  0.33560110443097280     
         612  0.33560110443097280     
         613  0.33560110443097280     
         614  0.33560110443097280     
         615  0.33560110443097280     
         616  0.33560110443097280     
         617  0.33560110443097280     
         618  0.33560110443097280     
         619  0.33560110443097280     
         620  0.33560110443097280     
         621  0.33560110443097280     
         622  0.33560110443097280     
         623  0.33560110443097280     
         624  0.33560110443097280     
         625  0.33560110443097280     
         626  0.33560110443097280     
         627  0.33560110443097280     
         628  0.33560110443097280     
         629  0.33560110443097280     
         630  0.33560110443097280     
         631  0.33560110443097280     
         632  0.33560110443097280     
         633  0.33560110443097280     
         634  0.33560110443097280     
         635  0.33560110443097280     
         636  0.33560110443097280     
         637  0.33560110443097280     
         638  0.33560110443097280     
         639  0.33560110443097280     
         640  0.33560110443097280     
         641  0.33560110443097280     
         642  0.33560110443097280     
         643  0.33560110443097280     
         644  0.33560110443097280     
         645  0.33560110443097280     
         646  0.33560110443097280     
         647  0.33560110443097280     
         648  0.33560110443097280     
         649  0.33560110443097280     
         650  0.33560110443097280     
         651  0.33560110443097280     
         652  0.33560110443097280     
         653  0.33560110443097280     
         654  0.33560110443097280     
         655  0.33560110443097280     
         656  0.33560110443097280     
         657  0.33560110443097280     
         658  0.33560110443097280     
         659  0.33560110443097280     
         660  0.33560110443097280     
         661  0.33560110443097280     
         662  0.33560110443097280     
         663  0.33560110443097280     
         664  0.33560110443097280     
         665  0.33560110443097280     
         666  0.33560110443097280     
         667  0.33560110443097280     
         668  0.33560110443097280     
         669  0.33560110443097280     
         670  0.33560110443097280     
         671  0.33560110443097280     
         672  0.33560110443097280     
         673  0.33560110443097280     
         674  0.33560110443097280     
         675  0.33560110443097280     
         676  0.33560110443097280     
         677  0.33560110443097280     
         678  0.33560110443097280     
         679  0.33560110443097280     
         680  0.33560110443097280     
         681  0.33560110443097280     
         682  0.33560110443097280     
         683  0.33560110443097280     
         684  0.33560110443097280     
         685  0.33560110443097280     
         686  0.33560110443097280     
         687  0.33560110443097280     
         688  0.33560110443097280     
         689  0.33560110443097280     
         690  0.33560110443097280     
         691  0.33560110443097280     
         692  0.33560110443097280     
         693  0.33560110443097280     
         694  0.33560110443097280     
         695  0.33560110443097280     
         696  0.33560110443097280     
         697  0.33560110443097280     
         698  0.33560110443097280     
         699  0.33560110443097280     
         700  0.33560110443097280     
         701  0.33560110443097280     
         702  0.33560110443097280     
         703  0.33560110443097280     
         704  0.33560110443097280     
         705  0.33560110443097280     
         706  0.33560110443097280     
         707  0.33560110443097280     
         708  0.33560110443097280     
         709  0.33560110443097280     
         710  0.33560110443097280     
         711  0.33560110443097280     
         712  0.33560110443097280     
         713  0.33560110443097280     
         714  0.33560110443097280     
         715  0.33560110443097280     
         716  0.33560110443097280     
         717  0.33560110443097280     
         718  0.33560110443097280     
         719  0.33560110443097280     
         720  0.33560110443097280     
         721  0.33560110443097280     
         722  0.33560110443097280     
         723  0.33560110443097280     
         724  0.33560110443097280     
         725  0.33560110443097280     
         726  0.33560110443097280     
         727  0.33560110443097280     
         728  0.33560110443097280     
         729  0.33560110443097280     
         730  0.33560110443097280     
         731  0.33560110443097280     
         732  0.33560110443097280     
         733  0.33560110443097280     
         734  0.33560110443097280     
         735  0.33560110443097280     
         736  0.33560110443097280     
         737  0.33560110443097280     
         738  0.33560110443097280     
         739  0.33560110443097280     
         740  0.33560110443097280     
         741  0.33560110443097280     
         742  0.33560110443097280     
         743  0.33560110443097280     
         744  0.33560110443097280     
         745  0.33560110443097280     
         746  0.33560110443097280     
         747  0.33560110443097280     
         748  0.33560110443097280     
         749  0.33560110443097280     
         750  0.33560110443097280     
         751  0.33560110443097280     
         752  0.33560110443097280     
         753  0.33560110443097280     
         754  0.33560110443097280     
         755  0.33560110443097280     
         756  0.33560110443097280     
         757  0.33560110443097280     
         758  0.33560110443097280     
         759  0.33560110443097280     
         760  0.33560110443097280     
         761  0.33560110443097280     
         762  0.33560110443097280     
         763  0.33560110443097280     
         764  0.33560110443097280     
         765  0.33560110443097280     
         766  0.33560110443097280     
         767  0.33560110443097280     
         768  0.33560110443097280     
         769  0.33560110443097280     
         770  0.33560110443097280     
         771  0.33560110443097280     
         772  0.33560110443097280     
         773  0.33560110443097280     
         774  0.33560110443097280     
         775  0.33560110443097280     
         776  0.33560110443097280     
         777  0.33560110443097280     
         778  0.33560110443097280     
         779  0.33560110443097280     
         780  0.33560110443097280     
         781  0.33560110443097280     
         782  0.33560110443097280     
         783  0.33560110443097280     
         784  0.33560110443097280     
         785  0.33560110443097280     
         786  0.33560110443097280     
         787  0.33560110443097280     
         788  0.33560110443097280     
         789  0.33560110443097280     
         790  0.33560110443097280     
         791  0.33560110443097280     
         792  0.33560110443097280     
         793  0.33560110443097280     
         794  0.33560110443097280     
         795  0.33560110443097280     
         796  0.33560110443097280     
         797  0.33560110443097280     
         798  0.33560110443097280     
         799  0.33560110443097280     
         800  0.33560110443097280     
         801  0.33560110443097280     
         802  0.33560110443097280     
         803  0.33560110443097280     
         804  0.33560110443097280     
         805  0.33560110443097280     
         806  0.33560110443097280     
         807  0.33560110443097280     
         808  0.33560110443097280     
         809  0.33560110443097280     
         810  0.33560110443097280     
         811  0.33560110443097280     
         812  0.33560110443097280     
         813  0.33560110443097280     
         814  0.33560110443097280     
         815  0.33560110443097280     
         816  0.33560110443097280     
         817  0.33560110443097280     
         818  0.33560110443097280     
         819  0.33560110443097280     
         820  0.33560110443097280     
         821  0.33560110443097280     
         822  0.33560110443097280     
         823  0.33560110443097280     
         824  0.33560110443097280     
         825  0.33560110443097280     
         826  0.33560110443097280     
         827  0.33560110443097280     
         828  0.33560110443097280     
         829  0.33560110443097280     
         830  0.33560110443097280     
         831  0.33560110443097280     
         832  0.33560110443097280     
         833  0.33560110443097280     
         834  0.33560110443097280     
         835  0.33560110443097280     
         836  0.33560110443097280     
         837  0.33560110443097280     
         838  0.33560110443097280     
         839  0.33560110443097280     
         840  0.33560110443097280     
         841  0.33560110443097280     
         842  0.33560110443097280     
         843  0.33560110443097280     
         844  0.33560110443097280     
         845  0.33560110443097280     
         846  0.33560110443097280     
         847  0.33560110443097280     
         848  0.33560110443097280     
         849  0.33560110443097280     
         850  0.33560110443097280     
         851  0.33560110443097280     
         852  0.33560110443097280     
         853  0.33560110443097280     
         854  0.33560110443097280     
         855  0.33560110443097280     
         856  0.33560110443097280     
         857  0.33560110443097280     
         858  0.33560110443097280     
         859  0.33560110443097280     
         860  0.33560110443097280     
         861  0.33560110443097280     
         862  0.33560110443097280     
         863  0.33560110443097280     
         864  0.33560110443097280     
         865  0.33560110443097280     
         866  0.33560110443097280     
         867  0.33560110443097280     
         868  0.33560110443097280     
         869  0.33560110443097280     
         870  0.33560110443097280     
         871  0.33560110443097280     
         872  0.33560110443097280     
         873  0.33560110443097280     
         874  0.33560110443097280     
         875  0.33560110443097280     
         876  0.33560110443097280     
         877  0.33560110443097280     
         878  0.33560110443097280     
         879  0.33560110443097280     
         880  0.33560110443097280     
         881  0.33560110443097280     
         882  0.33560110443097280     
         883  0.33560110443097280     
         884  0.33560110443097280     
         885  0.33560110443097280     
         886  0.33560110443097280     
         887  0.33560110443097280     
         888  0.33560110443097280     
         889  0.33560110443097280     
         890  0.33560110443097280     
         891  0.33560110443097280     
         892  0.33560110443097280     
         893   3.9665431434567466E-002
         894   3.9665431434567466E-002
         895   3.9665431434567466E-002
         896   3.9665431434567466E-002
         897   3.9665431434567466E-002
         898   3.9665431434567466E-002
         899   3.9665431434567466E-002
         900   3.9665431434567466E-002
         901   3.9665431434567466E-002
         902   3.9665431434567466E-002
         903   3.9665431434567466E-002
         904   3.9665431434567466E-002
         905   3.9665431434567466E-002
         906   3.9665431434567466E-002
         907   3.9665431434567466E-002
         908   3.9665431434567466E-002
         909   3.9665431434567466E-002
         910   3.9665431434567466E-002
         911   3.9665431434567466E-002
         912   3.9665431434567466E-002
         913   3.9665431434567466E-002
         914   3.9665431434567466E-002
         915   3.9665431434567466E-002
         916   3.9665431434567466E-002
         917   3.9665431434567466E-002
         918   3.9665431434567466E-002
         919   3.9665431434567466E-002
         920   3.9665431434567466E-002
         921   3.9665431434567466E-002
         922   3.9665431434567466E-002
         923   3.9665431434567466E-002
         924   3.9665431434567466E-002
         925   3.9665431434567466E-002
         926   3.9665431434567466E-002
         927   3.9665431434567466E-002
         928   3.9665431434567466E-002
         929   3.9665431434567466E-002
         930   3.9665431434567466E-002
         931   3.9665431434567466E-002
         932   3.9665431434567466E-002
         933   3.9665431434567466E-002
         934   3.9665431434567466E-002
         935   3.9665431434567466E-002
         936   3.9665431434567466E-002
         937   3.9665431434567466E-002
         938   3.9665431434567466E-002
         939   3.9665431434567466E-002
         940   3.9665431434567466E-002
         941   3.9665431434567466E-002
         942   3.9665431434567466E-002
         943   3.9665431434567466E-002
         944   3.9665431434567466E-002
         945   3.9665431434567466E-002
         946   3.9665431434567466E-002
         947   3.9665431434567466E-002
         948   3.9665431434567466E-002
         949   3.9665431434567466E-002
         950   3.9665431434567466E-002
         951   3.9665431434567466E-002
         952   3.9665431434567466E-002
         953   3.9665431434567466E-002
         954   3.9665431434567466E-002
         955   3.9665431434567466E-002
         956   3.9665431434567466E-002
         957   3.9665431434567466E-002
         958   3.9665431434567466E-002
         959   3.9665431434567466E-002
         960   3.9665431434567466E-002
         961   3.9665431434567466E-002
         962   3.9665431434567466E-002
         963   3.9665431434567466E-002
         964   3.9665431434567466E-002
         965   3.9665431434567466E-002
         966   3.9665431434567466E-002
         967   3.9665431434567466E-002
         968   3.9665431434567466E-002
         969   3.9665431434567466E-002
         970   3.9665431434567466E-002
         971   3.9665431434567466E-002
         972   3.9665431434567466E-002
         973   3.9665431434567466E-002
         974   3.9665431434567466E-002
         975   3.9665431434567466E-002
         976   3.9665431434567466E-002
         977   3.9665431434567466E-002
         978   3.9665431434567466E-002
         979   3.9665431434567466E-002
         980   3.9665431434567466E-002
         981   3.9665431434567466E-002
         982   3.9665431434567466E-002
         983   3.9665431434567466E-002
         984   3.9665431434567466E-002
         985   3.9665431434567466E-002
         986   3.9665431434567466E-002
         987   3.9665431434567466E-002
         988   3.9665431434567466E-002
         989   3.9665431434567466E-002
         990   3.9665431434567466E-002
         991   3.9665431434567466E-002
         992   3.9665431434567466E-002
         993   3.9665431434567466E-002
         994   3.9665431434567466E-002
         995   3.9665431434567466E-002
         996   3.9665431434567466E-002
         997   3.9665431434567466E-002
         998   3.9665431434567466E-002
         999   3.9665431434567466E-002
        1000   3.9665431434567466E-002
        1001   3.9665431434567466E-002
        1002   3.9665431434567466E-002
        1003   3.9665431434567466E-002
        1004   3.9665431434567466E-002
        1005   3.9665431434567466E-002
        1006   3.9665431434567466E-002
        1007   3.9665431434567466E-002
        1008   3.9665431434567466E-002
        1009   3.9665431434567466E-002
        1010   3.9665431434567466E-002
        1011   3.9665431434567466E-002
        1012   3.9665431434567466E-002
        1013   3.9665431434567466E-002
        1014   3.9665431434567466E-002
        1015   3.9665431434567466E-002
        1016   3.9665431434567466E-002
        1017   3.9665431434567466E-002
        1018   3.9665431434567466E-002
        1019   3.9665431434567466E-002
        1020   3.9665431434567466E-002
        1021   3.9665431434567466E-002
        1022   3.9665431434567466E-002
        1023   3.9665431434567466E-002
        1024   3.9665431434567466E-002
        1025   3.9665431434567466E-002
        1026   3.9665431434567466E-002
        1027   3.9665431434567466E-002
        1028   3.9665431434567466E-002
        1029   3.9665431434567466E-002
        1030   3.9665431434567466E-002
        1031   3.9665431434567466E-002
        1032   3.9665431434567466E-002
        1033   3.9665431434567466E-002
        1034   3.9665431434567466E-002
        1035   3.9665431434567466E-002
        1036   3.9665431434567466E-002
        1037   3.9665431434567466E-002
        1038   3.9665431434567466E-002
        1039   3.9665431434567466E-002
        1040   3.9665431434567466E-002
        1041   3.9665431434567466E-002
        1042   3.9665431434567466E-002
        1043   3.9665431434567466E-002
        1044   3.9665431434567466E-002
        1045   3.9665431434567466E-002
        1046   3.9665431434567466E-002
        1047   3.9665431434567466E-002
        1048   3.9665431434567466E-002
        1049   3.9665431434567466E-002
        1050   3.9665431434567466E-002
        1051   3.9665431434567466E-002
        1052   3.9665431434567466E-002
        1053   3.9665431434567466E-002
        1054   3.9665431434567466E-002
        1055   3.9665431434567466E-002
        1056   3.9665431434567466E-002
        1057   3.9665431434567466E-002
        1058   3.9665431434567466E-002
        1059   3.9665431434567466E-002
        1060   3.9665431434567466E-002
        1061   3.9665431434567466E-002
        1062   3.9665431434567466E-002
        1063   3.9665431434567466E-002
        1064   3.9665431434567466E-002
        1065   3.9665431434567466E-002
        1066   3.9665431434567466E-002
        1067   3.9665431434567466E-002
        1068   3.9665431434567466E-002
        1069   3.9665431434567466E-002
        1070   3.9665431434567466E-002
        1071   3.9665431434567466E-002
        1072   3.9665431434567466E-002
        1073   3.9665431434567466E-002
        1074   3.9665431434567466E-002
        1075   3.9665431434567466E-002
        1076   3.9665431434567466E-002
        1077   3.9665431434567466E-002
        1078   3.9665431434567466E-002
        1079   3.9665431434567466E-002
        1080   3.9665431434567466E-002
        1081   3.9665431434567466E-002
        1082   3.9665431434567466E-002
        1083   3.9665431434567466E-002
        1084   3.9665431434567466E-002
        1085   3.9665431434567466E-002
        1086   3.9665431434567466E-002
        1087   3.9665431434567466E-002
        1088   3.9665431434567466E-002
        1089   3.9665431434567466E-002
        1090   3.9665431434567466E-002
        1091   3.9665431434567466E-002
        1092   3.9665431434567466E-002
        1093   3.9665431434567466E-002
        1094   3.9665431434567466E-002
        1095   3.9665431434567466E-002
        1096   3.9665431434567466E-002
        1097   3.9665431434567466E-002
        1098   3.9665431434567466E-002
        1099   3.9665431434567466E-002
        1100   3.9665431434567466E-002
        1101   3.9665431434567466E-002
        1102   3.9665431434567466E-002
        1103   3.9665431434567466E-002
        1104   3.9665431434567466E-002
        1105   3.9665431434567466E-002
        1106   3.9665431434567466E-002
        1107   3.9665431434567466E-002
        1108   3.9665431434567466E-002
        1109   3.9665431434567466E-002
        1110   3.9665431434567466E-002
        1111   3.9665431434567466E-002
        1112   3.9665431434567466E-002
        1113   3.9665431434567466E-002
        1114   3.9665431434567466E-002
        1115   3.9665431434567466E-002
        1116   3.9665431434567466E-002
        1117   3.9665431434567466E-002
        1118   3.9665431434567466E-002
        1119   3.9665431434567466E-002
        1120   3.9665431434567466E-002
        1121   3.9665431434567466E-002
        1122   3.9665431434567466E-002
        1123   3.9665431434567466E-002
        1124   3.9665431434567466E-002
        1125   3.9665431434567466E-002
        1126   3.9665431434567466E-002
        1127   3.9665431434567466E-002
        1128   3.9665431434567466E-002
        1129   3.9665431434567466E-002
        1130   3.9665431434567466E-002
        1131   3.9665431434567466E-002
        1132   3.9665431434567466E-002
        1133   3.9665431434567466E-002
        1134   3.9665431434567466E-002
        1135   3.9665431434567466E-002
        1136   3.9665431434567466E-002
        1137   3.9665431434567466E-002
        1138   3.9665431434567466E-002
        1139   3.9665431434567466E-002
        1140   3.9665431434567466E-002
        1141   3.9665431434567466E-002
        1142   3.9665431434567466E-002
        1143   3.9665431434567466E-002
        1144   3.9665431434567466E-002
        1145   3.9665431434567466E-002
        1146   3.9665431434567466E-002
        1147   3.9665431434567466E-002
        1148   3.9665431434567466E-002
        1149   3.9665431434567466E-002
        1150   3.9665431434567466E-002
        1151   3.9665431434567466E-002
        1152   3.9665431434567466E-002
        1153   3.9665431434567466E-002
        1154   3.9665431434567466E-002
        1155   3.9665431434567466E-002
        1156   3.9665431434567466E-002
        1157   3.9665431434567466E-002
        1158   3.9665431434567466E-002
        1159   3.9665431434567466E-002
        1160   3.9665431434567466E-002
        1161   3.9665431434567466E-002
        1162   3.9665431434567466E-002
        1163   3.9665431434567466E-002
        1164   3.9665431434567466E-002
        1165   3.9665431434567466E-002
        1166   3.9665431434567466E-002
        1167   3.9665431434567466E-002
        1168   3.9665431434567466E-002
        1169   3.9665431434567466E-002
        1170   3.9665431434567466E-002
        1171   3.9665431434567466E-002
        1172   3.9665431434567466E-002
        1173   3.9665431434567466E-002
        1174   3.9665431434567466E-002
        1175   3.9665431434567466E-002
        1176   3.9665431434567466E-002
        1177   3.9665431434567466E-002
        1178   3.9665431434567466E-002
        1179   3.9665431434567466E-002
        1180   3.9665431434567466E-002
        1181   3.9665431434567466E-002
        1182   3.9665431434567466E-002
        1183   3.9665431434567466E-002
        1184   3.9665431434567466E-002
        1185   3.9665431434567466E-002
        1186   3.9665431434567466E-002
        1187   3.9665431434567466E-002
        1188   3.9665431434567466E-002
        1189   3.9665431434567466E-002
        1190   3.9665431434567466E-002
        1191   3.9665431434567466E-002
        1192   3.9665431434567466E-002
        1193   3.9665431434567466E-002
        1194   3.9665431434567466E-002
        1195   3.9665431434567466E-002
        1196   3.9665431434567466E-002
        1197   3.9665431434567466E-002
        1198   3.9665431434567466E-002
        1199   3.9665431434567466E-002
        1200   3.9665431434567466E-002
        1201   3.9665431434567466E-002
        1202   3.9665431434567466E-002
        1203   3.9665431434567466E-002
        1204   3.9665431434567466E-002
        1205   3.9665431434567466E-002
        1206   3.9665431434567466E-002
        1207   3.9665431434567466E-002
        1208   3.9665431434567466E-002
        1209   3.9665431434567466E-002
        1210   3.9665431434567466E-002
        1211   3.9665431434567466E-002
        1212   3.9665431434567466E-002
        1213   3.9665431434567466E-002
        1214   3.9665431434567466E-002
        1215   3.9665431434567466E-002
        1216   3.9665431434567466E-002
        1217   3.9665431434567466E-002
        1218   3.9665431434567466E-002
        1219   3.9665431434567466E-002
        1220   3.9665431434567466E-002
        1221   3.9665431434567466E-002
        1222   3.9665431434567466E-002
        1223   3.9665431434567466E-002
        1224   3.9665431434567466E-002
        1225   3.9665431434567466E-002
        1226   3.9665431434567466E-002
        1227   3.9665431434567466E-002
        1228   3.9665431434567466E-002
        1229   3.9665431434567466E-002
        1230   3.9665431434567466E-002
        1231   3.9665431434567466E-002
        1232   3.9665431434567466E-002
        1233   3.9665431434567466E-002
        1234   3.9665431434567466E-002
        1235   3.9665431434567466E-002
        1236   3.9665431434567466E-002
        1237   3.9665431434567466E-002
        1238   3.9665431434567466E-002
        1239   3.9665431434567466E-002
        1240   3.9665431434567466E-002
        1241   3.9665431434567466E-002
        1242   3.9665431434567466E-002
        1243   3.9665431434567466E-002
        1244   3.9665431434567466E-002
        1245   3.9665431434567466E-002
        1246   3.9665431434567466E-002
        1247   3.9665431434567466E-002
        1248   3.9665431434567466E-002
        1249   3.9665431434567466E-002
        1250   3.9665431434567466E-002
        1251   3.9665431434567466E-002
        1252   3.9665431434567466E-002
        1253   3.9665431434567466E-002
        1254   3.9665431434567466E-002
        1255   3.9665431434567466E-002
        1256   3.9665431434567466E-002
        1257   3.9665431434567466E-002
        1258   3.9665431434567466E-002
        1259   3.9665431434567466E-002
        1260   3.9665431434567466E-002
        1261   3.9665431434567466E-002
        1262   3.9665431434567466E-002
        1263   3.9665431434567466E-002
        1264   3.9665431434567466E-002
        1265   3.9665431434567466E-002
        1266   3.9665431434567466E-002
        1267   3.9665431434567466E-002
        1268   3.9665431434567466E-002
        1269   3.9665431434567466E-002
        1270   3.9665431434567466E-002
        1271   3.9665431434567466E-002
        1272   3.9665431434567466E-002
        1273   3.9665431434567466E-002
        1274   3.9665431434567466E-002
        1275   3.9665431434567466E-002
        1276   3.9665431434567466E-002
        1277   3.9665431434567466E-002
        1278   3.9665431434567466E-002
        1279   3.9665431434567466E-002
        1280   3.9665431434567466E-002
        1281   3.9665431434567466E-002
        1282   3.9665431434567466E-002
        1283   3.9665431434567466E-002
        1284   3.9665431434567466E-002
        1285   3.9665431434567466E-002
        1286   3.9665431434567466E-002
        1287   3.9665431434567466E-002
        1288   3.9665431434567466E-002
        1289   3.9665431434567466E-002
        1290   3.9665431434567466E-002
        1291   3.9665431434567466E-002
        1292   3.9665431434567466E-002
        1293   3.9665431434567466E-002
        1294   3.9665431434567466E-002
        1295   3.9665431434567466E-002
        1296   3.9665431434567466E-002
        1297   3.9665431434567466E-002
        1298   3.9665431434567466E-002
        1299   3.9665431434567466E-002
        1300   3.9665431434567466E-002
        1301   3.9665431434567466E-002
        1302   3.9665431434567466E-002
        1303   3.9665431434567466E-002
        1304   3.9665431434567466E-002
        1305   3.9665431434567466E-002
        1306   3.9665431434567466E-002
        1307   3.9665431434567466E-002
        1308   3.9665431434567466E-002
        1309   3.9665431434567466E-002
        1310   3.9665431434567466E-002
        1311   3.9665431434567466E-002
        1312   3.9665431434567466E-002
        1313   3.9665431434567466E-002
        1314   3.9665431434567466E-002
        1315   3.9665431434567466E-002
        1316   3.9665431434567466E-002
        1317   3.9665431434567466E-002
        1318   3.9665431434567466E-002
        1319   3.9665431434567466E-002
        1320   3.9665431434567466E-002
        1321   3.9665431434567466E-002
        1322   3.9665431434567466E-002
        1323   3.9665431434567466E-002
        1324   3.9665431434567466E-002
        1325   3.9665431434567466E-002
        1326   3.9665431434567466E-002
        1327   3.9665431434567466E-002
        1328   3.9665431434567466E-002
        1329   3.9665431434567466E-002
        1330   3.9665431434567466E-002
        1331   3.9665431434567466E-002
        1332   3.9665431434567466E-002
        1333   3.9665431434567466E-002
        1334   3.9665431434567466E-002
        1335   3.9665431434567466E-002
        1336   3.9665431434567466E-002
        1337   3.9665431434567466E-002
        1338   3.9665431434567466E-002
        1339   3.9665431434567466E-002
        1340   3.9665431434567466E-002
        1341   3.9665431434567466E-002
        1342   3.9665431434567466E-002
        1343   3.9665431434567466E-002
        1344   3.9665431434567466E-002
        1345   3.9665431434567466E-002
        1346   3.9665431434567466E-002
        1347   3.9665431434567466E-002
        1348   3.9665431434567466E-002
        1349   3.9665431434567466E-002
        1350   3.9665431434567466E-002
        1351   3.9665431434567466E-002
        1352   3.9665431434567466E-002
        1353   3.9665431434567466E-002
        1354   3.9665431434567466E-002
        1355   3.9665431434567466E-002
        1356   3.9665431434567466E-002
        1357   3.9665431434567466E-002
        1358   3.9665431434567466E-002
        1359   3.9665431434567466E-002
        1360   3.9665431434567466E-002
        1361   3.9665431434567466E-002
        1362   3.9665431434567466E-002
        1363   3.9665431434567466E-002
        1364   3.9665431434567466E-002
        1365   3.9665431434567466E-002
        1366   3.9665431434567466E-002
        1367   3.9665431434567466E-002
        1368   3.9665431434567466E-002
        1369   3.9665431434567466E-002
        1370   3.9665431434567466E-002
        1371   3.9665431434567466E-002
        1372   3.9665431434567466E-002
        1373   3.9665431434567466E-002
        1374   3.9665431434567466E-002
        1375   3.9665431434567466E-002
        1376   3.9665431434567466E-002
        1377   3.9665431434567466E-002
        1378   3.9665431434567466E-002
        1379   3.9665431434567466E-002
        1380   3.9665431434567466E-002
        1381   3.9665431434567466E-002
        1382   3.9665431434567466E-002
        1383   3.9665431434567466E-002
        1384   3.9665431434567466E-002
        1385   3.9665431434567466E-002
        1386   3.9665431434567466E-002
        1387   3.9665431434567466E-002
        1388   3.9665431434567466E-002
        1389   3.9665431434567466E-002
        1390   3.9665431434567466E-002
        1391   3.9665431434567466E-002
        1392   3.9665431434567466E-002
        1393   3.9665431434567466E-002
        1394   3.9665431434567466E-002
        1395   3.9665431434567466E-002
        1396   3.9665431434567466E-002
        1397   3.9665431434567466E-002
        1398   3.9665431434567466E-002
        1399   3.9665431434567466E-002
        1400   3.9665431434567466E-002
        1401   3.9665431434567466E-002
        1402   3.9665431434567466E-002
        1403   3.9665431434567466E-002
        1404   3.9665431434567466E-002
        1405   3.9665431434567466E-002
        1406   3.9665431434567466E-002
        1407   3.9665431434567466E-002
        1408   3.9665431434567466E-002
        1409   3.9665431434567466E-002
        1410   3.9665431434567466E-002
        1411   3.9665431434567466E-002
        1412   3.9665431434567466E-002
        1413   3.9665431434567466E-002
        1414   3.9665431434567466E-002
        1415   3.9665431434567466E-002
        1416   3.9665431434567466E-002
        1417   3.9665431434567466E-002
        1418   3.9665431434567466E-002
        1419   3.9665431434567466E-002
        1420   3.9665431434567466E-002
        1421   3.9665431434567466E-002
        1422   3.9665431434567466E-002
        1423   3.9665431434567466E-002
        1424   3.9665431434567466E-002
        1425   3.9665431434567466E-002
        1426   3.9665431434567466E-002
        1427   3.9665431434567466E-002
        1428   3.9665431434567466E-002
        1429   3.9665431434567466E-002
        1430   3.9665431434567466E-002
        1431   3.9665431434567466E-002
        1432   3.9665431434567466E-002
        1433   3.9665431434567466E-002
        1434   3.9665431434567466E-002
        1435   3.9665431434567466E-002
        1436   3.9665431434567466E-002
        1437   3.9665431434567466E-002
        1438   3.9665431434567466E-002
        1439   3.9665431434567466E-002
        1440   3.9665431434567466E-002
        1441   3.9665431434567466E-002
        1442   3.9665431434567466E-002
        1443   3.9665431434567466E-002
        1444   3.9665431434567466E-002
        1445   3.9665431434567466E-002
        1446   3.9665431434567466E-002
        1447   3.9665431434567466E-002
        1448   3.9665431434567466E-002
        1449   3.9665431434567466E-002
        1450   3.9665431434567466E-002
        1451   3.9665431434567466E-002
        1452   3.9665431434567466E-002
        1453   3.9665431434567466E-002
        1454   3.9665431434567466E-002
        1455   3.9665431434567466E-002
        1456   3.9665431434567466E-002
        1457   3.9665431434567466E-002
        1458   3.9665431434567466E-002
        1459   3.9665431434567466E-002
        1460   3.9665431434567466E-002
        1461   3.9665431434567466E-002
        1462   3.9665431434567466E-002
        1463   3.9665431434567466E-002
        1464   3.9665431434567466E-002
        1465   3.9665431434567466E-002
        1466   3.9665431434567466E-002
        1467   3.9665431434567466E-002
        1468   3.9665431434567466E-002
        1469   3.9665431434567466E-002
        1470   3.9665431434567466E-002
        1471   3.9665431434567466E-002
        1472   3.9665431434567466E-002
        1473   3.9665431434567466E-002
        1474   3.9665431434567466E-002
        1475   3.9665431434567466E-002
        1476   3.9665431434567466E-002
        1477   3.9665431434567466E-002
        1478   3.9665431434567466E-002
        1479   3.9665431434567466E-002
        1480   3.9665431434567466E-002
        1481   3.9665431434567466E-002
        1482   3.9665431434567466E-002
        1483   3.9665431434567466E-002
        1484   3.9665431434567466E-002
        1485   3.9665431434567466E-002
        1486   3.9665431434567466E-002
        1487   3.9665431434567466E-002
        1488   3.9665431434567466E-002
        1489   3.9665431434567466E-002
        1490   3.9665431434567466E-002
        1491   3.9665431434567466E-002
        1492   3.9665431434567466E-002
        1493   3.9665431434567466E-002
        1494   3.9665431434567466E-002
        1495   3.9665431434567466E-002
        1496   3.9665431434567466E-002
        1497   3.9665431434567466E-002
        1498   3.9665431434567466E-002
        1499   3.9665431434567466E-002
        1500   3.9665431434567466E-002
        1501   3.9665431434567466E-002
        1502   3.9665431434567466E-002
        1503   3.9665431434567466E-002
        1504   3.9665431434567466E-002
        1505   3.9665431434567466E-002
        1506   3.9665431434567466E-002
        1507   3.9665431434567466E-002
        1508   3.9665431434567466E-002
        1509   3.9665431434567466E-002
        1510   3.9665431434567466E-002
        1511   3.9665431434567466E-002
        1512   3.9665431434567466E-002
        1513   3.9665431434567466E-002
        1514   3.9665431434567466E-002
        1515   3.9665431434567466E-002
        1516   3.9665431434567466E-002
        1517   3.9665431434567466E-002
        1518   3.9665431434567466E-002
        1519   3.9665431434567466E-002
        1520   3.9665431434567466E-002
        1521   3.9665431434567466E-002
        1522   3.9665431434567466E-002
        1523   3.9665431434567466E-002
        1524   3.9665431434567466E-002
        1525   3.9665431434567466E-002
        1526   3.9665431434567466E-002
        1527   3.9665431434567466E-002
        1528   3.9665431434567466E-002
        1529   3.9665431434567466E-002
        1530   3.9665431434567466E-002
        1531   3.9665431434567466E-002
        1532   3.9665431434567466E-002
        1533   3.9665431434567466E-002
        1534   3.9665431434567466E-002
        1535   3.9665431434567466E-002
        1536   3.9665431434567466E-002
        1537   3.9665431434567466E-002
        1538   3.9665431434567466E-002
        1539   3.9665431434567466E-002
        1540   3.9665431434567466E-002
        1541   3.9665431434567466E-002
        1542   3.9665431434567466E-002
        1543   3.9665431434567466E-002
        1544   3.9665431434567466E-002
        1545   3.9665431434567466E-002
        1546   3.9665431434567466E-002
        1547   3.9665431434567466E-002
        1548   3.9665431434567466E-002
        1549   3.9665431434567466E-002
        1550   3.9665431434567466E-002
        1551   3.9665431434567466E-002
        1552   3.9665431434567466E-002
        1553   3.9665431434567466E-002
        1554   3.9665431434567466E-002
        1555   3.9665431434567466E-002
        1556   3.9665431434567466E-002
        1557   3.9665431434567466E-002
        1558   3.9665431434567466E-002
        1559   3.9665431434567466E-002
        1560   3.9665431434567466E-002
        1561   3.9665431434567466E-002
        1562   3.9665431434567466E-002
        1563   3.9665431434567466E-002
        1564   3.9665431434567466E-002
        1565   3.9665431434567466E-002
        1566   3.9665431434567466E-002
        1567   3.9665431434567466E-002
        1568   3.9665431434567466E-002
        1569   3.9665431434567466E-002
        1570   3.9665431434567466E-002
        1571   3.9665431434567466E-002
        1572   3.9665431434567466E-002
        1573   3.9665431434567466E-002
        1574   3.9665431434567466E-002
        1575   3.9665431434567466E-002
        1576   3.9665431434567466E-002
        1577   3.9665431434567466E-002
        1578   3.9665431434567466E-002
        1579   3.9665431434567466E-002
        1580   3.9665431434567466E-002
        1581   3.9665431434567466E-002
        1582   3.9665431434567466E-002
        1583   3.9665431434567466E-002
        1584   3.9665431434567466E-002
        1585   3.9665431434567466E-002
        1586   3.9665431434567466E-002
        1587   3.9665431434567466E-002
        1588   3.9665431434567466E-002
        1589   3.9665431434567466E-002
        1590   3.9665431434567466E-002
        1591   3.9665431434567466E-002
        1592   3.9665431434567466E-002
        1593   3.9665431434567466E-002
        1594   3.9665431434567466E-002
        1595   0.0000000000000000     
