           1   7.3126345770623677     
           2   5.6516702822349609     
           3   4.1592529868552264     
           4   4.1592529868552264     
           5   4.1592529868552264     
           6   3.1555984449642036     
           7   2.5648207449798459     
           8   2.5648207449798459     
           9   1.4919348370484613     
          10   1.4919348370484613     
          11   1.4919348370484613     
          12   1.4919348370484613     
          13   1.4919348370484613     
          14   1.4919348370484613     
          15   1.4919348370484613     
          16   1.4919348370484613     
          17   1.4919348370484613     
          18   1.4919348370484613     
          19   1.4919348370484613     
          20   1.0198327157172837     
          21   1.0198327157172837     
          22   1.0198327157172837     
          23   1.0198327157172837     
          24   1.0198327157172837     
          25   1.0198327157172837     
          26   1.0198327157172837     
          27   1.0198327157172837     
          28   1.0198327157172837     
          29   1.0198327157172837     
          30   1.0198327157172837     
          31   1.0198327157172837     
          32   1.0198327157172837     
          33   1.0198327157172837     
          34   1.0198327157172837     
          35   1.0198327157172837     
          36   1.0198327157172837     
          37   1.0196654314345679     
          38   1.0196654314345679     
          39   1.0196654314345679     
          40   1.0196654314345679     
          41   1.0196654314345679     
          42   1.0196654314345679     
          43   1.0196654314345679     
          44   1.0196654314345679     
          45   1.0196654314345679     
          46   1.0000000000000000     
          47   1.0000000000000000     
          48   1.0000000000000000     
          49   1.0000000000000000     
          50   1.0000000000000000     
          51   1.0000000000000000     
          52   1.0000000000000000     
          53   1.0000000000000000     
          54   1.0000000000000000     
          55   1.0000000000000000     
          56   1.0000000000000000     
          57   1.0000000000000000     
          58   1.0000000000000000     
          59  0.99983271571728416     
          60  0.99983271571728416     
          61  0.99983271571728416     
          62  0.99983271571728416     
          63  0.99983271571728416     
          64  0.99983271571728416     
          65  0.99983271571728416     
          66  0.99983271571728416     
          67  0.99983271571728416     
          68  0.99983271571728416     
          69  0.99983271571728416     
          70  0.99983271571728416     
          71  0.99983271571728416     
          72  0.99983271571728416     
          73  0.99983271571728416     
          74  0.99983271571728416     
          75  0.99983271571728416     
          76  0.99983271571728416     
          77  0.99983271571728416     
          78  0.99983271571728416     
          79  0.99983271571728416     
          80  0.99983271571728416     
          81  0.99983271571728416     
          82  0.99983271571728416     
          83  0.99983271571728416     
          84  0.99983271571728416     
          85  0.99983271571728416     
          86  0.99983271571728416     
          87  0.99983271571728416     
          88  0.99983271571728416     
          89  0.99983271571728416     
          90  0.99983271571728416     
          91  0.99983271571728416     
          92  0.99983271571728416     
          93  0.99983271571728416     
          94  0.99983271571728416     
          95  0.99983271571728416     
          96  0.99983271571728416     
          97  0.99983271571728416     
          98  0.99983271571728416     
          99  0.99983271571728416     
         100  0.99983271571728416     
         101  0.99983271571728416     
         102  0.99983271571728416     
         103  0.99983271571728416     
         104  0.99983271571728416     
         105  0.99983271571728416     
         106  0.99983271571728416     
         107  0.99983271571728416     
         108  0.99983271571728416     
         109  0.99983271571728416     
         110  0.99983271571728416     
         111  0.99983271571728416     
         112  0.99983271571728416     
         113  0.99983271571728416     
         114  0.99983271571728416     
         115  0.99983271571728416     
         116  0.99983271571728416     
         117  0.99983271571728416     
         118  0.99983271571728416     
         119  0.99983271571728416     
         120  0.99983271571728416     
         121  0.99983271571728416     
         122  0.99983271571728416     
         123  0.99983271571728416     
         124  0.99983271571728416     
         125  0.99983271571728416     
         126  0.99983271571728416     
         127  0.99983271571728416     
         128  0.99983271571728416     
         129  0.99983271571728416     
         130  0.99983271571728416     
         131  0.99983271571728416     
         132  0.99983271571728416     
         133  0.99983271571728416     
         134  0.99983271571728416     
         135  0.99983271571728416     
         136  0.99983271571728416     
         137  0.99983271571728416     
         138  0.99983271571728416     
         139  0.99983271571728416     
         140  0.99983271571728416     
         141  0.99983271571728416     
         142  0.99983271571728416     
         143  0.99983271571728416     
         144  0.99983271571728416     
         145  0.99983271571728416     
         146  0.99983271571728416     
         147  0.99983271571728416     
         148  0.99983271571728416     
         149  0.99983271571728416     
         150  0.99983271571728416     
         151  0.99983271571728416     
         152  0.99983271571728416     
         153  0.99983271571728416     
         154  0.99983271571728416     
         155  0.99983271571728416     
         156  0.99983271571728416     
         157  0.99983271571728416     
         158  0.99983271571728416     
         159  0.99983271571728416     
         160  0.99983271571728416     
         161  0.99983271571728416     
         162  0.99983271571728416     
         163  0.99983271571728416     
         164  0.99983271571728416     
         165  0.99983271571728416     
         166  0.99983271571728416     
         167  0.99983271571728416     
         168  0.99983271571728416     
         169  0.99983271571728416     
         170  0.99983271571728416     
         171  0.99983271571728416     
         172  0.99983271571728416     
         173  0.99983271571728416     
         174  0.99983271571728416     
         175  0.99983271571728416     
         176  0.99983271571728416     
         177  0.99983271571728416     
         178  0.99983271571728416     
         179  0.99983271571728416     
         180  0.99983271571728416     
         181  0.99983271571728416     
         182  0.99983271571728416     
         183  0.99983271571728416     
         184  0.99983271571728416     
         185  0.99983271571728416     
         186  0.99983271571728416     
         187  0.99983271571728416     
         188  0.99983271571728416     
         189  0.99983271571728416     
         190  0.99983271571728416     
         191  0.99983271571728416     
         192  0.99983271571728416     
         193  0.99983271571728416     
         194  0.99983271571728416     
         195  0.99983271571728416     
         196  0.99983271571728416     
         197  0.99983271571728416     
         198  0.99983271571728416     
         199  0.99983271571728416     
         200  0.99983271571728416     
         201  0.99983271571728416     
         202  0.99983271571728416     
         203  0.99983271571728416     
         204  0.99983271571728416     
         205  0.99983271571728416     
         206  0.99983271571728416     
         207  0.99983271571728416     
         208  0.99983271571728416     
         209  0.99983271571728416     
         210  0.99983271571728416     
         211  0.99983271571728416     
         212  0.99983271571728416     
         213  0.99983271571728416     
         214  0.99983271571728416     
         215  0.99983271571728416     
         216  0.99983271571728416     
         217  0.99983271571728416     
         218  0.99983271571728416     
         219  0.99983271571728416     
         220  0.99983271571728416     
         221  0.99983271571728416     
         222  0.99983271571728416     
         223  0.99983271571728416     
         224  0.99983271571728416     
         225  0.99983271571728416     
         226  0.99983271571728416     
         227  0.99983271571728416     
         228  0.99983271571728416     
         229  0.99983271571728416     
         230  0.99983271571728416     
         231  0.99983271571728416     
         232  0.99983271571728416     
         233  0.99983271571728416     
         234  0.99983271571728416     
         235  0.99983271571728416     
         236  0.99983271571728416     
         237  0.99983271571728416     
         238  0.99983271571728416     
         239  0.99983271571728416     
         240  0.99983271571728416     
         241  0.99983271571728416     
         242  0.99983271571728416     
         243  0.99983271571728416     
         244  0.99983271571728416     
         245  0.99983271571728416     
         246  0.99983271571728416     
         247  0.99983271571728416     
         248  0.99983271571728416     
         249  0.99983271571728416     
         250  0.99983271571728416     
         251  0.99983271571728416     
         252  0.99983271571728416     
         253  0.99983271571728416     
         254  0.99983271571728416     
         255  0.99983271571728416     
         256  0.99983271571728416     
         257  0.99983271571728416     
         258  0.99983271571728416     
         259  0.99983271571728416     
         260  0.99983271571728416     
         261  0.99983271571728416     
         262  0.99983271571728416     
         263  0.99983271571728416     
         264  0.99983271571728416     
         265  0.99983271571728416     
         266  0.99983271571728416     
         267  0.99983271571728416     
         268  0.99983271571728416     
         269  0.99983271571728416     
         270  0.99983271571728416     
         271  0.99983271571728416     
         272  0.99983271571728416     
         273  0.99983271571728416     
         274  0.99983271571728416     
         275  0.99983271571728416     
         276  0.99983271571728416     
         277  0.99983271571728416     
         278  0.99983271571728416     
         279  0.99983271571728416     
         280  0.99983271571728416     
         281  0.99983271571728416     
         282  0.99983271571728416     
         283  0.99983271571728416     
         284  0.99983271571728416     
         285  0.99983271571728416     
         286  0.99983271571728416     
         287  0.99983271571728416     
         288  0.99983271571728416     
         289  0.99983271571728416     
         290  0.99983271571728416     
         291  0.99983271571728416     
         292  0.99983271571728416     
         293  0.99983271571728416     
         294  0.99983271571728416     
         295  0.99983271571728416     
         296  0.99983271571728416     
         297  0.99983271571728416     
         298  0.99983271571728416     
         299  0.99983271571728416     
         300  0.99983271571728416     
         301  0.99983271571728416     
         302  0.99983271571728416     
         303  0.99983271571728416     
         304  0.99983271571728416     
         305  0.99983271571728416     
         306  0.99983271571728416     
         307  0.99983271571728416     
         308  0.99983271571728416     
         309  0.99983271571728416     
         310  0.99983271571728416     
         311  0.99983271571728416     
         312  0.99983271571728416     
         313  0.99983271571728416     
         314  0.99983271571728416     
         315  0.99983271571728416     
         316  0.99983271571728416     
         317  0.99983271571728416     
         318  0.99983271571728416     
         319  0.99983271571728416     
         320  0.99983271571728416     
         321  0.99983271571728416     
         322  0.99983271571728416     
         323  0.99983271571728416     
         324  0.99983271571728416     
         325  0.99983271571728416     
         326  0.99983271571728416     
         327  0.99983271571728416     
         328  0.99983271571728416     
         329  0.99983271571728416     
         330  0.99983271571728416     
         331  0.99983271571728416     
         332  0.99983271571728416     
         333  0.99983271571728416     
         334  0.99983271571728416     
         335  0.99983271571728416     
         336  0.99983271571728416     
         337  0.99983271571728416     
         338  0.99983271571728416     
         339  0.99983271571728416     
         340  0.99983271571728416     
         341  0.99983271571728416     
         342  0.99983271571728416     
         343  0.99983271571728416     
         344  0.99983271571728416     
         345  0.99983271571728416     
         346  0.99983271571728416     
         347  0.99983271571728416     
         348  0.99983271571728416     
         349  0.99983271571728416     
         350  0.99983271571728416     
         351  0.99983271571728416     
         352  0.99983271571728416     
         353  0.99983271571728416     
         354  0.99983271571728416     
         355  0.99983271571728416     
         356  0.99983271571728416     
         357  0.99983271571728416     
         358  0.99983271571728416     
         359  0.99983271571728416     
         360  0.99983271571728416     
         361  0.99983271571728416     
         362  0.99983271571728416     
         363  0.99983271571728416     
         364  0.99983271571728416     
         365  0.99983271571728416     
         366  0.99983271571728416     
         367  0.99983271571728416     
         368  0.99983271571728416     
         369  0.99983271571728416     
         370  0.99983271571728416     
         371  0.99983271571728416     
         372  0.99983271571728416     
         373  0.99983271571728416     
         374  0.99983271571728416     
         375  0.99983271571728416     
         376  0.99983271571728416     
         377  0.99983271571728416     
         378  0.99983271571728416     
         379  0.99983271571728416     
         380  0.99983271571728416     
         381  0.99983271571728416     
         382   9.9085702572502043E-002
         383   9.9085702572502043E-002
         384   0.0000000000000000     
