           1   16.032614346855873     
           2   5.7280584160529200     
           3   3.8928027133595995     
           4   3.8928027133595995     
           5   1.8838696740969230     
           6   1.8838696740969230     
           7   1.8838696740969230     
           8   1.8838696740969230     
           9  0.51176755276574504     
          10  0.51176755276574504     
          11  0.51176755276574504     
          12  0.51176755276574504     
          13  0.51176755276574504     
          14  0.51176755276574504     
          15  0.51176755276574504     
          16  0.51176755276574504     
          17  0.51176755276574504     
          18  0.51176755276574504     
          19  0.51176755276574504     
          20  0.51176755276574504     
          21  0.51176755276574504     
          22  0.51176755276574504     
          23  0.51176755276574504     
          24  0.51176755276574504     
          25  0.51176755276574504     
          26  0.51176755276574504     
          27  0.51176755276574504     
          28  0.51176755276574504     
          29  0.51176755276574504     
          30  0.51176755276574504     
          31  0.51176755276574504     
          32  0.51176755276574504     
          33  0.51176755276574504     
          34  0.51176755276574504     
          35  0.51176755276574504     
          36  0.51176755276574504     
          37  0.51176755276574504     
          38  0.51176755276574504     
          39  0.51176755276574504     
          40  0.51176755276574504     
          41  0.51176755276574504     
          42  0.51176755276574504     
          43  0.51176755276574504     
          44  0.51176755276574504     
          45  0.51176755276574504     
          46  0.51176755276574504     
          47  0.51176755276574504     
          48  0.51176755276574504     
          49  0.51176755276574504     
          50  0.51176755276574504     
          51  0.51176755276574504     
          52  0.51176755276574504     
          53  0.51176755276574504     
          54  0.51176755276574504     
          55  0.51176755276574504     
          56  0.51176755276574504     
          57  0.51176755276574504     
          58  0.51176755276574504     
          59  0.51176755276574504     
          60  0.51176755276574504     
          61  0.51176755276574504     
          62  0.51176755276574504     
          63  0.51176755276574504     
          64  0.51176755276574504     
          65  0.51176755276574504     
          66  0.51176755276574504     
          67  0.51176755276574504     
          68  0.51176755276574504     
          69  0.51176755276574504     
          70  0.51176755276574504     
          71  0.51176755276574504     
          72  0.51176755276574504     
          73  0.51176755276574504     
          74  0.51176755276574504     
          75  0.51176755276574504     
          76  0.51176755276574504     
          77  0.51176755276574504     
          78  0.51176755276574504     
          79  0.51176755276574504     
          80  0.51176755276574504     
          81  0.51176755276574504     
          82  0.51176755276574504     
          83  0.51176755276574504     
          84  0.51176755276574504     
          85  0.51176755276574504     
          86  0.51176755276574504     
          87  0.51176755276574504     
          88  0.51176755276574504     
          89  0.51176755276574504     
          90  0.51176755276574504     
          91  0.51176755276574504     
          92  0.51176755276574504     
          93  0.51176755276574504     
          94  0.51176755276574504     
          95  0.51176755276574504     
          96  0.51176755276574504     
          97  0.51176755276574504     
          98  0.51176755276574504     
          99  0.51176755276574504     
         100  0.51176755276574504     
         101  0.51176755276574504     
         102  0.51176755276574504     
         103  0.51176755276574504     
         104  0.51176755276574504     
         105  0.51176755276574504     
         106  0.51176755276574504     
         107  0.51176755276574504     
         108  0.51176755276574504     
         109  0.51176755276574504     
         110  0.51176755276574504     
         111  0.51176755276574504     
         112  0.51176755276574504     
         113  0.51176755276574504     
         114  0.51176755276574504     
         115  0.51176755276574504     
         116  0.51176755276574504     
         117  0.51176755276574504     
         118  0.51176755276574504     
         119  0.51176755276574504     
         120  0.51176755276574504     
         121  0.51176755276574504     
         122  0.51176755276574504     
         123  0.51176755276574504     
         124  0.51176755276574504     
         125  0.51176755276574504     
         126  0.51176755276574504     
         127  0.51176755276574504     
         128  0.51176755276574504     
         129  0.51176755276574504     
         130  0.51176755276574504     
         131  0.51176755276574504     
         132  0.51176755276574504     
         133  0.51176755276574504     
         134  0.51176755276574504     
         135  0.51176755276574504     
         136  0.51176755276574504     
         137  0.51176755276574504     
         138  0.51176755276574504     
         139  0.51176755276574504     
         140  0.51176755276574504     
         141  0.51176755276574504     
         142  0.51176755276574504     
         143  0.51176755276574504     
         144  0.51176755276574504     
         145  0.51176755276574504     
         146  0.51176755276574504     
         147  0.51176755276574504     
         148  0.51176755276574504     
         149  0.51176755276574504     
         150  0.51176755276574504     
         151  0.51176755276574504     
         152  0.51176755276574504     
         153  0.51176755276574504     
         154  0.51176755276574504     
         155  0.51176755276574504     
         156  0.51176755276574504     
         157  0.51176755276574504     
         158  0.51176755276574504     
         159  0.51176755276574504     
         160  0.51176755276574504     
         161  0.51176755276574504     
         162  0.51176755276574504     
         163  0.51176755276574504     
         164  0.51176755276574504     
         165  0.51176755276574504     
         166  0.51176755276574504     
         167  0.51176755276574504     
         168  0.51176755276574504     
         169  0.51176755276574504     
         170  0.51176755276574504     
         171  0.51176755276574504     
         172  0.51176755276574504     
         173  0.51176755276574504     
         174  0.51176755276574504     
         175  0.51176755276574504     
         176  0.51176755276574504     
         177  0.51176755276574504     
         178  0.51176755276574504     
         179  0.51176755276574504     
         180  0.51176755276574504     
         181  0.51176755276574504     
         182  0.51176755276574504     
         183  0.51176755276574504     
         184  0.51176755276574504     
         185  0.51176755276574504     
         186  0.51176755276574504     
         187  0.51176755276574504     
         188  0.51176755276574504     
         189  0.51176755276574504     
         190  0.51176755276574504     
         191  0.51176755276574504     
         192  0.51176755276574504     
         193  0.51176755276574504     
         194  0.51176755276574504     
         195  0.51176755276574504     
         196  0.51176755276574504     
         197  0.51176755276574504     
         198  0.51176755276574504     
         199  0.51176755276574504     
         200  0.51176755276574504     
         201  0.51176755276574504     
         202  0.51176755276574504     
         203  0.51176755276574504     
         204  0.51176755276574504     
         205  0.51176755276574504     
         206  0.51176755276574504     
         207  0.51176755276574504     
         208  0.51176755276574504     
         209  0.51176755276574504     
         210  0.51176755276574504     
         211  0.51176755276574504     
         212  0.51176755276574504     
         213  0.51176755276574504     
         214  0.51176755276574504     
         215  0.51176755276574504     
         216  0.51176755276574504     
         217  0.51176755276574504     
         218  0.51176755276574504     
         219  0.51176755276574504     
         220  0.51176755276574504     
         221  0.51176755276574504     
         222  0.51176755276574504     
         223  0.51176755276574504     
         224  0.51176755276574504     
         225  0.51176755276574504     
         226  0.51176755276574504     
         227  0.51176755276574504     
         228  0.51176755276574504     
         229  0.51176755276574504     
         230  0.51176755276574504     
         231  0.51176755276574504     
         232  0.51176755276574504     
         233  0.51176755276574504     
         234  0.51176755276574504     
         235  0.51176755276574504     
         236  0.51176755276574504     
         237  0.51176755276574504     
         238  0.51176755276574504     
         239  0.51176755276574504     
         240  0.51176755276574504     
         241  0.51176755276574504     
         242  0.51176755276574504     
         243  0.51176755276574504     
         244  0.51176755276574504     
         245  0.51176755276574504     
         246  0.51176755276574504     
         247  0.51176755276574504     
         248  0.51176755276574504     
         249  0.51176755276574504     
         250  0.51176755276574504     
         251  0.51176755276574504     
         252  0.51176755276574504     
         253  0.51176755276574504     
         254  0.51176755276574504     
         255  0.51176755276574504     
         256  0.51176755276574504     
         257  0.51176755276574504     
         258  0.51176755276574504     
         259  0.51176755276574504     
         260  0.51176755276574504     
         261  0.51176755276574504     
         262  0.51176755276574504     
         263  0.51176755276574504     
         264  0.51176755276574504     
         265  0.51176755276574504     
         266  0.51176755276574504     
         267  0.51176755276574504     
         268  0.51176755276574504     
         269  0.51176755276574504     
         270  0.51176755276574504     
         271  0.51176755276574504     
         272  0.51176755276574504     
         273  0.51176755276574504     
         274  0.51176755276574504     
         275  0.51176755276574504     
         276  0.51176755276574504     
         277  0.51176755276574504     
         278  0.51176755276574504     
         279  0.51176755276574504     
         280  0.51176755276574504     
         281  0.51176755276574504     
         282  0.51176755276574504     
         283  0.51176755276574504     
         284  0.51176755276574504     
         285  0.51176755276574504     
         286  0.51176755276574504     
         287  0.51176755276574504     
         288  0.51176755276574504     
         289  0.51176755276574504     
         290  0.51176755276574504     
         291  0.51176755276574504     
         292  0.51176755276574504     
         293  0.51176755276574504     
         294  0.51176755276574504     
         295  0.51176755276574504     
         296  0.51176755276574504     
         297  0.51176755276574504     
         298  0.51176755276574504     
         299  0.51176755276574504     
         300  0.51176755276574504     
         301  0.51176755276574504     
         302  0.51176755276574504     
         303  0.51176755276574504     
         304  0.51176755276574504     
         305  0.51176755276574504     
         306  0.51176755276574504     
         307  0.51176755276574504     
         308  0.51176755276574504     
         309  0.51176755276574504     
         310  0.51176755276574504     
         311  0.51176755276574504     
         312  0.51176755276574504     
         313  0.51176755276574504     
         314  0.51176755276574504     
         315  0.51176755276574504     
         316  0.51176755276574504     
         317  0.51176755276574504     
         318  0.51176755276574504     
         319  0.51176755276574504     
         320  0.51176755276574504     
         321  0.51176755276574504     
         322  0.51176755276574504     
         323  0.51176755276574504     
         324  0.51176755276574504     
         325  0.51176755276574504     
         326  0.51176755276574504     
         327  0.51176755276574504     
         328  0.51176755276574504     
         329  0.51176755276574504     
         330  0.51176755276574504     
         331  0.51176755276574504     
         332  0.51176755276574504     
         333  0.51176755276574504     
         334  0.51176755276574504     
         335  0.51176755276574504     
         336  0.51176755276574504     
         337  0.51176755276574504     
         338  0.51176755276574504     
         339  0.51176755276574504     
         340  0.51176755276574504     
         341  0.51176755276574504     
         342  0.51176755276574504     
         343  0.51176755276574504     
         344  0.51176755276574504     
         345  0.51176755276574504     
         346  0.51176755276574504     
         347  0.51176755276574504     
         348  0.51176755276574504     
         349  0.51176755276574504     
         350  0.51176755276574504     
         351  0.51176755276574504     
         352  0.51176755276574504     
         353  0.51176755276574504     
         354  0.51176755276574504     
         355  0.51176755276574504     
         356  0.51176755276574504     
         357  0.51176755276574504     
         358  0.51176755276574504     
         359  0.51176755276574504     
         360  0.51176755276574504     
         361  0.51176755276574504     
         362  0.51176755276574504     
         363  0.51176755276574504     
         364  0.51176755276574504     
         365  0.51176755276574504     
         366  0.51176755276574504     
         367  0.51176755276574504     
         368  0.51176755276574504     
         369  0.51176755276574504     
         370  0.51176755276574504     
         371  0.51176755276574504     
         372  0.51176755276574504     
         373  0.51176755276574504     
         374  0.51176755276574504     
         375  0.51176755276574504     
         376  0.51176755276574504     
         377  0.51176755276574504     
         378  0.51176755276574504     
         379  0.51176755276574504     
         380  0.51176755276574504     
         381  0.51176755276574504     
         382  0.51176755276574504     
         383  0.51176755276574504     
         384  0.51176755276574504     
         385  0.51176755276574504     
         386  0.51176755276574504     
         387  0.51176755276574504     
         388  0.51176755276574504     
         389  0.51176755276574504     
         390  0.51176755276574504     
         391  0.51176755276574504     
         392  0.51176755276574504     
         393  0.51176755276574504     
         394  0.51176755276574504     
         395  0.51176755276574504     
         396  0.51176755276574504     
         397  0.51176755276574504     
         398  0.51176755276574504     
         399  0.51176755276574504     
         400  0.51176755276574504     
         401  0.51176755276574504     
         402  0.51176755276574504     
         403  0.51176755276574504     
         404  0.51176755276574504     
         405  0.51176755276574504     
         406  0.51176755276574504     
         407  0.51176755276574504     
         408  0.51176755276574504     
         409  0.51176755276574504     
         410  0.51176755276574504     
         411  0.51176755276574504     
         412  0.51176755276574504     
         413  0.51176755276574504     
         414  0.51176755276574504     
         415  0.51176755276574504     
         416  0.51176755276574504     
         417  0.51176755276574504     
         418  0.51176755276574504     
         419  0.19786020843039864     
         420  0.19786020843039864     
         421  0.19786020843039864     
         422  0.19786020843039864     
         423  0.19786020843039864     
         424  0.19786020843039864     
         425  0.19786020843039864     
         426  0.19786020843039864     
         427  0.19786020843039864     
         428  0.19786020843039864     
         429  0.19786020843039864     
         430  0.19786020843039864     
         431  0.19786020843039864     
         432  0.19786020843039864     
         433  0.19786020843039864     
         434  0.19786020843039864     
         435  0.19786020843039864     
         436  0.19786020843039864     
         437  0.19786020843039864     
         438  0.19786020843039864     
         439  0.19786020843039864     
         440  0.19786020843039864     
         441  0.19786020843039864     
         442  0.19786020843039864     
         443  0.19786020843039864     
         444  0.19786020843039864     
         445  0.19786020843039864     
         446  0.19786020843039864     
         447  0.19786020843039864     
         448  0.19786020843039864     
         449  0.19786020843039864     
         450  0.19786020843039864     
         451  0.19786020843039864     
         452  0.19786020843039864     
         453  0.19786020843039864     
         454  0.19786020843039864     
         455  0.19786020843039864     
         456  0.19786020843039864     
         457  0.19786020843039864     
         458  0.19786020843039864     
         459  0.19786020843039864     
         460  0.19786020843039864     
         461  0.19786020843039864     
         462  0.19786020843039864     
         463  0.19786020843039864     
         464  0.19786020843039864     
         465  0.19786020843039864     
         466  0.19786020843039864     
         467  0.19786020843039864     
         468  0.19786020843039864     
         469  0.19786020843039864     
         470  0.19786020843039864     
         471  0.19786020843039864     
         472  0.19786020843039864     
         473  0.19786020843039864     
         474  0.19786020843039864     
         475  0.19786020843039864     
         476  0.19786020843039864     
         477  0.19786020843039864     
         478  0.19786020843039864     
         479  0.19786020843039864     
         480  0.19786020843039864     
         481  0.19786020843039864     
         482  0.19786020843039864     
         483  0.19786020843039864     
         484  0.19786020843039864     
         485  0.19786020843039864     
         486  0.19786020843039864     
         487  0.19786020843039864     
         488  0.19786020843039864     
         489  0.19786020843039864     
         490  0.19786020843039864     
         491  0.19786020843039864     
         492  0.19786020843039864     
         493  0.19786020843039864     
         494  0.19786020843039864     
         495  0.19786020843039864     
         496  0.19786020843039864     
         497  0.19786020843039864     
         498  0.19786020843039864     
         499  0.19786020843039864     
         500  0.19786020843039864     
         501  0.19786020843039864     
         502  0.19786020843039864     
         503  0.19786020843039864     
         504  0.19786020843039864     
         505  0.19786020843039864     
         506  0.19786020843039864     
         507  0.19786020843039864     
         508  0.19786020843039864     
         509  0.19786020843039864     
         510  0.19786020843039864     
         511  0.19786020843039864     
         512  0.19786020843039864     
         513  0.19786020843039864     
         514  0.19786020843039864     
         515  0.19786020843039864     
         516  0.19786020843039864     
         517  0.19786020843039864     
         518  0.19786020843039864     
         519  0.19786020843039864     
         520  0.19786020843039864     
         521  0.19786020843039864     
         522  0.19786020843039864     
         523  0.19786020843039864     
         524  0.19786020843039864     
         525  0.19786020843039864     
         526  0.19786020843039864     
         527  0.19786020843039864     
         528  0.19786020843039864     
         529  0.19786020843039864     
         530  0.19786020843039864     
         531  0.19786020843039864     
         532  0.19786020843039864     
         533  0.19786020843039864     
         534  0.19786020843039864     
         535  0.19786020843039864     
         536  0.19786020843039864     
         537  0.19786020843039864     
         538  0.19786020843039864     
         539  0.19786020843039864     
         540  0.19786020843039864     
         541  0.19786020843039864     
         542  0.19786020843039864     
         543  0.19786020843039864     
         544  0.19786020843039864     
         545  0.19786020843039864     
         546  0.19786020843039864     
         547  0.19786020843039864     
         548  0.19786020843039864     
         549  0.19786020843039864     
         550  0.19786020843039864     
         551  0.19786020843039864     
         552  0.19786020843039864     
         553  0.19786020843039864     
         554  0.19786020843039864     
         555  0.19786020843039864     
         556  0.19786020843039864     
         557  0.19786020843039864     
         558  0.19786020843039864     
         559  0.19786020843039864     
         560  0.19786020843039864     
         561  0.19786020843039864     
         562  0.19786020843039864     
         563  0.19786020843039864     
         564  0.19786020843039864     
         565  0.19786020843039864     
         566  0.19786020843039864     
         567  0.19786020843039864     
         568  0.19786020843039864     
         569  0.19786020843039864     
         570  0.19786020843039864     
         571  0.19786020843039864     
         572  0.19786020843039864     
         573  0.19786020843039864     
         574  0.19786020843039864     
         575  0.19786020843039864     
         576  0.19786020843039864     
         577  0.19786020843039864     
         578  0.19786020843039864     
         579  0.19786020843039864     
         580  0.19786020843039864     
         581  0.19786020843039864     
         582  0.19786020843039864     
         583  0.19786020843039864     
         584  0.19786020843039864     
         585  0.19786020843039864     
         586  0.19786020843039864     
         587  0.19786020843039864     
         588  0.19786020843039864     
         589  0.19786020843039864     
         590  0.19786020843039864     
         591  0.19786020843039864     
         592  0.19786020843039864     
         593  0.19786020843039864     
         594  0.19786020843039864     
         595  0.19786020843039864     
         596  0.19786020843039864     
         597  0.19786020843039864     
         598  0.19786020843039864     
         599  0.19786020843039864     
         600  0.19786020843039864     
         601  0.19786020843039864     
         602  0.19786020843039864     
         603  0.19786020843039864     
         604  0.19786020843039864     
         605  0.19786020843039864     
         606  0.19786020843039864     
         607  0.19786020843039864     
         608  0.19786020843039864     
         609  0.19786020843039864     
         610  0.19786020843039864     
         611  0.19786020843039864     
         612  0.19786020843039864     
         613  0.19786020843039864     
         614  0.19786020843039864     
         615  0.19786020843039864     
         616  0.19786020843039864     
         617  0.19786020843039864     
         618  0.19786020843039864     
         619  0.19786020843039864     
         620  0.19786020843039864     
         621  0.19786020843039864     
         622  0.19786020843039864     
         623  0.19786020843039864     
         624  0.19786020843039864     
         625  0.19786020843039864     
         626  0.19786020843039864     
         627  0.19786020843039864     
         628  0.19786020843039864     
         629  0.19786020843039864     
         630  0.19786020843039864     
         631  0.19786020843039864     
         632  0.19786020843039864     
         633  0.19786020843039864     
         634  0.19786020843039864     
         635  0.19786020843039864     
         636  0.19786020843039864     
         637  0.19786020843039864     
         638  0.19786020843039864     
         639  0.19786020843039864     
         640  0.19786020843039864     
         641  0.19786020843039864     
         642  0.19786020843039864     
         643  0.19786020843039864     
         644  0.19786020843039864     
         645  0.19786020843039864     
         646  0.19786020843039864     
         647  0.19786020843039864     
         648  0.19786020843039864     
         649  0.19786020843039864     
         650  0.19786020843039864     
         651  0.19786020843039864     
         652  0.19786020843039864     
         653  0.19786020843039864     
         654  0.19786020843039864     
         655  0.19786020843039864     
         656  0.19786020843039864     
         657  0.19786020843039864     
         658  0.19786020843039864     
         659  0.19786020843039864     
         660  0.19786020843039864     
         661  0.19786020843039864     
         662  0.19786020843039864     
         663  0.19786020843039864     
         664  0.19786020843039864     
         665  0.19786020843039864     
         666  0.19786020843039864     
         667  0.19786020843039864     
         668  0.19786020843039864     
         669  0.19786020843039864     
         670  0.19786020843039864     
         671  0.19786020843039864     
         672  0.19786020843039864     
         673  0.19786020843039864     
         674  0.19786020843039864     
         675  0.19786020843039864     
         676  0.19786020843039864     
         677  0.19786020843039864     
         678  0.19786020843039864     
         679  0.19786020843039864     
         680  0.19786020843039864     
         681  0.19786020843039864     
         682  0.19786020843039864     
         683  0.19786020843039864     
         684  0.19786020843039864     
         685  0.19786020843039864     
         686  0.19786020843039864     
         687  0.19786020843039864     
         688  0.19786020843039864     
         689  0.19786020843039864     
         690  0.19786020843039864     
         691  0.19786020843039864     
         692  0.19786020843039864     
         693  0.19786020843039864     
         694  0.19786020843039864     
         695  0.19786020843039864     
         696  0.19786020843039864     
         697  0.19786020843039864     
         698  0.19786020843039864     
         699  0.19786020843039864     
         700  0.19786020843039864     
         701  0.19786020843039864     
         702  0.19786020843039864     
         703  0.19786020843039864     
         704  0.19786020843039864     
         705  0.19786020843039864     
         706  0.19786020843039864     
         707  0.19786020843039864     
         708  0.19786020843039864     
         709  0.19786020843039864     
         710  0.19786020843039864     
         711  0.19786020843039864     
         712  0.19786020843039864     
         713  0.19786020843039864     
         714  0.19786020843039864     
         715  0.19786020843039864     
         716  0.19786020843039864     
         717  0.19786020843039864     
         718  0.19786020843039864     
         719  0.19786020843039864     
         720  0.19786020843039864     
         721  0.19786020843039864     
         722  0.19786020843039864     
         723  0.19786020843039864     
         724  0.19786020843039864     
         725  0.19786020843039864     
         726  0.19786020843039864     
         727  0.19786020843039864     
         728  0.19786020843039864     
         729  0.19786020843039864     
         730  0.19786020843039864     
         731  0.19786020843039864     
         732  0.19786020843039864     
         733  0.19786020843039864     
         734  0.19786020843039864     
         735  0.19786020843039864     
         736  0.19786020843039864     
         737  0.19786020843039864     
         738  0.19786020843039864     
         739  0.19786020843039864     
         740  0.19786020843039864     
         741  0.19786020843039864     
         742  0.19786020843039864     
         743  0.19786020843039864     
         744  0.19786020843039864     
         745  0.19786020843039864     
         746  0.19786020843039864     
         747  0.19786020843039864     
         748  0.19786020843039864     
         749  0.19786020843039864     
         750  0.19786020843039864     
         751  0.19786020843039864     
         752  0.19786020843039864     
         753  0.19786020843039864     
         754  0.19786020843039864     
         755  0.19786020843039864     
         756  0.19786020843039864     
         757  0.19786020843039864     
         758  0.19786020843039864     
         759  0.19786020843039864     
         760  0.19786020843039864     
         761  0.19786020843039864     
         762  0.19786020843039864     
         763  0.19786020843039864     
         764  0.19786020843039864     
         765  0.19786020843039864     
         766  0.19786020843039864     
         767  0.19786020843039864     
         768  0.19786020843039864     
         769  0.19786020843039864     
         770  0.19786020843039864     
         771  0.19786020843039864     
         772  0.19786020843039864     
         773  0.19786020843039864     
         774  0.19786020843039864     
         775  0.19786020843039864     
         776  0.19786020843039864     
         777  0.19786020843039864     
         778  0.19786020843039864     
         779  0.19786020843039864     
         780  0.19786020843039864     
         781  0.19786020843039864     
         782  0.19786020843039864     
         783  0.19786020843039864     
         784  0.19786020843039864     
         785  0.19786020843039864     
         786  0.19786020843039864     
         787  0.19786020843039864     
         788  0.19786020843039864     
         789  0.19786020843039864     
         790  0.19786020843039864     
         791  0.19786020843039864     
         792  0.19786020843039864     
         793  0.19786020843039864     
         794  0.19786020843039864     
         795  0.19786020843039864     
         796  0.19786020843039864     
         797  0.19786020843039864     
         798  0.19786020843039864     
         799  0.19786020843039864     
         800  0.19786020843039864     
         801  0.19786020843039864     
         802  0.19786020843039864     
         803  0.19786020843039864     
         804  0.19786020843039864     
         805  0.19786020843039864     
         806  0.19786020843039864     
         807  0.19786020843039864     
         808  0.19786020843039864     
         809  0.19786020843039864     
         810  0.19786020843039864     
         811  0.19786020843039864     
         812  0.19786020843039864     
         813  0.19786020843039864     
         814  0.19786020843039864     
         815  0.19786020843039864     
         816  0.19786020843039864     
         817  0.19786020843039864     
         818  0.19786020843039864     
         819  0.19786020843039864     
         820  0.19786020843039864     
         821  0.19786020843039864     
         822  0.19786020843039864     
         823  0.19786020843039864     
         824  0.19786020843039864     
         825  0.19786020843039864     
         826  0.19786020843039864     
         827  0.19786020843039864     
         828  0.19786020843039864     
         829  0.19786020843039864     
         830  0.19786020843039864     
         831  0.19786020843039864     
         832  0.19786020843039864     
         833  0.19786020843039864     
         834  0.19786020843039864     
         835  0.19786020843039864     
         836  0.19786020843039864     
         837  0.19786020843039864     
         838  0.19786020843039864     
         839  0.19786020843039864     
         840  0.19786020843039864     
         841  0.19786020843039864     
         842  0.19786020843039864     
         843  0.19786020843039864     
         844  0.19786020843039864     
         845  0.19786020843039864     
         846  0.19786020843039864     
         847  0.19786020843039864     
         848  0.19786020843039864     
         849  0.19786020843039864     
         850  0.19786020843039864     
         851  0.19786020843039864     
         852  0.19786020843039864     
         853  0.19786020843039864     
         854  0.19786020843039864     
         855  0.19786020843039864     
         856  0.19786020843039864     
         857  0.19786020843039864     
         858  0.19786020843039864     
         859  0.19786020843039864     
         860  0.19786020843039864     
         861  0.19786020843039864     
         862  0.19786020843039864     
         863  0.19786020843039864     
         864  0.19786020843039864     
         865  0.19786020843039864     
         866  0.19786020843039864     
         867  0.19786020843039864     
         868  0.19786020843039864     
         869  0.19786020843039864     
         870  0.19786020843039864     
         871  0.19786020843039864     
         872  0.19786020843039864     
         873  0.19786020843039864     
         874  0.19786020843039864     
         875  0.19786020843039864     
         876  0.19786020843039864     
         877  0.19786020843039864     
         878  0.19786020843039864     
         879  0.19786020843039864     
         880  0.19786020843039864     
         881  0.19786020843039864     
         882  0.19786020843039864     
         883  0.19786020843039864     
         884  0.19786020843039864     
         885  0.19786020843039864     
         886  0.19786020843039864     
         887  0.19786020843039864     
         888  0.19786020843039864     
         889  0.19786020843039864     
         890  0.19786020843039864     
         891  0.19786020843039864     
         892  0.19786020843039864     
         893  0.19786020843039864     
         894  0.19786020843039864     
         895  0.19786020843039864     
         896  0.19786020843039864     
         897  0.19786020843039864     
         898  0.19786020843039864     
         899  0.19786020843039864     
         900  0.19786020843039864     
         901  0.19786020843039864     
         902  0.19786020843039864     
         903  0.19786020843039864     
         904  0.19786020843039864     
         905  0.19786020843039864     
         906  0.19786020843039864     
         907  0.19786020843039864     
         908  0.19786020843039864     
         909  0.19786020843039864     
         910  0.19786020843039864     
         911  0.19786020843039864     
         912  0.19786020843039864     
         913  0.19786020843039864     
         914  0.19786020843039864     
         915  0.19786020843039864     
         916  0.19786020843039864     
         917  0.19786020843039864     
         918  0.19786020843039864     
         919  0.19786020843039864     
         920  0.19786020843039864     
         921  0.19786020843039864     
         922  0.19786020843039864     
         923  0.19786020843039864     
         924  0.19786020843039864     
         925  0.19786020843039864     
         926  0.19786020843039864     
         927  0.19786020843039864     
         928  0.19786020843039864     
         929  0.19786020843039864     
         930  0.19786020843039864     
         931  0.19786020843039864     
         932  0.19786020843039864     
         933  0.19786020843039864     
         934  0.19786020843039864     
         935  0.19786020843039864     
         936  0.19786020843039864     
         937  0.19786020843039864     
         938  0.19786020843039864     
         939  0.19786020843039864     
         940  0.19786020843039864     
         941  0.19786020843039864     
         942  0.19786020843039864     
         943  0.19786020843039864     
         944  0.19786020843039864     
         945  0.19786020843039864     
         946  0.19786020843039864     
         947  0.19786020843039864     
         948  0.19786020843039864     
         949  0.19786020843039864     
         950  0.19786020843039864     
         951  0.19786020843039864     
         952  0.19786020843039864     
         953  0.19786020843039864     
         954  0.19786020843039864     
         955  0.19786020843039864     
         956  0.19786020843039864     
         957  0.19786020843039864     
         958  0.19786020843039864     
         959  0.19786020843039864     
         960  0.19786020843039864     
         961  0.19786020843039864     
         962  0.19786020843039864     
         963  0.19786020843039864     
         964  0.19786020843039864     
         965  0.19786020843039864     
         966  0.19786020843039864     
         967  0.19786020843039864     
         968  0.19786020843039864     
         969  0.19786020843039864     
         970  0.19786020843039864     
         971  0.19786020843039864     
         972  0.19786020843039864     
         973  0.19786020843039864     
         974  0.19786020843039864     
         975  0.19786020843039864     
         976  0.19786020843039864     
         977  0.19786020843039864     
         978  0.19786020843039864     
         979  0.19786020843039864     
         980  0.19786020843039864     
         981  0.19786020843039864     
         982  0.19786020843039864     
         983  0.19786020843039864     
         984  0.19786020843039864     
         985  0.19786020843039864     
         986  0.19786020843039864     
         987  0.19786020843039864     
         988  0.19786020843039864     
         989  0.19786020843039864     
         990  0.19786020843039864     
         991  0.19786020843039864     
         992  0.19786020843039864     
         993  0.19786020843039864     
         994  0.19786020843039864     
         995  0.19786020843039864     
         996  0.19786020843039864     
         997  0.19786020843039864     
         998  0.19786020843039864     
         999  0.19786020843039864     
        1000  0.19786020843039864     
        1001  0.19786020843039864     
        1002  0.19786020843039864     
        1003  0.19786020843039864     
        1004  0.19786020843039864     
        1005  0.19786020843039864     
        1006  0.19786020843039864     
        1007  0.19786020843039864     
        1008  0.19786020843039864     
        1009  0.19786020843039864     
        1010  0.19786020843039864     
        1011  0.19786020843039864     
        1012  0.19786020843039864     
        1013  0.19786020843039864     
        1014  0.19786020843039864     
        1015  0.19786020843039864     
        1016  0.19786020843039864     
        1017  0.19786020843039864     
        1018  0.19786020843039864     
        1019  0.19786020843039864     
        1020  0.19786020843039864     
        1021  0.19786020843039864     
        1022  0.19786020843039864     
        1023  0.19786020843039864     
        1024  0.19786020843039864     
        1025  0.19786020843039864     
        1026  0.19786020843039864     
        1027  0.19786020843039864     
        1028  0.19786020843039864     
        1029  0.19786020843039864     
        1030  0.19786020843039864     
        1031  0.19786020843039864     
        1032  0.19786020843039864     
        1033  0.19786020843039864     
        1034  0.19786020843039864     
        1035  0.19786020843039864     
        1036  0.19786020843039864     
        1037  0.19786020843039864     
        1038  0.19786020843039864     
        1039  0.19786020843039864     
        1040  0.19786020843039864     
        1041  0.19786020843039864     
        1042  0.19786020843039864     
        1043  0.19786020843039864     
        1044  0.19786020843039864     
        1045   9.9085702572502043E-002
        1046   1.9832715717283733E-002
        1047   1.9832715717283733E-002
        1048   1.9832715717283733E-002
        1049   1.9832715717283733E-002
        1050   1.9832715717283733E-002
        1051   1.9832715717283733E-002
        1052   1.9832715717283733E-002
        1053   1.9832715717283733E-002
        1054   1.9832715717283733E-002
        1055   1.9832715717283733E-002
        1056   1.9832715717283733E-002
        1057   1.9832715717283733E-002
        1058   1.9832715717283733E-002
        1059   1.9832715717283733E-002
        1060   1.9832715717283733E-002
        1061   1.9832715717283733E-002
        1062   1.9832715717283733E-002
        1063   1.9832715717283733E-002
        1064   1.9832715717283733E-002
        1065   1.9832715717283733E-002
        1066   1.9832715717283733E-002
        1067   1.9832715717283733E-002
        1068   1.9832715717283733E-002
        1069   1.9832715717283733E-002
        1070   1.9832715717283733E-002
        1071   1.9832715717283733E-002
        1072   1.9832715717283733E-002
        1073   1.9832715717283733E-002
        1074   1.9832715717283733E-002
        1075   1.9832715717283733E-002
        1076   1.9832715717283733E-002
        1077   1.9832715717283733E-002
        1078   1.9832715717283733E-002
        1079   1.9832715717283733E-002
        1080   1.9832715717283733E-002
        1081   1.9832715717283733E-002
        1082   1.9832715717283733E-002
        1083   1.9832715717283733E-002
        1084   1.9832715717283733E-002
        1085   0.0000000000000000     
