           1   1.7872999999999992     
           2  0.84250000000000036     
           3  0.36009999999999992     
           4   1.4600000000000054E-002
           5   1.4600000000000054E-002
           6   1.4600000000000054E-002
           7   1.4600000000000054E-002
           8   1.4600000000000054E-002
           9   1.4600000000000054E-002
          10   1.4600000000000054E-002
          11   1.4600000000000054E-002
          12   1.4600000000000054E-002
          13   1.4600000000000054E-002
          14   1.4600000000000054E-002
          15   1.4600000000000054E-002
          16   1.4600000000000054E-002
          17   1.4600000000000054E-002
          18   1.4600000000000054E-002
          19   1.4600000000000054E-002
          20   1.4600000000000054E-002
          21   1.4600000000000054E-002
          22   1.4600000000000054E-002
          23   1.4600000000000054E-002
          24   1.4600000000000054E-002
          25   1.4600000000000054E-002
          26   1.4600000000000054E-002
          27   1.4600000000000054E-002
          28   1.4600000000000054E-002
          29   1.4600000000000054E-002
          30   1.4600000000000054E-002
          31   1.4600000000000054E-002
          32   1.4600000000000054E-002
          33   1.4600000000000054E-002
          34   1.4600000000000054E-002
          35   1.4600000000000054E-002
          36   1.4600000000000054E-002
          37   1.4600000000000054E-002
          38   1.4600000000000054E-002
          39   1.4600000000000054E-002
          40   1.4600000000000054E-002
          41   1.4600000000000054E-002
          42   1.4600000000000054E-002
          43   1.4600000000000054E-002
          44   1.4600000000000054E-002
          45   1.4600000000000054E-002
          46   1.4600000000000054E-002
          47   1.4600000000000054E-002
          48   1.4600000000000054E-002
          49   1.4600000000000054E-002
          50   1.4600000000000054E-002
          51   1.4600000000000054E-002
          52   1.4600000000000054E-002
          53   1.4600000000000054E-002
          54   1.4600000000000054E-002
          55   1.4600000000000054E-002
          56   1.4600000000000054E-002
          57   1.4600000000000054E-002
          58   1.4600000000000054E-002
          59   1.4600000000000054E-002
          60   1.4600000000000054E-002
          61   1.4600000000000054E-002
          62   1.4600000000000054E-002
          63   1.4600000000000054E-002
          64   1.4600000000000054E-002
          65   1.4600000000000054E-002
          66   1.4600000000000054E-002
          67   1.4600000000000054E-002
          68   1.4600000000000054E-002
          69   1.4600000000000054E-002
          70   1.4600000000000054E-002
          71   1.4600000000000054E-002
          72   1.4600000000000054E-002
          73   1.4600000000000054E-002
          74   1.4600000000000054E-002
          75   1.4600000000000054E-002
          76   1.4600000000000054E-002
          77   1.4600000000000054E-002
          78   1.4600000000000054E-002
          79   1.4600000000000054E-002
          80   1.4600000000000054E-002
          81   1.4600000000000054E-002
          82   1.4600000000000054E-002
          83   1.4600000000000054E-002
          84   1.4600000000000054E-002
          85   1.4600000000000054E-002
          86   1.4600000000000054E-002
          87   1.4600000000000054E-002
          88   1.4600000000000054E-002
          89   1.4600000000000054E-002
          90   1.4600000000000054E-002
          91   1.4600000000000054E-002
          92   1.4600000000000054E-002
          93   1.4600000000000054E-002
          94   1.4600000000000054E-002
          95   1.4600000000000054E-002
          96   1.4600000000000054E-002
          97   1.4600000000000054E-002
          98   1.4600000000000054E-002
          99   1.4600000000000054E-002
         100   1.4600000000000054E-002
         101   1.4600000000000054E-002
         102   1.4600000000000054E-002
         103   1.4600000000000054E-002
         104   1.4600000000000054E-002
         105   1.4600000000000054E-002
         106   1.4600000000000054E-002
         107   1.4600000000000054E-002
         108   1.4600000000000054E-002
         109   1.4600000000000054E-002
         110   1.4600000000000054E-002
         111   1.4600000000000054E-002
         112   1.4600000000000054E-002
         113   1.4600000000000054E-002
         114   1.4600000000000054E-002
         115   1.4600000000000054E-002
         116   1.4600000000000054E-002
         117   1.4600000000000054E-002
         118   1.4600000000000054E-002
         119   1.4600000000000054E-002
         120   1.4600000000000054E-002
         121   1.4600000000000054E-002
         122   1.4600000000000054E-002
         123   1.4600000000000054E-002
         124   1.4600000000000054E-002
         125   1.4600000000000054E-002
         126   1.4600000000000054E-002
         127   1.4600000000000054E-002
         128   1.4600000000000054E-002
         129   1.4600000000000054E-002
         130   1.4600000000000054E-002
         131   1.4600000000000054E-002
         132   1.4600000000000054E-002
         133   1.4600000000000054E-002
         134   1.4600000000000054E-002
         135   1.4600000000000054E-002
         136   1.4600000000000054E-002
         137   1.4600000000000054E-002
         138   1.4600000000000054E-002
         139   1.4600000000000054E-002
         140   1.4600000000000054E-002
         141   1.4600000000000054E-002
         142   1.4600000000000054E-002
         143   1.4600000000000054E-002
         144   1.4600000000000054E-002
         145   1.4600000000000054E-002
         146   1.4600000000000054E-002
         147   1.4600000000000054E-002
         148   1.4600000000000054E-002
         149   1.4600000000000054E-002
         150   1.4600000000000054E-002
         151   1.4600000000000054E-002
         152   1.4600000000000054E-002
         153   1.4600000000000054E-002
         154   1.4600000000000054E-002
         155   1.4600000000000054E-002
         156   1.4600000000000054E-002
         157   1.4600000000000054E-002
         158   1.4600000000000054E-002
         159   1.4600000000000054E-002
         160   1.4600000000000054E-002
         161   1.4600000000000054E-002
         162   1.4600000000000054E-002
         163   1.4600000000000054E-002
         164   1.4600000000000054E-002
         165   1.4600000000000054E-002
         166   1.4600000000000054E-002
         167   1.4600000000000054E-002
         168   1.4600000000000054E-002
         169   1.4600000000000054E-002
         170   1.4600000000000054E-002
         171   1.4600000000000054E-002
         172   1.4600000000000054E-002
         173   1.4600000000000054E-002
         174   1.4600000000000054E-002
         175   1.4600000000000054E-002
         176   1.4600000000000054E-002
         177   1.4600000000000054E-002
         178   1.4600000000000054E-002
         179   1.4600000000000054E-002
         180   1.4600000000000054E-002
         181   1.4600000000000054E-002
         182   1.4600000000000054E-002
         183   1.4600000000000054E-002
         184   1.4600000000000054E-002
         185   1.4600000000000054E-002
         186   1.4600000000000054E-002
         187   1.4600000000000054E-002
         188   1.4600000000000054E-002
         189   1.4600000000000054E-002
         190   1.4600000000000054E-002
         191   1.4600000000000054E-002
         192   1.4600000000000054E-002
         193   1.4600000000000054E-002
         194   1.4600000000000054E-002
         195   1.4600000000000054E-002
         196   1.4600000000000054E-002
         197   1.4600000000000054E-002
         198   1.4600000000000054E-002
         199   1.4600000000000054E-002
         200   1.4600000000000054E-002
         201   1.4600000000000054E-002
         202   1.4600000000000054E-002
         203   1.4600000000000054E-002
         204   1.4600000000000054E-002
         205   1.4600000000000054E-002
         206   1.4600000000000054E-002
         207   1.4600000000000054E-002
         208   1.4600000000000054E-002
         209   1.4600000000000054E-002
         210   1.4600000000000054E-002
         211   1.4600000000000054E-002
         212   1.4600000000000054E-002
         213   1.4600000000000054E-002
         214   1.4600000000000054E-002
         215   1.4600000000000054E-002
         216   1.4600000000000054E-002
         217   1.4600000000000054E-002
         218   1.4600000000000054E-002
         219   1.4600000000000054E-002
         220   1.4600000000000054E-002
         221   1.2200000000000067E-002
         222   1.2200000000000067E-002
         223   1.2200000000000067E-002
         224   1.2200000000000067E-002
         225   1.2200000000000067E-002
         226   1.2200000000000067E-002
         227   1.2200000000000067E-002
         228   1.2200000000000067E-002
         229   1.2200000000000067E-002
         230   1.2200000000000067E-002
         231   1.2200000000000067E-002
         232   1.2200000000000067E-002
         233   1.2200000000000067E-002
         234   1.2200000000000067E-002
         235   1.2200000000000067E-002
         236   1.2200000000000067E-002
         237   1.2200000000000067E-002
         238   1.2200000000000067E-002
         239   1.2200000000000067E-002
         240   1.2200000000000067E-002
         241   1.2200000000000067E-002
         242   1.2200000000000067E-002
         243   1.2200000000000067E-002
         244   1.2200000000000067E-002
         245   1.2200000000000067E-002
         246   1.2200000000000067E-002
         247   1.2200000000000067E-002
         248   1.2200000000000067E-002
         249   1.2200000000000067E-002
         250   1.2200000000000067E-002
         251   1.2200000000000067E-002
         252   1.2200000000000067E-002
         253   1.2200000000000067E-002
         254   1.2200000000000067E-002
         255   1.2200000000000067E-002
         256   1.2200000000000067E-002
         257   1.2200000000000067E-002
         258   1.2200000000000067E-002
         259   1.2200000000000067E-002
         260   1.2200000000000067E-002
         261   1.2200000000000067E-002
         262   1.2200000000000067E-002
         263   1.2200000000000067E-002
         264   1.2200000000000067E-002
         265   1.2200000000000067E-002
         266   1.2200000000000067E-002
         267   1.2200000000000067E-002
         268   1.2200000000000067E-002
         269   1.2200000000000067E-002
         270   1.2200000000000067E-002
         271   1.2200000000000067E-002
         272   1.2200000000000067E-002
         273   1.2200000000000067E-002
         274   1.2200000000000067E-002
         275   1.2200000000000067E-002
         276   1.2200000000000067E-002
         277   1.2200000000000067E-002
         278   1.2200000000000067E-002
         279   1.2200000000000067E-002
         280   1.2200000000000067E-002
         281   1.2200000000000067E-002
         282   1.2200000000000067E-002
         283   8.5000000000000995E-003
