           1   6.4799999999999802E-002
           2   2.8900000000000120E-002
           3   2.8900000000000120E-002
           4   2.8900000000000120E-002
           5   2.8900000000000120E-002
           6   2.8900000000000120E-002
           7   2.8900000000000120E-002
           8   2.8900000000000120E-002
           9   2.8900000000000120E-002
          10   2.8900000000000120E-002
          11   2.8900000000000120E-002
          12   2.8900000000000120E-002
          13   2.8900000000000120E-002
          14   2.8900000000000120E-002
          15   2.8900000000000120E-002
          16   2.8900000000000120E-002
          17   2.8900000000000120E-002
          18   2.8900000000000120E-002
          19   2.8900000000000120E-002
          20   2.8900000000000120E-002
          21   2.8900000000000120E-002
          22   2.8900000000000120E-002
          23   2.8900000000000120E-002
          24   2.8900000000000120E-002
          25   2.8900000000000120E-002
          26   2.8900000000000120E-002
          27   2.8900000000000120E-002
          28   2.8900000000000120E-002
          29   2.8900000000000120E-002
          30   2.8900000000000120E-002
          31   2.8900000000000120E-002
          32   2.8900000000000120E-002
          33   2.8900000000000120E-002
          34   2.8900000000000120E-002
          35   2.8900000000000120E-002
          36   2.8900000000000120E-002
          37   2.8900000000000120E-002
          38   2.8900000000000120E-002
          39   2.8900000000000120E-002
          40   2.8900000000000120E-002
          41   2.8900000000000120E-002
          42   2.8900000000000120E-002
          43   2.8900000000000120E-002
          44   2.8900000000000120E-002
          45   2.8900000000000120E-002
          46   2.8900000000000120E-002
          47   2.8900000000000120E-002
          48   2.8900000000000120E-002
          49   2.8900000000000120E-002
          50   2.8900000000000120E-002
          51   2.8900000000000120E-002
          52   2.8900000000000120E-002
          53   2.8900000000000120E-002
          54   2.8900000000000120E-002
          55   2.8900000000000120E-002
          56   2.8900000000000120E-002
          57   2.8900000000000120E-002
          58   2.8900000000000120E-002
          59   2.8900000000000120E-002
          60   2.8900000000000120E-002
          61   2.8900000000000120E-002
          62   2.8900000000000120E-002
          63   2.8900000000000120E-002
          64   2.8900000000000120E-002
          65   2.8900000000000120E-002
          66   2.8900000000000120E-002
          67   2.8900000000000120E-002
          68   2.8900000000000120E-002
          69   2.8900000000000120E-002
          70   2.8900000000000120E-002
          71   2.8900000000000120E-002
          72   2.8900000000000120E-002
          73   2.8900000000000120E-002
          74   2.8900000000000120E-002
          75   2.8900000000000120E-002
          76   2.8900000000000120E-002
          77   2.8900000000000120E-002
          78   2.8900000000000120E-002
          79   2.8900000000000120E-002
          80   2.8900000000000120E-002
          81   2.8900000000000120E-002
          82   2.8900000000000120E-002
          83   2.8900000000000120E-002
          84   2.8900000000000120E-002
          85   2.8900000000000120E-002
          86   2.8900000000000120E-002
          87   2.8900000000000120E-002
          88   2.8900000000000120E-002
          89   2.8900000000000120E-002
          90   2.8900000000000120E-002
          91   2.8900000000000120E-002
          92   2.8900000000000120E-002
          93   2.8900000000000120E-002
          94   2.8900000000000120E-002
          95   2.8900000000000120E-002
          96   2.8900000000000120E-002
          97   2.8900000000000120E-002
          98   2.8900000000000120E-002
          99   2.8900000000000120E-002
         100   2.8900000000000120E-002
         101   2.8900000000000120E-002
         102   2.8900000000000120E-002
         103   2.8900000000000120E-002
         104   2.8900000000000120E-002
         105   2.8900000000000120E-002
         106   2.8900000000000120E-002
         107   2.8900000000000120E-002
         108   2.8900000000000120E-002
         109   2.8900000000000120E-002
         110   2.8900000000000120E-002
         111   2.8900000000000120E-002
         112   2.8900000000000120E-002
         113   2.8900000000000120E-002
         114   2.8900000000000120E-002
         115   2.8900000000000120E-002
         116   2.8900000000000120E-002
         117   2.8900000000000120E-002
         118   2.8900000000000120E-002
         119   2.8900000000000120E-002
         120   2.8900000000000120E-002
         121   2.8900000000000120E-002
         122   2.8900000000000120E-002
         123   2.8900000000000120E-002
         124   2.8900000000000120E-002
         125   2.8900000000000120E-002
         126   2.8900000000000120E-002
         127   2.8900000000000120E-002
         128   2.8900000000000120E-002
         129   2.8900000000000120E-002
         130   2.8900000000000120E-002
         131   2.8900000000000120E-002
         132   2.8900000000000120E-002
         133   2.8900000000000120E-002
         134   2.8900000000000120E-002
         135   2.8900000000000120E-002
         136   2.8900000000000120E-002
         137   2.8900000000000120E-002
         138   2.8900000000000120E-002
         139   2.8900000000000120E-002
         140   2.8900000000000120E-002
         141   2.8900000000000120E-002
         142   2.8900000000000120E-002
         143   2.8900000000000120E-002
         144   2.8900000000000120E-002
         145   2.8900000000000120E-002
         146   2.8900000000000120E-002
         147   2.8900000000000120E-002
         148   2.8900000000000120E-002
         149   2.8900000000000120E-002
         150   2.8900000000000120E-002
         151   2.8900000000000120E-002
         152   2.8900000000000120E-002
         153   2.8900000000000120E-002
         154   2.8900000000000120E-002
         155   2.8900000000000120E-002
         156   2.8900000000000120E-002
         157   2.8900000000000120E-002
         158   2.8900000000000120E-002
         159   2.8900000000000120E-002
         160   2.8900000000000120E-002
         161   2.8900000000000120E-002
         162   2.8900000000000120E-002
         163   2.8900000000000120E-002
         164   2.8900000000000120E-002
         165   2.8900000000000120E-002
         166   2.8900000000000120E-002
         167   2.8900000000000120E-002
         168   2.8900000000000120E-002
         169   2.8900000000000120E-002
         170   2.8900000000000120E-002
         171   2.8900000000000120E-002
         172   2.8900000000000120E-002
         173   2.8900000000000120E-002
         174   2.8900000000000120E-002
         175   2.8900000000000120E-002
         176   2.8900000000000120E-002
         177   2.8900000000000120E-002
         178   2.8900000000000120E-002
         179   2.8900000000000120E-002
         180   2.8900000000000120E-002
         181   2.8900000000000120E-002
         182   2.8900000000000120E-002
         183   2.8900000000000120E-002
         184   2.8900000000000120E-002
         185   2.8900000000000120E-002
         186   2.8900000000000120E-002
         187   2.8900000000000120E-002
         188   2.8900000000000120E-002
         189   2.8900000000000120E-002
         190   2.8900000000000120E-002
         191   2.8900000000000120E-002
         192   2.8900000000000120E-002
         193   2.8900000000000120E-002
         194   2.8900000000000120E-002
         195   2.8900000000000120E-002
         196   2.8900000000000120E-002
         197   2.8900000000000120E-002
         198   2.8900000000000120E-002
         199   2.8900000000000120E-002
         200   2.8900000000000120E-002
         201   2.8900000000000120E-002
         202   2.8900000000000120E-002
         203   2.0000000000000213E-003
