           1   1.8913000000000002     
           2   1.3617000000000006     
           3  0.72900000000000054     
           4  0.53529999999999933     
           5   1.1599999999999932E-002
           6   1.1599999999999932E-002
           7   1.1599999999999932E-002
           8   1.1599999999999932E-002
           9   1.1599999999999932E-002
          10   1.1599999999999932E-002
          11   1.1599999999999932E-002
          12   1.1599999999999932E-002
          13   1.1599999999999932E-002
          14   1.1599999999999932E-002
          15   1.1599999999999932E-002
          16   1.1599999999999932E-002
          17   1.1599999999999932E-002
          18   1.1599999999999932E-002
          19   1.1599999999999932E-002
          20   1.1599999999999932E-002
          21   1.1599999999999932E-002
          22   1.1599999999999932E-002
          23   1.1599999999999932E-002
          24   1.1599999999999932E-002
          25   1.1599999999999932E-002
          26   1.1599999999999932E-002
          27   1.1599999999999932E-002
          28   1.1599999999999932E-002
          29   1.1599999999999932E-002
          30   1.1599999999999932E-002
          31   1.1599999999999932E-002
          32   1.1599999999999932E-002
          33   1.1599999999999932E-002
          34   1.1599999999999932E-002
          35   1.1599999999999932E-002
          36   1.1599999999999932E-002
          37   1.1599999999999932E-002
          38   1.1599999999999932E-002
          39   1.1599999999999932E-002
          40   1.1599999999999932E-002
          41   1.1599999999999932E-002
          42   1.1599999999999932E-002
          43   1.1599999999999932E-002
          44   1.1599999999999932E-002
          45   1.1599999999999932E-002
          46   1.1599999999999932E-002
          47   1.1599999999999932E-002
          48   1.1599999999999932E-002
          49   1.1599999999999932E-002
          50   1.1599999999999932E-002
          51   1.1599999999999932E-002
          52   1.1599999999999932E-002
          53   1.1599999999999932E-002
          54   1.1599999999999932E-002
          55   1.1599999999999932E-002
          56   1.1599999999999932E-002
          57   1.1599999999999932E-002
          58   1.1599999999999932E-002
          59   1.1599999999999932E-002
          60   1.1599999999999932E-002
          61   1.1599999999999932E-002
          62   1.1599999999999932E-002
          63   1.1599999999999932E-002
          64   1.1599999999999932E-002
          65   1.1599999999999932E-002
          66   1.1599999999999932E-002
          67   1.1599999999999932E-002
          68   1.1599999999999932E-002
          69   1.1599999999999932E-002
          70   1.1599999999999932E-002
          71   1.1599999999999932E-002
          72   1.1599999999999932E-002
          73   1.1599999999999932E-002
          74   1.1599999999999932E-002
          75   1.1599999999999932E-002
          76   1.1599999999999932E-002
          77   1.1599999999999932E-002
          78   1.1599999999999932E-002
          79   1.1599999999999932E-002
          80   1.1599999999999932E-002
          81   1.1599999999999932E-002
          82   1.1599999999999932E-002
          83   1.1599999999999932E-002
          84   1.1599999999999932E-002
          85   1.1599999999999932E-002
          86   1.1599999999999932E-002
          87   1.1599999999999932E-002
          88   1.1599999999999932E-002
          89   1.1599999999999932E-002
          90   1.1599999999999932E-002
          91   1.1599999999999932E-002
          92   1.1599999999999932E-002
          93   1.1599999999999932E-002
          94   1.1599999999999932E-002
          95   1.1599999999999932E-002
          96   1.1599999999999932E-002
          97   1.1599999999999932E-002
          98   1.1599999999999932E-002
          99   1.1599999999999932E-002
         100   1.1599999999999932E-002
         101   1.1599999999999932E-002
         102   1.1599999999999932E-002
         103   1.1599999999999932E-002
         104   1.1599999999999932E-002
         105   1.1599999999999932E-002
         106   1.1599999999999932E-002
         107   1.1599999999999932E-002
         108   1.1599999999999932E-002
         109   1.1599999999999932E-002
         110   1.1599999999999932E-002
         111   1.1599999999999932E-002
         112   1.1599999999999932E-002
         113   1.1599999999999932E-002
         114   1.1599999999999932E-002
         115   1.1599999999999932E-002
         116   1.1599999999999932E-002
         117   1.1599999999999932E-002
         118   1.1599999999999932E-002
         119   1.1599999999999932E-002
         120   1.1599999999999932E-002
         121   1.1599999999999932E-002
         122   1.1599999999999932E-002
         123   1.1599999999999932E-002
         124   1.1599999999999932E-002
         125   1.1599999999999932E-002
         126   1.1599999999999932E-002
         127   1.1599999999999932E-002
         128   1.1599999999999932E-002
         129   1.1599999999999932E-002
         130   1.1599999999999932E-002
         131   1.1599999999999932E-002
         132   1.1599999999999932E-002
         133   1.1599999999999932E-002
         134   1.1599999999999932E-002
         135   1.1599999999999932E-002
         136   1.1599999999999932E-002
         137   1.1599999999999932E-002
         138   1.1599999999999932E-002
         139   1.1599999999999932E-002
         140   1.1599999999999932E-002
         141   1.1599999999999932E-002
         142   1.1599999999999932E-002
         143   1.1599999999999932E-002
         144   1.1599999999999932E-002
         145   1.1599999999999932E-002
         146   1.1599999999999932E-002
         147   1.1599999999999932E-002
         148   1.1599999999999932E-002
         149   1.1599999999999932E-002
         150   1.1599999999999932E-002
         151   1.1599999999999932E-002
         152   1.1599999999999932E-002
         153   1.1599999999999932E-002
         154   1.1599999999999932E-002
         155   1.1599999999999932E-002
         156   1.1599999999999932E-002
         157   1.1599999999999932E-002
         158   1.1599999999999932E-002
         159   1.1599999999999932E-002
         160   1.1599999999999932E-002
         161   1.1599999999999932E-002
         162   1.1599999999999932E-002
         163   1.1599999999999932E-002
         164   1.1599999999999932E-002
         165   1.1599999999999932E-002
         166   1.1599999999999932E-002
         167   1.1599999999999932E-002
         168   1.1599999999999932E-002
         169   1.1599999999999932E-002
         170   1.1599999999999932E-002
         171   1.1599999999999932E-002
         172   1.1599999999999932E-002
         173   1.1599999999999932E-002
         174   1.1599999999999932E-002
         175   1.1599999999999932E-002
         176   1.1599999999999932E-002
         177   1.1599999999999932E-002
         178   1.1599999999999932E-002
         179   1.1599999999999932E-002
         180   1.1599999999999932E-002
         181   1.1599999999999932E-002
         182   1.1599999999999932E-002
         183   1.1599999999999932E-002
         184   1.1599999999999932E-002
         185   1.1599999999999932E-002
         186   1.1599999999999932E-002
         187   1.1599999999999932E-002
         188   1.1599999999999932E-002
         189   1.1599999999999932E-002
         190   1.1599999999999932E-002
         191   1.1599999999999932E-002
         192   1.1599999999999932E-002
         193   1.1599999999999932E-002
         194   1.1599999999999932E-002
         195   1.1599999999999932E-002
         196   1.1599999999999932E-002
         197   1.1599999999999932E-002
         198   1.1599999999999932E-002
         199   1.1599999999999932E-002
         200   1.1599999999999932E-002
         201   1.1599999999999932E-002
         202   1.1599999999999932E-002
         203   1.1599999999999932E-002
         204   1.1599999999999932E-002
         205   1.1599999999999932E-002
         206   1.1599999999999932E-002
         207   1.1599999999999932E-002
         208   1.1599999999999932E-002
         209   1.1599999999999932E-002
         210   1.1599999999999932E-002
         211   1.1599999999999932E-002
         212   1.1599999999999932E-002
         213   1.1599999999999932E-002
         214   1.1599999999999932E-002
         215   1.1599999999999932E-002
         216   1.1599999999999932E-002
         217   1.1599999999999932E-002
         218   1.1599999999999932E-002
         219   1.1599999999999932E-002
         220   1.1599999999999932E-002
         221   1.1599999999999932E-002
         222   1.1599999999999932E-002
         223   1.1599999999999932E-002
         224   1.1599999999999932E-002
         225   1.1599999999999932E-002
         226   1.1599999999999932E-002
         227   1.1599999999999932E-002
         228   1.1599999999999932E-002
         229   1.1599999999999932E-002
         230   1.1599999999999932E-002
         231   1.1599999999999932E-002
         232   1.1599999999999932E-002
         233   1.1599999999999932E-002
         234   1.1599999999999932E-002
         235   1.1599999999999932E-002
         236   1.1599999999999932E-002
         237   1.1599999999999932E-002
         238   1.1599999999999932E-002
         239   1.1599999999999932E-002
         240   1.1599999999999932E-002
         241   1.1599999999999932E-002
         242   1.1599999999999932E-002
         243   1.1599999999999932E-002
         244   1.1599999999999932E-002
         245   1.1599999999999932E-002
         246   1.1599999999999932E-002
         247   1.1599999999999932E-002
         248   1.1599999999999932E-002
         249   1.1599999999999932E-002
         250   1.1599999999999932E-002
         251   1.1599999999999932E-002
         252   1.1599999999999932E-002
         253   1.1599999999999932E-002
         254   1.1599999999999932E-002
         255   1.1599999999999932E-002
         256   1.1599999999999932E-002
         257   1.1599999999999932E-002
         258   1.1599999999999932E-002
         259   1.1599999999999932E-002
         260   1.1599999999999932E-002
         261   1.1599999999999932E-002
         262   1.1599999999999932E-002
         263   1.1599999999999932E-002
         264   1.1599999999999932E-002
         265   1.1599999999999932E-002
         266   1.1599999999999932E-002
         267   1.1599999999999932E-002
         268   1.1599999999999932E-002
         269   1.1599999999999932E-002
         270   1.1599999999999932E-002
         271   1.1599999999999932E-002
         272   1.1599999999999932E-002
         273   1.1599999999999932E-002
         274   1.1599999999999932E-002
         275   1.1599999999999932E-002
         276   1.1599999999999932E-002
         277   1.1599999999999932E-002
         278   1.1599999999999932E-002
         279   1.1599999999999932E-002
         280   1.1599999999999932E-002
         281   1.1599999999999932E-002
         282   1.1599999999999932E-002
         283   1.1599999999999932E-002
         284   1.1599999999999932E-002
         285   1.1599999999999932E-002
         286   1.1599999999999932E-002
         287   1.1599999999999932E-002
         288   1.1599999999999932E-002
         289   1.1599999999999932E-002
         290   1.1599999999999932E-002
         291   1.1599999999999932E-002
         292   1.1599999999999932E-002
         293   1.1599999999999932E-002
         294   1.1599999999999932E-002
         295   1.1599999999999932E-002
         296   1.1599999999999932E-002
         297   1.1599999999999932E-002
         298   1.1599999999999932E-002
         299   1.1599999999999932E-002
         300   1.1599999999999932E-002
         301   1.1599999999999932E-002
         302   1.1599999999999932E-002
         303   1.1599999999999932E-002
         304   1.1599999999999932E-002
         305   1.1599999999999932E-002
         306   1.1599999999999932E-002
         307   1.1599999999999932E-002
         308   1.1599999999999932E-002
         309   1.1599999999999932E-002
         310   1.1599999999999932E-002
         311   1.1599999999999932E-002
         312   1.1599999999999932E-002
         313   1.1599999999999932E-002
         314   1.1599999999999932E-002
         315   1.1599999999999932E-002
         316   1.1599999999999932E-002
         317   1.1599999999999932E-002
         318   1.1599999999999932E-002
         319   1.1599999999999932E-002
         320   1.1599999999999932E-002
         321   1.1599999999999932E-002
         322   1.1599999999999932E-002
         323   1.1599999999999932E-002
         324   1.1599999999999932E-002
         325   1.1599999999999932E-002
         326   1.1599999999999932E-002
         327   1.1599999999999932E-002
         328   1.1599999999999932E-002
         329   1.1599999999999932E-002
         330   1.1599999999999932E-002
         331   1.1599999999999932E-002
         332   1.1599999999999932E-002
         333   1.1599999999999932E-002
         334   1.1599999999999932E-002
         335   1.1599999999999932E-002
         336   1.1599999999999932E-002
         337   1.1599999999999932E-002
         338   1.1599999999999932E-002
         339   1.1599999999999932E-002
         340   1.1599999999999932E-002
         341   1.1599999999999932E-002
         342   1.1599999999999932E-002
         343   1.1599999999999932E-002
         344   1.1599999999999932E-002
         345   1.1599999999999932E-002
         346   1.1599999999999932E-002
         347   1.1599999999999932E-002
         348   1.1599999999999932E-002
         349   1.1599999999999932E-002
         350   1.1599999999999932E-002
         351   1.1599999999999932E-002
         352   1.1599999999999932E-002
         353   1.1599999999999932E-002
         354   1.1599999999999932E-002
         355   1.1599999999999932E-002
         356   1.1599999999999932E-002
         357   1.1599999999999932E-002
         358   1.1599999999999932E-002
         359   1.1599999999999932E-002
         360   1.1599999999999932E-002
         361   1.1599999999999932E-002
         362   1.1599999999999932E-002
         363   1.1599999999999932E-002
         364   1.1599999999999932E-002
         365   1.1599999999999932E-002
         366   1.1599999999999932E-002
         367   1.1599999999999932E-002
         368   1.1599999999999932E-002
         369   1.1599999999999932E-002
         370   1.1599999999999932E-002
         371   1.1599999999999932E-002
         372   1.1599999999999932E-002
         373   1.1599999999999932E-002
         374   1.1599999999999932E-002
         375   1.1599999999999932E-002
         376   1.1599999999999932E-002
         377   1.1599999999999932E-002
         378   1.1599999999999932E-002
         379   1.1599999999999932E-002
         380   1.1599999999999932E-002
         381   1.1599999999999932E-002
         382   1.1599999999999932E-002
         383   1.1599999999999932E-002
         384   1.1599999999999932E-002
         385   1.1599999999999932E-002
         386   1.1599999999999932E-002
         387   1.1599999999999932E-002
         388   1.1599999999999932E-002
         389   1.1599999999999932E-002
         390   1.1599999999999932E-002
         391   1.1599999999999932E-002
         392   1.1599999999999932E-002
         393   1.1599999999999932E-002
         394   1.1599999999999932E-002
         395   1.1599999999999932E-002
         396   1.1599999999999932E-002
         397   1.1599999999999932E-002
         398   1.1599999999999932E-002
         399   1.1599999999999932E-002
         400   1.1599999999999932E-002
         401   1.1599999999999932E-002
         402   1.1599999999999932E-002
         403   1.1599999999999932E-002
         404   1.1599999999999932E-002
         405   1.1599999999999932E-002
         406   1.1599999999999932E-002
         407   1.1599999999999932E-002
         408   1.1599999999999932E-002
         409   1.1599999999999932E-002
         410   1.1599999999999932E-002
         411   1.1599999999999932E-002
         412   1.1599999999999932E-002
         413   1.1599999999999932E-002
         414   1.1599999999999932E-002
         415   1.1599999999999932E-002
         416   1.1599999999999932E-002
         417   1.1599999999999932E-002
         418   1.1599999999999932E-002
         419   1.1599999999999932E-002
         420   1.1599999999999932E-002
         421   1.1599999999999932E-002
         422   1.1599999999999932E-002
         423   1.1599999999999932E-002
         424   1.1599999999999932E-002
         425   1.1599999999999932E-002
         426   1.1599999999999932E-002
         427   1.1599999999999932E-002
         428   1.1599999999999932E-002
         429   1.1599999999999932E-002
         430   1.1599999999999932E-002
         431   1.1599999999999932E-002
         432   1.1599999999999932E-002
         433   1.1599999999999932E-002
         434   1.1599999999999932E-002
         435   1.1599999999999932E-002
         436   1.1599999999999932E-002
         437   1.1599999999999932E-002
         438   1.1599999999999932E-002
         439   1.1599999999999932E-002
         440   1.1599999999999932E-002
         441   1.1599999999999932E-002
         442   1.1599999999999932E-002
         443   1.1599999999999932E-002
         444   1.1599999999999932E-002
         445   1.1599999999999932E-002
         446   1.1599999999999932E-002
         447   1.1599999999999932E-002
         448   1.1599999999999932E-002
         449   1.1599999999999932E-002
         450   1.1599999999999932E-002
         451   1.1599999999999932E-002
         452   1.1599999999999932E-002
         453   1.1599999999999932E-002
         454   1.1599999999999932E-002
         455   1.1599999999999932E-002
         456   1.1599999999999932E-002
         457   1.1599999999999932E-002
         458   1.1599999999999932E-002
         459   1.1599999999999932E-002
         460   1.1599999999999932E-002
         461   1.1599999999999932E-002
         462   1.1599999999999932E-002
         463   1.1599999999999932E-002
         464   1.1599999999999932E-002
         465   1.1599999999999932E-002
         466   1.1599999999999932E-002
         467   1.1599999999999932E-002
         468   1.1599999999999932E-002
         469   1.1599999999999932E-002
         470   1.1599999999999932E-002
         471   1.1599999999999932E-002
         472   1.1599999999999932E-002
         473   1.1599999999999932E-002
         474   1.1599999999999932E-002
         475   1.1599999999999932E-002
         476   1.1599999999999932E-002
         477   1.1599999999999932E-002
         478   1.1599999999999932E-002
         479   1.1599999999999932E-002
         480   1.1599999999999932E-002
         481   1.1599999999999932E-002
         482   1.1599999999999932E-002
         483   1.1599999999999932E-002
         484   1.1599999999999932E-002
         485   1.1599999999999932E-002
         486   1.1599999999999932E-002
         487   1.1599999999999932E-002
         488   1.1599999999999932E-002
         489   1.1599999999999932E-002
         490   1.1599999999999932E-002
         491   1.1599999999999932E-002
         492   1.1599999999999932E-002
         493   1.1599999999999932E-002
         494   1.1599999999999932E-002
         495   1.1599999999999932E-002
         496   1.1599999999999932E-002
         497   1.1599999999999932E-002
         498   1.1599999999999932E-002
         499   1.1599999999999932E-002
         500   1.1599999999999932E-002
         501   1.1599999999999932E-002
         502   1.1599999999999932E-002
         503   1.1599999999999932E-002
         504   1.1599999999999932E-002
         505   1.1599999999999932E-002
         506   1.1599999999999932E-002
         507   1.1599999999999932E-002
         508   1.1599999999999932E-002
         509   1.1599999999999932E-002
         510   1.1599999999999932E-002
         511   1.1599999999999932E-002
         512   1.1599999999999932E-002
         513   1.1599999999999932E-002
         514   1.1599999999999932E-002
         515   1.1599999999999932E-002
         516   1.1599999999999932E-002
         517   1.1599999999999932E-002
         518   1.1599999999999932E-002
         519   1.1599999999999932E-002
         520   1.1599999999999932E-002
         521   1.1599999999999932E-002
         522   1.1599999999999932E-002
         523   1.1599999999999932E-002
         524   1.1599999999999932E-002
         525   1.1599999999999932E-002
         526   1.1599999999999932E-002
         527   1.1599999999999932E-002
         528   1.1599999999999932E-002
         529   1.1599999999999932E-002
         530   1.1599999999999932E-002
         531   1.1599999999999932E-002
         532   1.1599999999999932E-002
         533   1.1599999999999932E-002
         534   1.1599999999999932E-002
         535   1.1599999999999932E-002
         536   1.1599999999999932E-002
         537   1.1599999999999932E-002
         538   1.1599999999999932E-002
         539   1.1599999999999932E-002
         540   1.1599999999999932E-002
         541   1.1599999999999932E-002
         542   1.1599999999999932E-002
         543   1.1599999999999932E-002
         544   1.1599999999999932E-002
         545   1.1599999999999932E-002
         546   1.1599999999999932E-002
         547   1.1599999999999932E-002
         548   1.1599999999999932E-002
         549   1.1599999999999932E-002
         550   1.1599999999999932E-002
         551   1.1599999999999932E-002
         552   1.1599999999999932E-002
         553   1.1599999999999932E-002
         554   1.1599999999999932E-002
         555   1.1599999999999932E-002
         556   1.1599999999999932E-002
         557   1.1599999999999932E-002
         558   1.1599999999999932E-002
         559   1.1599999999999932E-002
         560   1.1599999999999932E-002
         561   1.1599999999999932E-002
         562   1.1599999999999932E-002
         563   1.1599999999999932E-002
         564   1.1599999999999932E-002
         565   1.1599999999999932E-002
         566   1.1599999999999932E-002
         567   1.1599999999999932E-002
         568   1.1599999999999932E-002
         569   1.1599999999999932E-002
         570   1.1599999999999932E-002
         571   1.1599999999999932E-002
         572   1.1599999999999932E-002
         573   1.1599999999999932E-002
         574   1.1599999999999932E-002
         575   1.1599999999999932E-002
         576   1.1599999999999932E-002
         577   1.1599999999999932E-002
         578   1.1599999999999932E-002
         579   1.1599999999999932E-002
         580   1.1599999999999932E-002
         581   1.1599999999999932E-002
         582   1.1599999999999932E-002
         583   1.1599999999999932E-002
         584   1.1599999999999932E-002
         585   1.1599999999999932E-002
         586   1.1599999999999932E-002
         587   1.1599999999999932E-002
         588   1.1599999999999932E-002
         589   1.1599999999999932E-002
         590   1.1599999999999932E-002
         591   1.1599999999999932E-002
         592   1.1599999999999932E-002
         593   1.1599999999999932E-002
         594   1.1599999999999932E-002
         595   1.1599999999999932E-002
         596   1.1599999999999932E-002
         597   1.1599999999999932E-002
         598   1.1599999999999932E-002
         599   1.1599999999999932E-002
         600   1.1599999999999932E-002
         601   1.1599999999999932E-002
         602   1.1599999999999932E-002
         603   1.1599999999999932E-002
         604   1.1599999999999932E-002
         605   1.1599999999999932E-002
         606   1.1599999999999932E-002
         607   1.1599999999999932E-002
         608   1.1599999999999932E-002
         609   1.1599999999999932E-002
         610   1.1599999999999932E-002
         611   1.1599999999999932E-002
         612   1.1599999999999932E-002
         613   1.1599999999999932E-002
         614   1.1599999999999932E-002
         615   1.1599999999999932E-002
         616   1.1599999999999932E-002
         617   1.1599999999999932E-002
         618   1.1599999999999932E-002
         619   1.1599999999999932E-002
         620   1.1599999999999932E-002
         621   1.1599999999999932E-002
         622   1.1599999999999932E-002
         623   1.1599999999999932E-002
         624   1.1599999999999932E-002
         625   1.1599999999999932E-002
         626   1.1599999999999932E-002
         627   1.1599999999999932E-002
         628   1.1599999999999932E-002
         629   1.1599999999999932E-002
         630   1.1599999999999932E-002
         631   1.1599999999999932E-002
         632   1.1599999999999932E-002
         633   1.1599999999999932E-002
         634   1.1599999999999932E-002
         635   1.1599999999999932E-002
         636   1.1599999999999932E-002
         637   1.1599999999999932E-002
         638   1.1599999999999932E-002
         639   1.1599999999999932E-002
         640   1.1599999999999932E-002
         641   1.1599999999999932E-002
         642   1.1599999999999932E-002
         643   1.1599999999999932E-002
         644   1.1599999999999932E-002
         645   1.1599999999999932E-002
         646   1.1599999999999932E-002
         647   1.1599999999999932E-002
         648   1.1599999999999932E-002
         649   1.1599999999999932E-002
         650   1.1599999999999932E-002
         651   1.1599999999999932E-002
         652   1.1599999999999932E-002
         653   1.1599999999999932E-002
         654   1.1599999999999932E-002
         655   1.1599999999999932E-002
         656   1.1599999999999932E-002
         657   1.1599999999999932E-002
         658   1.1599999999999932E-002
         659   1.1599999999999932E-002
         660   1.1599999999999932E-002
         661   1.1599999999999932E-002
         662   1.1599999999999932E-002
         663   1.1599999999999932E-002
         664   1.1599999999999932E-002
         665   1.1599999999999932E-002
         666   1.1599999999999932E-002
         667   1.1599999999999932E-002
         668   1.1599999999999932E-002
         669   1.1599999999999932E-002
         670   1.1599999999999932E-002
         671   1.1599999999999932E-002
         672   1.1599999999999932E-002
         673   1.1599999999999932E-002
         674   1.1599999999999932E-002
         675   1.1599999999999932E-002
         676   1.1599999999999932E-002
         677   1.1599999999999932E-002
         678   1.1599999999999932E-002
         679   1.1599999999999932E-002
         680   1.1599999999999932E-002
         681   1.1599999999999932E-002
         682   1.1599999999999932E-002
         683   1.1599999999999932E-002
         684   1.1599999999999932E-002
         685   1.1599999999999932E-002
         686   1.1599999999999932E-002
         687   1.1599999999999932E-002
         688   1.1599999999999932E-002
         689   1.1599999999999932E-002
         690   1.1599999999999932E-002
         691   1.1599999999999932E-002
         692   1.1599999999999932E-002
         693   1.1599999999999932E-002
         694   1.1599999999999932E-002
         695   1.1599999999999932E-002
         696   1.1599999999999932E-002
         697   1.1599999999999932E-002
         698   1.1599999999999932E-002
         699   1.1599999999999932E-002
         700   1.1599999999999932E-002
         701   1.1599999999999932E-002
         702   1.1599999999999932E-002
         703   1.1599999999999932E-002
         704   1.1599999999999932E-002
         705   1.1599999999999932E-002
         706   1.1599999999999932E-002
         707   1.1599999999999932E-002
         708   1.1599999999999932E-002
         709   1.1599999999999932E-002
         710   1.1599999999999932E-002
         711   1.1599999999999932E-002
         712   1.1599999999999932E-002
         713   1.1599999999999932E-002
         714   1.1599999999999932E-002
         715   1.1599999999999932E-002
         716   1.1599999999999932E-002
         717   1.1599999999999932E-002
         718   1.1599999999999932E-002
         719   1.1599999999999932E-002
         720   1.1599999999999932E-002
         721   1.1599999999999932E-002
         722   1.1599999999999932E-002
         723   1.1599999999999932E-002
         724   1.1599999999999932E-002
         725   1.1599999999999932E-002
         726   1.1599999999999932E-002
         727   1.1599999999999932E-002
         728   1.1599999999999932E-002
         729   1.1599999999999932E-002
         730   1.1599999999999932E-002
         731   1.1599999999999932E-002
         732   1.1599999999999932E-002
         733   1.1599999999999932E-002
         734   1.1599999999999932E-002
         735   1.1599999999999932E-002
         736   1.1599999999999932E-002
         737   1.1599999999999932E-002
         738   1.1599999999999932E-002
         739   1.1599999999999932E-002
         740   1.1599999999999932E-002
         741   1.1599999999999932E-002
         742   1.1599999999999932E-002
         743   1.1599999999999932E-002
         744   1.1599999999999932E-002
         745   1.1599999999999932E-002
         746   1.1599999999999932E-002
         747   1.1599999999999932E-002
         748   1.1599999999999932E-002
         749   1.1599999999999932E-002
         750   1.1599999999999932E-002
         751   1.1599999999999932E-002
         752   1.1599999999999932E-002
         753   1.1599999999999932E-002
         754   1.1599999999999932E-002
         755   1.1599999999999932E-002
         756   1.1599999999999932E-002
         757   1.1599999999999932E-002
         758   1.1599999999999932E-002
         759   1.1599999999999932E-002
         760   1.1599999999999932E-002
         761   1.1599999999999932E-002
         762   1.1599999999999932E-002
         763   1.1599999999999932E-002
         764   1.1599999999999932E-002
         765   1.1599999999999932E-002
         766   1.1599999999999932E-002
         767   1.1599999999999932E-002
         768   1.1599999999999932E-002
         769   1.1599999999999932E-002
         770   1.1599999999999932E-002
         771   1.1599999999999932E-002
         772   1.1599999999999932E-002
         773   1.1599999999999932E-002
         774   1.1599999999999932E-002
         775   1.1599999999999932E-002
         776   1.1599999999999932E-002
         777   1.1599999999999932E-002
         778   1.1599999999999932E-002
         779   1.1599999999999932E-002
         780   1.1599999999999932E-002
         781   1.1599999999999932E-002
         782   1.1599999999999932E-002
         783   1.1599999999999932E-002
         784   1.1599999999999932E-002
         785   1.1599999999999932E-002
         786   1.1599999999999932E-002
         787   1.1599999999999932E-002
         788   1.1599999999999932E-002
         789   1.1599999999999932E-002
         790   1.1599999999999932E-002
         791   1.1599999999999932E-002
         792   1.1599999999999932E-002
         793   1.1599999999999932E-002
         794   4.9000000000000397E-003
