           1  0.64249999999999940     
           2  0.57139999999999969     
           3  0.57139999999999969     
           4  0.57139999999999969     
           5  0.57139999999999969     
           6  0.57139999999999969     
           7  0.57139999999999969     
           8  0.57139999999999969     
           9  0.57139999999999969     
          10  0.57139999999999969     
          11  0.57139999999999969     
          12  0.57139999999999969     
          13  0.57139999999999969     
          14  0.57139999999999969     
          15  0.57139999999999969     
          16  0.57139999999999969     
          17  0.57139999999999969     
          18  0.57139999999999969     
          19  0.57139999999999969     
          20  0.57139999999999969     
          21  0.42929999999999979     
          22  0.42929999999999979     
          23  0.42929999999999979     
          24  0.42929999999999979     
          25  0.42929999999999979     
          26  0.42929999999999979     
          27  0.42929999999999979     
          28  0.42929999999999979     
          29  0.40680000000000038     
          30  0.34600000000000031     
          31  0.34600000000000031     
          32  0.34600000000000031     
          33  0.34600000000000031     
          34  0.25329999999999964     
          35  0.25329999999999964     
          36  0.25329999999999964     
          37  0.25329999999999964     
          38  0.25329999999999964     
          39  0.25329999999999964     
          40  0.25329999999999964     
          41  0.25329999999999964     
          42  0.25329999999999964     
          43  0.25329999999999964     
          44  0.25329999999999964     
          45  0.19890000000000005     
          46  0.19890000000000005     
          47  0.18449999999999966     
          48  0.18449999999999966     
          49  0.18449999999999966     
          50  0.18449999999999966     
          51  0.17459999999999987     
          52  0.17459999999999987     
          53  0.17459999999999987     
          54  0.17459999999999987     
          55  0.17459999999999987     
          56  0.17459999999999987     
          57  0.17459999999999987     
          58  0.17459999999999987     
          59  0.17459999999999987     
          60   8.6500000000000077E-002
          61   8.5300000000000098E-002
          62   8.1800000000000178E-002
          63   7.2399999999999964E-002
          64   6.8900000000000045E-002
          65   6.8900000000000045E-002
          66   6.8900000000000045E-002
          67   6.8900000000000045E-002
          68   6.8900000000000045E-002
          69   6.8900000000000045E-002
          70   6.8900000000000045E-002
          71   6.8900000000000045E-002
          72   6.8900000000000045E-002
          73   6.8900000000000045E-002
          74   3.3999999999999933E-002
          75   3.3999999999999933E-002
          76   3.3999999999999933E-002
          77   3.3999999999999933E-002
          78   3.3999999999999933E-002
          79   3.3999999999999933E-002
          80   3.3999999999999933E-002
          81   3.3999999999999933E-002
          82   3.3999999999999933E-002
          83   3.3999999999999933E-002
          84   3.3999999999999933E-002
          85   3.3999999999999933E-002
          86   3.3999999999999933E-002
          87   3.3999999999999933E-002
          88   3.3999999999999933E-002
          89   3.3999999999999933E-002
          90   3.3999999999999933E-002
          91   3.3999999999999933E-002
          92   3.3999999999999933E-002
          93   3.3999999999999933E-002
          94   3.3999999999999933E-002
          95   3.3999999999999933E-002
          96   3.3999999999999933E-002
          97   3.3999999999999933E-002
          98   3.3999999999999933E-002
          99   3.3999999999999933E-002
         100   3.3999999999999933E-002
         101   3.3999999999999933E-002
         102   3.3999999999999933E-002
         103   3.3999999999999933E-002
         104   3.3999999999999933E-002
         105   3.3999999999999933E-002
         106   3.3999999999999933E-002
         107   3.3999999999999933E-002
         108   3.3999999999999933E-002
         109   3.3999999999999933E-002
         110   3.3999999999999933E-002
         111   3.3999999999999933E-002
         112   3.3999999999999933E-002
         113   3.3999999999999933E-002
         114   3.3999999999999933E-002
         115   3.3999999999999933E-002
         116   3.3999999999999933E-002
         117   3.3999999999999933E-002
         118   3.3999999999999933E-002
         119   3.3999999999999933E-002
         120   3.3999999999999933E-002
         121   3.3999999999999933E-002
         122   3.3999999999999933E-002
         123   3.3999999999999933E-002
         124   3.3999999999999933E-002
         125   3.3999999999999933E-002
         126   3.3999999999999933E-002
         127   3.3999999999999933E-002
         128   3.3999999999999933E-002
         129   3.3999999999999933E-002
         130   3.3999999999999933E-002
         131   3.3999999999999933E-002
         132   3.3999999999999933E-002
         133   3.3999999999999933E-002
         134   2.2900000000000125E-002
         135   2.2600000000000103E-002
         136   2.2600000000000103E-002
         137   2.2600000000000103E-002
         138   2.2600000000000103E-002
         139   2.2600000000000103E-002
         140   2.2600000000000103E-002
         141   2.2600000000000103E-002
         142   2.2600000000000103E-002
         143   2.2600000000000103E-002
         144   2.2600000000000103E-002
         145   2.2600000000000103E-002
         146   2.2600000000000103E-002
         147   2.2600000000000103E-002
         148   2.2600000000000103E-002
         149   2.2600000000000103E-002
         150   2.2600000000000103E-002
         151   2.2600000000000103E-002
         152   2.2600000000000103E-002
         153   2.2600000000000103E-002
         154   2.2600000000000103E-002
         155   2.2600000000000103E-002
         156   2.2600000000000103E-002
         157   2.2600000000000103E-002
         158   2.2600000000000103E-002
         159   2.2600000000000103E-002
         160   2.2600000000000103E-002
         161   2.2600000000000103E-002
         162   2.2600000000000103E-002
         163   2.2600000000000103E-002
         164   2.2600000000000103E-002
         165   2.2600000000000103E-002
         166   2.2600000000000103E-002
         167   2.2600000000000103E-002
         168   2.2600000000000103E-002
         169   2.2600000000000103E-002
         170   2.2600000000000103E-002
         171   2.2600000000000103E-002
         172   2.2600000000000103E-002
         173   2.2600000000000103E-002
         174   2.2600000000000103E-002
         175   2.2600000000000103E-002
         176   2.2600000000000103E-002
         177   2.2600000000000103E-002
         178   2.2600000000000103E-002
         179   2.2600000000000103E-002
         180   2.2600000000000103E-002
         181   2.2600000000000103E-002
         182   2.2600000000000103E-002
         183   2.2600000000000103E-002
         184   2.2600000000000103E-002
         185   2.2600000000000103E-002
         186   2.2600000000000103E-002
         187   2.2600000000000103E-002
         188   2.2600000000000103E-002
         189   2.2600000000000103E-002
         190   2.2600000000000103E-002
         191   2.2600000000000103E-002
         192   2.2600000000000103E-002
         193   2.2600000000000103E-002
         194   2.2600000000000103E-002
         195   2.2600000000000103E-002
         196   2.2600000000000103E-002
         197   2.2600000000000103E-002
         198   2.2600000000000103E-002
         199   2.2600000000000103E-002
         200   2.2600000000000103E-002
         201   2.2600000000000103E-002
         202   2.2600000000000103E-002
         203   2.2600000000000103E-002
         204   2.2600000000000103E-002
         205   2.2600000000000103E-002
         206   2.2600000000000103E-002
         207   2.2600000000000103E-002
         208   2.2600000000000103E-002
         209   2.2600000000000103E-002
         210   2.2600000000000103E-002
         211   2.2600000000000103E-002
         212   2.2600000000000103E-002
         213   2.2600000000000103E-002
         214   2.2600000000000103E-002
         215   2.2600000000000103E-002
         216   2.2600000000000103E-002
         217   2.2600000000000103E-002
         218   2.2600000000000103E-002
         219   2.2600000000000103E-002
         220   2.2600000000000103E-002
         221   1.6000000000000028E-002
         222   1.6000000000000028E-002
         223   1.6000000000000028E-002
         224   1.4800000000000044E-002
         225   1.4400000000000026E-002
         226   1.4400000000000026E-002
         227   1.4400000000000026E-002
         228   1.4400000000000026E-002
         229   1.4400000000000026E-002
         230   1.4400000000000026E-002
         231   1.4400000000000026E-002
         232   1.4400000000000026E-002
         233   1.4400000000000026E-002
         234   1.4400000000000026E-002
         235   1.4400000000000026E-002
         236   1.4400000000000026E-002
         237   1.4400000000000026E-002
         238   1.4400000000000026E-002
         239   1.4400000000000026E-002
         240   1.4400000000000026E-002
         241   1.4400000000000026E-002
         242   1.4400000000000026E-002
         243   1.4400000000000026E-002
         244   1.4400000000000026E-002
         245   1.4400000000000026E-002
         246   1.4400000000000026E-002
         247   1.4400000000000026E-002
         248   1.4400000000000026E-002
         249   1.4400000000000026E-002
         250   1.4400000000000026E-002
         251   1.4400000000000026E-002
         252   1.4400000000000026E-002
         253   1.4400000000000026E-002
         254   1.4400000000000026E-002
         255   1.4400000000000026E-002
         256   1.4400000000000026E-002
         257   1.4400000000000026E-002
         258   1.3700000000000073E-002
         259   1.3700000000000073E-002
         260   1.3700000000000073E-002
         261   1.3700000000000073E-002
         262   1.3700000000000073E-002
         263   1.3700000000000073E-002
         264   1.3700000000000073E-002
         265   1.3700000000000073E-002
         266   1.3700000000000073E-002
         267   1.3700000000000073E-002
         268   1.3700000000000073E-002
         269   1.3700000000000073E-002
         270   1.3700000000000073E-002
         271   1.3700000000000073E-002
         272   1.3700000000000073E-002
         273   1.3700000000000073E-002
         274   1.3700000000000073E-002
         275   1.3700000000000073E-002
         276   1.3700000000000073E-002
         277   1.3700000000000073E-002
         278   1.3700000000000073E-002
         279   1.3700000000000073E-002
         280   1.3700000000000073E-002
         281   1.3700000000000073E-002
         282   1.3700000000000073E-002
         283   1.3700000000000073E-002
         284   1.3700000000000073E-002
         285   1.3700000000000073E-002
         286   1.3700000000000073E-002
         287   1.3700000000000073E-002
         288   1.3700000000000073E-002
         289   1.3700000000000073E-002
         290   1.3700000000000073E-002
         291   1.3700000000000073E-002
         292   1.3700000000000073E-002
         293   1.3700000000000073E-002
         294   1.3700000000000073E-002
         295   1.3700000000000073E-002
         296   1.3700000000000073E-002
         297   1.3700000000000073E-002
         298   1.3700000000000073E-002
         299   1.3700000000000073E-002
         300   1.3700000000000073E-002
         301   1.3700000000000073E-002
         302   1.3700000000000073E-002
         303   1.3700000000000073E-002
         304   1.3700000000000073E-002
         305   1.3700000000000073E-002
         306   1.3700000000000073E-002
         307   1.3700000000000073E-002
         308   1.3700000000000073E-002
         309   1.3700000000000073E-002
         310   1.3700000000000073E-002
         311   1.3700000000000073E-002
         312   1.3700000000000073E-002
         313   1.3700000000000073E-002
         314   1.3700000000000073E-002
         315   1.3700000000000073E-002
         316   1.3700000000000073E-002
         317   1.3700000000000073E-002
         318   1.3700000000000073E-002
         319   1.3700000000000073E-002
         320   1.3700000000000073E-002
         321   1.3700000000000073E-002
         322   1.3700000000000073E-002
         323   1.3700000000000073E-002
         324   1.3700000000000073E-002
         325   1.3700000000000073E-002
         326   1.3700000000000073E-002
         327   1.3700000000000073E-002
         328   1.3700000000000073E-002
         329   1.3700000000000073E-002
         330   1.3700000000000073E-002
         331   1.3700000000000073E-002
         332   1.3700000000000073E-002
         333   1.3700000000000073E-002
         334   1.3700000000000073E-002
         335   1.3700000000000073E-002
         336   1.3700000000000073E-002
         337   1.3700000000000073E-002
         338   1.3700000000000073E-002
         339   1.3700000000000073E-002
         340   1.3700000000000073E-002
         341   1.3700000000000073E-002
         342   1.3700000000000073E-002
         343   1.3700000000000073E-002
         344   1.3700000000000073E-002
         345   1.3700000000000073E-002
         346   1.3700000000000073E-002
         347   1.3700000000000073E-002
         348   1.3700000000000073E-002
         349   1.3700000000000073E-002
         350   1.3700000000000073E-002
         351   1.3700000000000073E-002
         352   1.3700000000000073E-002
         353   1.3700000000000073E-002
         354   1.3700000000000073E-002
         355   1.3700000000000073E-002
         356   8.0000000000000140E-003
