           1  0.98640000000000061     
           2  0.24729999999999952     
           3  0.15699999999999981     
           4  0.15699999999999981     
           5  0.12579999999999997     
           6  0.12579999999999997     
           7  0.12579999999999997     
           8  0.12579999999999997     
           9   7.5699999999999851E-002
          10   7.5699999999999851E-002
          11   7.5699999999999851E-002
          12   3.5600000000000152E-002
          13   3.5600000000000152E-002
          14   3.5600000000000152E-002
          15   3.5600000000000152E-002
          16   3.5600000000000152E-002
          17   3.5600000000000152E-002
          18   3.5600000000000152E-002
          19   3.5600000000000152E-002
          20   3.5600000000000152E-002
          21   3.5600000000000152E-002
          22   3.5600000000000152E-002
          23   3.5600000000000152E-002
          24   3.5600000000000152E-002
          25   3.3700000000000022E-002
          26   3.3700000000000022E-002
          27   2.9200000000000000E-002
          28   2.9200000000000000E-002
          29   2.6000000000000065E-002
          30   1.9999999999999928E-002
          31   1.9999999999999928E-002
          32   1.9999999999999928E-002
          33   1.9999999999999928E-002
          34   1.9999999999999928E-002
          35   1.9999999999999928E-002
          36   1.9999999999999928E-002
          37   1.9999999999999928E-002
          38   1.9999999999999928E-002
          39   1.9999999999999928E-002
          40   1.9999999999999928E-002
          41   1.9999999999999928E-002
          42   1.9999999999999928E-002
          43   1.9999999999999928E-002
          44   1.9999999999999928E-002
          45   1.9999999999999928E-002
          46   1.9999999999999928E-002
          47   1.9999999999999928E-002
          48   1.9999999999999928E-002
          49   1.9999999999999928E-002
          50   1.9999999999999928E-002
          51   1.9999999999999928E-002
          52   1.9999999999999928E-002
          53   1.9999999999999928E-002
          54   1.9999999999999928E-002
          55   1.9999999999999928E-002
          56   1.9999999999999928E-002
          57   1.9999999999999928E-002
          58   1.9999999999999928E-002
          59   1.9999999999999928E-002
          60   1.9999999999999928E-002
          61   1.9999999999999928E-002
          62   1.9999999999999928E-002
          63   1.9999999999999928E-002
          64   1.9999999999999928E-002
          65   1.9999999999999928E-002
          66   1.9999999999999928E-002
          67   1.9999999999999928E-002
          68   1.9999999999999928E-002
          69   1.9999999999999928E-002
          70   1.9999999999999928E-002
          71   1.9999999999999928E-002
          72   1.9999999999999928E-002
          73   1.9999999999999928E-002
          74   1.9999999999999928E-002
          75   1.9999999999999928E-002
          76   1.9999999999999928E-002
          77   1.9999999999999928E-002
          78   1.9999999999999928E-002
          79   1.9999999999999928E-002
          80   1.9999999999999928E-002
          81   1.9999999999999928E-002
          82   1.9999999999999928E-002
          83   1.9999999999999928E-002
          84   1.9999999999999928E-002
          85   1.9999999999999928E-002
          86   1.9999999999999928E-002
          87   1.9999999999999928E-002
          88   1.9999999999999928E-002
          89   1.9999999999999928E-002
          90   1.9999999999999928E-002
          91   1.9999999999999928E-002
          92   1.9999999999999928E-002
          93   1.9999999999999928E-002
          94   1.9999999999999928E-002
          95   1.9999999999999928E-002
          96   1.9999999999999928E-002
          97   1.9999999999999928E-002
          98   1.9999999999999928E-002
          99   1.9999999999999928E-002
         100   1.9999999999999928E-002
         101   1.9999999999999928E-002
         102   1.9999999999999928E-002
         103   1.9999999999999928E-002
         104   1.9999999999999928E-002
         105   1.9999999999999928E-002
         106   1.9999999999999928E-002
         107   1.9999999999999928E-002
         108   1.9999999999999928E-002
         109   1.9999999999999928E-002
         110   1.9999999999999928E-002
         111   1.9999999999999928E-002
         112   1.9999999999999928E-002
         113   1.9999999999999928E-002
         114   1.9999999999999928E-002
         115   1.9999999999999928E-002
         116   1.9999999999999928E-002
         117   1.9999999999999928E-002
         118   1.9999999999999928E-002
         119   1.9999999999999928E-002
         120   1.9999999999999928E-002
         121   1.9999999999999928E-002
         122   1.9999999999999928E-002
         123   1.9999999999999928E-002
         124   1.9999999999999928E-002
         125   1.9999999999999928E-002
         126   1.9999999999999928E-002
         127   1.9999999999999928E-002
         128   1.9999999999999928E-002
         129   1.9999999999999928E-002
         130   1.9999999999999928E-002
         131   1.9999999999999928E-002
         132   1.9999999999999928E-002
         133   1.6400000000000116E-002
         134   1.6400000000000116E-002
         135   1.6400000000000116E-002
         136   1.0000000000000106E-002
         137   1.0000000000000106E-002
         138   1.0000000000000106E-002
         139   1.0000000000000106E-002
         140   1.0000000000000106E-002
         141   1.0000000000000106E-002
         142   1.0000000000000106E-002
         143   1.0000000000000106E-002
         144   1.0000000000000106E-002
         145   8.0000000000003690E-004
