           1  0.13409999999999989     
           2  0.11559999999999995     
           3  0.11559999999999995     
           4  0.11559999999999995     
           5   9.0099999999999889E-002
           6   3.6200000000000142E-002
           7   3.6200000000000142E-002
           8   3.6200000000000142E-002
           9   3.6200000000000142E-002
          10   3.6200000000000142E-002
          11   3.6200000000000142E-002
          12   3.6200000000000142E-002
          13   3.6200000000000142E-002
          14   3.6200000000000142E-002
          15   3.6200000000000142E-002
          16   2.9000000000000040E-002
          17   1.3700000000000073E-002
          18   1.3000000000000086E-002
          19   1.3000000000000086E-002
          20   1.3000000000000086E-002
          21   1.3000000000000086E-002
          22   1.3000000000000086E-002
          23   1.3000000000000086E-002
          24   1.3000000000000086E-002
          25   1.3000000000000086E-002
          26   1.3000000000000086E-002
          27   1.3000000000000086E-002
          28   1.3000000000000086E-002
          29   1.3000000000000086E-002
          30   1.3000000000000086E-002
          31   1.3000000000000086E-002
          32   1.3000000000000086E-002
          33   1.3000000000000086E-002
          34   1.3000000000000086E-002
          35   1.3000000000000086E-002
          36   1.3000000000000086E-002
          37   1.3000000000000086E-002
          38   1.3000000000000086E-002
          39   1.3000000000000086E-002
          40   1.3000000000000086E-002
          41   1.3000000000000086E-002
          42   1.3000000000000086E-002
          43   1.3000000000000086E-002
          44   1.3000000000000086E-002
          45   1.3000000000000086E-002
          46   1.3000000000000086E-002
          47   1.3000000000000086E-002
          48   1.3000000000000086E-002
          49   1.3000000000000086E-002
          50   1.3000000000000086E-002
          51   1.3000000000000086E-002
          52   1.3000000000000086E-002
          53   1.3000000000000086E-002
          54   1.3000000000000086E-002
          55   1.3000000000000086E-002
          56   1.3000000000000086E-002
          57   1.3000000000000086E-002
          58   1.3000000000000086E-002
          59   1.3000000000000086E-002
          60   1.3000000000000086E-002
          61   1.3000000000000086E-002
          62   1.3000000000000086E-002
          63   1.3000000000000086E-002
          64   1.3000000000000086E-002
          65   1.3000000000000086E-002
          66   1.3000000000000086E-002
          67   1.3000000000000086E-002
          68   1.3000000000000086E-002
          69   1.3000000000000086E-002
          70   1.3000000000000086E-002
          71   1.3000000000000086E-002
          72   1.3000000000000086E-002
          73   1.3000000000000086E-002
          74   1.3000000000000086E-002
          75   1.3000000000000086E-002
          76   1.3000000000000086E-002
          77   1.3000000000000086E-002
          78   1.3000000000000086E-002
          79   1.3000000000000086E-002
          80   1.3000000000000086E-002
          81   1.3000000000000086E-002
          82   1.3000000000000086E-002
          83   1.3000000000000086E-002
          84   1.3000000000000086E-002
          85   1.3000000000000086E-002
          86   1.3000000000000086E-002
          87   1.3000000000000086E-002
          88   1.3000000000000086E-002
          89   1.3000000000000086E-002
          90   1.3000000000000086E-002
          91   1.3000000000000086E-002
          92   1.3000000000000086E-002
          93   1.3000000000000086E-002
          94   1.3000000000000086E-002
          95   1.3000000000000086E-002
          96   1.3000000000000086E-002
          97   1.3000000000000086E-002
          98   1.3000000000000086E-002
          99   1.3000000000000086E-002
         100   1.3000000000000086E-002
         101   1.3000000000000086E-002
         102   1.3000000000000086E-002
         103   1.3000000000000086E-002
         104   1.3000000000000086E-002
         105   1.2500000000000089E-002
         106   1.2500000000000089E-002
         107   1.2500000000000089E-002
         108   1.2500000000000089E-002
         109   1.2500000000000089E-002
         110   1.2500000000000089E-002
         111   1.2500000000000089E-002
         112   1.2500000000000089E-002
         113   1.2500000000000089E-002
         114   1.2500000000000089E-002
         115   1.2500000000000089E-002
         116   1.2500000000000089E-002
         117   1.2500000000000089E-002
         118   1.2500000000000089E-002
         119   1.2500000000000089E-002
         120   1.2500000000000089E-002
         121   1.2500000000000089E-002
         122   1.2500000000000089E-002
         123   1.2500000000000089E-002
         124   1.2500000000000089E-002
         125   1.2500000000000089E-002
         126   1.2500000000000089E-002
         127   1.2500000000000089E-002
         128   1.2500000000000089E-002
         129   1.2500000000000089E-002
         130   1.2500000000000089E-002
         131   1.2500000000000089E-002
         132   1.2500000000000089E-002
         133   1.2500000000000089E-002
         134   1.2500000000000089E-002
         135   1.2500000000000089E-002
         136   1.2500000000000089E-002
         137   1.2500000000000089E-002
         138   1.2500000000000089E-002
         139   1.2500000000000089E-002
         140   1.2500000000000089E-002
         141   1.2500000000000089E-002
         142   1.2500000000000089E-002
         143   1.2500000000000089E-002
         144   1.2500000000000089E-002
         145   1.2500000000000089E-002
         146   1.2500000000000089E-002
         147   1.2500000000000089E-002
         148   1.2500000000000089E-002
         149   1.2500000000000089E-002
         150   1.2500000000000089E-002
         151   1.2500000000000089E-002
         152   1.2500000000000089E-002
         153   1.2500000000000089E-002
         154   1.2500000000000089E-002
         155   1.2500000000000089E-002
         156   1.2500000000000089E-002
         157   1.2500000000000089E-002
         158   1.2100000000000071E-002
         159   1.2100000000000071E-002
         160   1.2100000000000071E-002
         161   1.2100000000000071E-002
         162   1.2100000000000071E-002
         163   1.2100000000000071E-002
         164   1.2100000000000071E-002
         165   1.2100000000000071E-002
         166   1.2100000000000071E-002
         167   1.2100000000000071E-002
         168   1.2100000000000071E-002
         169   1.2100000000000071E-002
         170   1.2100000000000071E-002
         171   1.2100000000000071E-002
         172   1.2100000000000071E-002
         173   1.2100000000000071E-002
         174   1.2100000000000071E-002
         175   1.2100000000000071E-002
         176   1.2100000000000071E-002
         177   1.2100000000000071E-002
         178   1.2100000000000071E-002
         179   1.2100000000000071E-002
         180   1.2100000000000071E-002
         181   1.2100000000000071E-002
         182   1.2100000000000071E-002
         183   1.2100000000000071E-002
         184   1.2100000000000071E-002
         185   1.2100000000000071E-002
         186   1.2100000000000071E-002
         187   1.2100000000000071E-002
         188   1.2100000000000071E-002
         189   1.2100000000000071E-002
         190   1.1300000000000051E-002
         191   1.1300000000000051E-002
         192   8.0000000000000140E-003
