           1  0.70569999999999977     
           2  0.49010000000000026     
           3  0.49010000000000026     
           4  0.49010000000000026     
           5  0.42610000000000042     
           6  0.35599999999999998     
           7  0.35599999999999998     
           8  0.24500000000000025     
           9  0.24500000000000025     
          10  0.24500000000000025     
          11  0.24260000000000018     
          12  0.24100000000000021     
          13  0.24100000000000021     
          14  0.24100000000000021     
          15  0.24100000000000021     
          16   6.7400000000000043E-002
          17   6.7400000000000043E-002
          18   6.7400000000000043E-002
          19   4.1000000000000189E-002
          20   4.1000000000000189E-002
          21   4.1000000000000189E-002
          22   3.3800000000000011E-002
          23   3.3800000000000011E-002
          24   3.3800000000000011E-002
          25   3.3800000000000011E-002
          26   3.3800000000000011E-002
          27   1.7000000000000112E-002
          28   1.7000000000000112E-002
          29   1.7000000000000112E-002
          30   1.7000000000000112E-002
          31   1.7000000000000112E-002
          32   1.7000000000000112E-002
          33   1.7000000000000112E-002
          34   1.7000000000000112E-002
          35   1.7000000000000112E-002
          36   1.7000000000000112E-002
          37   1.7000000000000112E-002
          38   1.7000000000000112E-002
          39   1.7000000000000112E-002
          40   1.7000000000000112E-002
          41   1.7000000000000112E-002
          42   1.7000000000000112E-002
          43   1.7000000000000112E-002
          44   1.7000000000000112E-002
          45   1.7000000000000112E-002
          46   1.7000000000000112E-002
          47   1.7000000000000112E-002
          48   1.7000000000000112E-002
          49   1.7000000000000112E-002
          50   1.7000000000000112E-002
          51   1.7000000000000112E-002
          52   1.7000000000000112E-002
          53   1.7000000000000112E-002
          54   1.7000000000000112E-002
          55   1.7000000000000112E-002
          56   1.7000000000000112E-002
          57   1.7000000000000112E-002
          58   1.7000000000000112E-002
          59   1.7000000000000112E-002
          60   1.7000000000000112E-002
          61   1.7000000000000112E-002
          62   1.7000000000000112E-002
          63   1.7000000000000112E-002
          64   1.7000000000000112E-002
          65   1.3000000000000086E-002
          66   1.3000000000000086E-002
          67   1.3000000000000086E-002
          68   1.3000000000000086E-002
          69   1.3000000000000086E-002
          70   1.3000000000000086E-002
          71   1.3000000000000086E-002
          72   1.3000000000000086E-002
          73   1.3000000000000086E-002
          74   1.3000000000000086E-002
          75   1.3000000000000086E-002
          76   1.3000000000000086E-002
          77   1.3000000000000086E-002
          78   1.3000000000000086E-002
          79   1.3000000000000086E-002
          80   1.3000000000000086E-002
          81   1.3000000000000086E-002
          82   1.3000000000000086E-002
          83   1.3000000000000086E-002
          84   1.3000000000000086E-002
          85   1.3000000000000086E-002
          86   1.3000000000000086E-002
          87   1.3000000000000086E-002
          88   1.3000000000000086E-002
          89   1.3000000000000086E-002
          90   1.3000000000000086E-002
          91   1.3000000000000086E-002
          92   1.3000000000000086E-002
          93   1.3000000000000086E-002
          94   1.3000000000000086E-002
          95   1.3000000000000086E-002
          96   1.3000000000000086E-002
          97   1.3000000000000086E-002
          98   1.3000000000000086E-002
          99   1.3000000000000086E-002
         100   1.3000000000000086E-002
         101   1.3000000000000086E-002
         102   1.3000000000000086E-002
         103   1.3000000000000086E-002
         104   1.3000000000000086E-002
         105   1.3000000000000086E-002
         106   1.3000000000000086E-002
         107   1.3000000000000086E-002
         108   1.3000000000000086E-002
         109   1.3000000000000086E-002
         110   1.3000000000000086E-002
         111   1.3000000000000086E-002
         112   1.3000000000000086E-002
         113   1.3000000000000086E-002
         114   1.3000000000000086E-002
         115   1.3000000000000086E-002
         116   1.3000000000000086E-002
         117   1.3000000000000086E-002
         118   1.3000000000000086E-002
         119   1.3000000000000086E-002
         120   1.3000000000000086E-002
         121   1.3000000000000086E-002
         122   1.3000000000000086E-002
         123   1.3000000000000086E-002
         124   1.3000000000000086E-002
         125   1.3000000000000086E-002
         126   1.3000000000000086E-002
         127   1.3000000000000086E-002
         128   1.3000000000000086E-002
         129   1.2200000000000067E-002
         130   1.2200000000000067E-002
         131   1.2200000000000067E-002
         132   1.2200000000000067E-002
         133   1.2200000000000067E-002
         134   1.2200000000000067E-002
         135   1.2200000000000067E-002
         136   1.2200000000000067E-002
         137   1.2200000000000067E-002
         138   1.2200000000000067E-002
         139   1.2200000000000067E-002
         140   1.2200000000000067E-002
         141   1.2200000000000067E-002
         142   1.2200000000000067E-002
         143   1.2100000000000071E-002
         144   1.2100000000000071E-002
         145   1.2100000000000071E-002
         146   1.2100000000000071E-002
         147   1.2100000000000071E-002
         148   1.2100000000000071E-002
         149   1.2100000000000071E-002
         150   1.2100000000000071E-002
         151   1.2100000000000071E-002
         152   1.2100000000000071E-002
         153   1.2100000000000071E-002
         154   1.2100000000000071E-002
         155   1.2100000000000071E-002
         156   1.2100000000000071E-002
         157   1.2100000000000071E-002
         158   1.2100000000000071E-002
         159   1.2100000000000071E-002
         160   1.2100000000000071E-002
         161   1.2100000000000071E-002
         162   1.2100000000000071E-002
         163   1.2100000000000071E-002
         164   1.2100000000000071E-002
         165   1.2100000000000071E-002
         166   1.2100000000000071E-002
         167   1.2100000000000071E-002
         168   1.2100000000000071E-002
         169   1.2100000000000071E-002
         170   1.2100000000000071E-002
         171   1.2100000000000071E-002
         172   1.2100000000000071E-002
         173   1.2100000000000071E-002
         174   1.2100000000000071E-002
         175   1.2100000000000071E-002
         176   1.2100000000000071E-002
         177   1.2100000000000071E-002
         178   1.2100000000000071E-002
         179   1.2100000000000071E-002
         180   1.2100000000000071E-002
         181   1.2100000000000071E-002
         182   1.0599999999999957E-002
         183   1.0599999999999957E-002
         184   1.0599999999999957E-002
         185   1.0599999999999957E-002
         186   1.0599999999999957E-002
         187   1.0599999999999957E-002
         188   1.0599999999999957E-002
         189   1.0599999999999957E-002
         190   1.0599999999999957E-002
         191   1.0599999999999957E-002
         192   1.0599999999999957E-002
         193   1.0599999999999957E-002
         194   1.0599999999999957E-002
         195   1.0599999999999957E-002
         196   1.0599999999999957E-002
         197   1.0599999999999957E-002
         198   1.0599999999999957E-002
         199   1.0599999999999957E-002
         200   1.0599999999999957E-002
         201   1.0599999999999957E-002
         202   1.0599999999999957E-002
         203   8.4999999999999590E-003
